    0.000000000   113.568862905
    1.000000000   113.567949800
    2.000000000   113.480410115
    3.000000000   113.307146038
    4.000000000   113.049847443
    5.000000000   112.710959561
    6.000000000   112.293642500
    7.000000000   111.801719876
    8.000000000   111.239621854
    9.000000000   110.612315031
   10.000000000   109.925223676
   11.000000000   109.184155207
   12.000000000   108.395219094
   13.000000000   107.564738429
   14.000000000   106.699161083
   15.000000000   105.804967457
   16.000000000   104.888580679
   17.000000000   103.956283463
   18.000000000   103.014135072
   19.000000000   102.067890807
   20.000000000   101.122929839
   21.000000000   100.184189513
   22.000000000    99.256108548
   23.000000000    98.342581233
   24.000000000    97.446921398
   25.000000000    96.571837680
   26.000000000    95.719419303
   27.000000000    94.891132669
   28.000000000    94.087831445
   29.000000000    93.309775659
   30.000000000    92.556656768
   31.000000000    91.827633594
   32.000000000    91.121377396
   33.000000000    90.436123977
   34.000000000    89.769729819
   35.000000000    89.119725921
   36.000000000    88.483377461
   37.000000000    87.857750235
   38.000000000    87.239777601
   39.000000000    86.626324960
   40.000000000    86.014252530
   41.000000000    85.400477780
   42.000000000    84.782035503
   43.000000000    84.156137165
   44.000000000    83.520227644
   45.000000000    82.871946115
   46.000000000    82.209093364
   47.000000000    81.529821659
   48.000000000    80.832808430
   49.000000000    80.117291079
   50.000000000    79.383096135
   51.000000000    78.630662547
   52.000000000    77.861056328
   53.000000000    77.075975564
   54.000000000    76.277745251
   55.000000000    75.469210407
   56.000000000    74.651612342
   57.000000000    73.824200898
   58.000000000    72.987123534
   59.000000000    72.143128575
   60.000000000    71.298341875
   61.000000000    70.462722519
   62.000000000    69.649818814
   63.000000000    68.875581301
   64.000000000    68.156290354
   65.000000000    67.506030379
   66.000000000    66.934417851
   67.000000000    66.445303335
   68.000000000    66.036873018
   69.000000000    65.703082846
   70.000000000    65.435894476
   71.000000000    65.227569495
   72.000000000    65.072377621
   73.000000000    64.967392947
   74.000000000    64.912418293
   75.000000000    64.909335042
   76.000000000    64.961260059
   77.000000000    65.069946322
   78.000000000    65.233690617
   79.000000000    65.448857439
   80.000000000    65.711340749
   81.000000000    66.016647211
   82.000000000    66.359981997
   83.000000000    66.736337370
   84.000000000    67.140580086
   85.000000000    67.567518877
   86.000000000    68.011817941
   87.000000000    68.468004704
   88.000000000    68.930664561
   89.000000000    69.394538600
   90.000000000    69.854577417
   91.000000000    70.305987347
   92.000000000    70.744268715
   93.000000000    71.165246049
   94.000000000    71.565100414
   95.000000000    71.940393918
   96.000000000    72.288082120
   97.000000000    72.605525524
   98.000000000    72.890496463
   99.000000000    73.141182972
  100.000000000    73.356189265
  101.000000000    73.534532701
  102.000000000    73.675637055
  103.000000000    73.779324455
  104.000000000    73.845804930
  105.000000000    73.875661021
  106.000000000    73.869831560
  107.000000000    73.829593061
  108.000000000    73.756536234
  109.000000000    73.652540403
  110.000000000    73.519747799
  111.000000000    73.360533674
  112.000000000    73.177472083
  113.000000000    72.973304408
  114.000000000    72.750893682
  115.000000000    72.513178662
  116.000000000    72.263137094
  117.000000000    72.003740010
  118.000000000    71.737900564
  119.000000000    71.468423665
  120.000000000    71.197962959
  121.000000000    70.928970982
  122.000000000    70.663647303
  123.000000000    70.403896460
  124.000000000    70.151290738
  125.000000000    69.907035296
  126.000000000    69.671936947
  127.000000000    69.446383154
  128.000000000    69.230330665
  129.000000000    69.023300111
  130.000000000    68.824380336
  131.000000000    68.632244202
  132.000000000    68.445174470
  133.000000000    68.261099397
  134.000000000    68.077636364
  135.000000000    67.892145318
  136.000000000    67.701788587
  137.000000000    67.503596252
  138.000000000    67.294538348
  139.000000000    67.071598986
  140.000000000    66.831850457
  141.000000000    66.572526848
  142.000000000    66.291100444
  143.000000000    65.985352621
  144.000000000    65.653435620
  145.000000000    65.293930017
  146.000000000    64.905895023
  147.000000000    64.488907982
  148.000000000    64.043092776
  149.000000000    63.569137424
  150.000000000    63.068298441
  151.000000000    62.542392155
  152.000000000    61.993772482
  153.000000000    61.425295272
  154.000000000    60.840269748
  155.000000000    60.242398138
  156.000000000    59.635704502
  157.000000000    59.024454738
  158.000000000    58.413070403
  159.000000000    57.806039138
  160.000000000    57.207823937
  161.000000000    56.622774037
  162.000000000    56.055041937
  163.000000000    55.508508967
  164.000000000    54.986722456
  165.000000000    54.492845461
  166.000000000    54.029619365
  167.000000000    53.599341420
  168.000000000    53.203860241
  169.000000000    52.844585189
  170.000000000    52.522505004
  171.000000000    52.238218513
  172.000000000    51.991974591
  173.000000000    51.783717510
  174.000000000    51.613135526
  175.000000000    51.479710268
  176.000000000    51.382764700
  177.000000000    51.321507523
  178.000000000    51.295072573
  179.000000000    51.302552329
  180.000000000    51.343025454
  181.000000000    51.415575334
  182.000000000    51.519301693
  183.000000000    51.653328250
  184.000000000    51.816803589
  185.000000000    52.008896688
  186.000000000    52.228788718
  187.000000000    52.475660871
  188.000000000    52.748681125
  189.000000000    53.046989315
  190.000000000    53.369681699
  191.000000000    53.715797308
  192.000000000    54.084305067
  193.000000000    54.474092907
  194.000000000    54.883959403
  195.000000000    55.312607463
  196.000000000    55.758640503
  197.000000000    56.220565383
  198.000000000    56.696797226
  199.000000000    57.185664988
  200.000000000    57.685420748
  201.000000000    58.194251296
  202.000000000    58.710292826
  203.000000000    59.231647593
  204.000000000    59.756401853
  205.000000000    60.282645105
  206.000000000    60.808489786
  207.000000000    61.332090598
  208.000000000    61.851663538
  209.000000000    62.365504904
  210.000000000    62.872009614
  211.000000000    63.369688215
  212.000000000    63.857179434
  213.000000000    64.333260266
  214.000000000    64.796856463
  215.000000000    65.247049615
  216.000000000    65.683081491
  217.000000000    66.104354447
  218.000000000    66.510428258
  219.000000000    66.901013874
  220.000000000    67.275963948
  221.000000000    67.635261248
  222.000000000    67.979004035
  223.000000000    68.307387973
  224.000000000    68.620686188
  225.000000000    68.919227510
  226.000000000    69.203371461
  227.000000000    69.473485796
  228.000000000    69.729923247
  229.000000000    69.973001491
  230.000000000    70.202987009
  231.000000000    70.420078631
  232.000000000    70.624310877
  233.000000000    70.815403131
  234.000000000    70.993010367
  235.000000000    71.157008952
  236.000000000    71.307468322
  237.000000000    71.444594992
  238.000000000    71.568664905
  239.000000000    71.679946884
  240.000000000    71.778626784
  241.000000000    71.864745845
  242.000000000    71.938165447
  243.000000000    71.998569609
  244.000000000    72.045505369
  245.000000000    72.078453206
  246.000000000    72.096916455
  247.000000000    72.100510493
  248.000000000    72.089037792
  249.000000000    72.062540331
  250.000000000    72.021321766
  251.000000000    71.965942020
  252.000000000    71.897104706
  253.000000000    71.815324241
  254.000000000    71.720831330
  255.000000000    71.613720087
  256.000000000    71.493935375
  257.000000000    71.361257988
  258.000000000    71.215301034
  259.000000000    71.055517570
  260.000000000    70.881219420
  261.000000000    70.691606387
  262.000000000    70.485805556
  263.000000000    70.262918632
  264.000000000    70.022074118
  265.000000000    69.762483361
  266.000000000    69.483497219
  267.000000000    69.184659846
  268.000000000    68.865758494
  269.000000000    68.526868283
  270.000000000    68.168386268
  271.000000000    67.791056029
  272.000000000    67.395985208
  273.000000000    66.984653645
  274.000000000    66.558910389
  275.000000000    66.120959903
  276.000000000    65.673339684
  277.000000000    65.218889742
  278.000000000    64.760716436
  279.000000000    64.302149548
  280.000000000    63.846693864
  281.000000000    63.397977625
  282.000000000    62.959698422
  283.000000000    62.535567383
  284.000000000    62.129254326
  285.000000000    61.744336054
  286.000000000    61.384239799
  287.000000000    61.052188684
  288.000000000    60.751156538
  289.000000000    60.483824457
  290.000000000    60.252541148
  291.000000000    60.059288269
  292.000000000    59.905652386
  293.000000000    59.792801567
  294.000000000    59.721467574
  295.000000000    59.691936034
  296.000000000    59.704037358
  297.000000000    59.757149348
  298.000000000    59.850214308
  299.000000000    59.981752552
  300.000000000    60.149878361
  301.000000000    60.352325103
  302.000000000    60.586475532
  303.000000000    60.849396548
  304.000000000    61.137877608
  305.000000000    61.448472239
  306.000000000    61.777541481
  307.000000000    62.121300571
  308.000000000    62.475869979
  309.000000000    62.837325768
  310.000000000    63.201746573
  311.000000000    63.565261548
  312.000000000    63.924099232
  313.000000000    64.274634644
  314.000000000    64.613434230
  315.000000000    64.937298741
  316.000000000    65.243303742
  317.000000000    65.528835699
  318.000000000    65.791626836
  319.000000000    66.029787283
  320.000000000    66.241831987
  321.000000000    66.426701974
  322.000000000    66.583783243
  323.000000000    66.712919194
  324.000000000    66.814417708
  325.000000000    66.889055820
  326.000000000    66.938076232
  327.000000000    66.963177895
  328.000000000    66.966499780
  329.000000000    66.950598438
  330.000000000    66.918416725
  331.000000000    66.873243761
  332.000000000    66.818671155
  333.000000000    66.758536493
  334.000000000    66.696858513
  335.000000000    66.637769558
  336.000000000    66.585438629
  337.000000000    66.543988316
  338.000000000    66.517408157
  339.000000000    66.509465278
  340.000000000    66.523615856
  341.000000000    66.562913743
  342.000000000    66.629919870
  343.000000000    66.726624194
  344.000000000    66.854378498
  345.000000000    67.013839088
  346.000000000    67.204923697
  347.000000000    67.426785606
  348.000000000    67.677807324
  349.000000000    67.955614324
  350.000000000    68.257107658
  351.000000000    68.578515393
  352.000000000    68.915462924
  353.000000000    69.263059010
  354.000000000    69.615997746
  355.000000000    69.968671618
  356.000000000    70.315287839
  357.000000000    70.649987609
  358.000000000    70.966967038
  359.000000000    71.260594668
  360.000000000    71.525519530
  361.000000000    71.756771004
  362.000000000    71.949848710
  363.000000000    72.100798893
  364.000000000    72.206276956
  365.000000000    72.263596641
  366.000000000    72.270766637
  367.000000000    72.226505818
  368.000000000    72.130246165
  369.000000000    71.982129837
  370.000000000    71.782992125
  371.000000000    71.534334149
  372.000000000    71.238283626
  373.000000000    70.897548856
  374.000000000    70.515368026
  375.000000000    70.095451172
  376.000000000    69.641880265
  377.000000000    69.157562323
  378.000000000    68.643377171
  379.000000000    68.099735268
  380.000000000    67.527867134
  381.000000000    66.930682826
  382.000000000    66.313720421
  383.000000000    65.685858846
  384.000000000    65.059409393
  385.000000000    64.449290072
  386.000000000    63.871244391
  387.000000000    63.339436819
  388.000000000    62.864085622
  389.000000000    62.449902511
  390.000000000    62.095868093
  391.000000000    61.796407301
  392.000000000    61.543541438
  393.000000000    61.329274951
  394.000000000    61.147502181
  395.000000000    60.995006806
  396.000000000    60.871503304
  397.000000000    60.778970572
  398.000000000    60.720654014
  399.000000000    60.700086476
  400.000000000    60.720088282
  401.000000000    60.780870877
  402.000000000    60.880162329
  403.000000000    61.014922221
  404.000000000    61.181642286
  405.000000000    61.376392165
  406.000000000    61.594870990
  407.000000000    61.832464848
  408.000000000    62.084312163
  409.000000000    62.345374485
  410.000000000    62.610510593
  411.000000000    62.874555266
  412.000000000    63.132401448
  413.000000000    63.379084481
  414.000000000    63.609867810
  415.000000000    63.820327734
  416.000000000    64.006436291
  417.000000000    64.164641672
  418.000000000    64.291943245
  419.000000000    64.385959250
  420.000000000    64.444985844
  421.000000000    64.468046433
  422.000000000    64.454929585
  423.000000000    64.406212996
  424.000000000    64.323272483
  425.000000000    64.208275178
  426.000000000    64.064052515
  427.000000000    63.894007547
  428.000000000    63.702222934
  429.000000000    63.493502492
  430.000000000    63.273282495
  431.000000000    63.047521762
  432.000000000    62.822565119
  433.000000000    62.604981031
  434.000000000    62.401377699
  435.000000000    62.218204734
  436.000000000    62.061551638
  437.000000000    61.936957248
  438.000000000    61.849243833
  439.000000000    61.802387441
  440.000000000    61.799431609
  441.000000000    61.842446553
  442.000000000    61.932530267
  443.000000000    62.069843883
  444.000000000    62.253672088
  445.000000000    62.482498379
  446.000000000    62.754086905
  447.000000000    63.065567610
  448.000000000    63.413524882
  449.000000000    63.794082020
  450.000000000    64.202979916
  451.000000000    64.635508924
  452.000000000    65.086511291
  453.000000000    65.550606549
  454.000000000    66.022349953
  455.000000000    66.496331814
  456.000000000    66.967270977
  457.000000000    67.430099969
  458.000000000    67.880042270
  459.000000000    68.312678681
  460.000000000    68.724000668
  461.000000000    69.110453310
  462.000000000    69.468969203
  463.000000000    69.796991301
  464.000000000    70.092486480
  465.000000000    70.353949492
  466.000000000    70.580398685
  467.000000000    70.771364648
  468.000000000    70.926872047
  469.000000000    71.047415991
  470.000000000    71.133933521
  471.000000000    71.187771389
  472.000000000    71.210650257
  473.000000000    71.204625966
  474.000000000    71.172049341
  475.000000000    71.115524315
  476.000000000    71.037865697
  477.000000000    70.942055836
  478.000000000    70.831200206
  479.000000000    70.708484354
  480.000000000    70.577131435
  481.000000000    70.440361074
  482.000000000    70.301349798
  483.000000000    70.163193143
  484.000000000    70.028865830
  485.000000000    69.901185032
  486.000000000    69.782779316
  487.000000000    69.676058028
  488.000000000    69.583183080
  489.000000000    69.506044177
  490.000000000    69.446236363
  491.000000000    69.405040518
  492.000000000    69.383408381
  493.000000000    69.381950741
  494.000000000    69.400930361
  495.000000000    69.440259171
  496.000000000    69.499499863
  497.000000000    69.577872803
  498.000000000    69.674266691
  499.000000000    69.787254096
