    0.000000000     1.542856866
    1.000000000     1.531941245
    2.000000000     1.520554599
    3.000000000     1.508746048
    4.000000000     1.496552306
    5.000000000     1.484019970
    6.000000000     1.471195072
    7.000000000     1.458122669
    8.000000000     1.444886867
    9.000000000     1.431492044
   10.000000000     1.417979209
   11.000000000     1.404388330
   12.000000000     1.390758561
   13.000000000     1.377128870
   14.000000000     1.363542874
   15.000000000     1.350029616
   16.000000000     1.336621620
   17.000000000     1.323349535
   18.000000000     1.310243420
   19.000000000     1.297333092
   20.000000000     1.284654902
   21.000000000     1.272221694
   22.000000000     1.260059467
   23.000000000     1.248191159
   24.000000000     1.236634520
   25.000000000     1.225409024
   26.000000000     1.214532651
   27.000000000     1.204019001
   28.000000000     1.193892014
   29.000000000     1.184167379
   30.000000000     1.174845929
   31.000000000     1.165928698
   32.000000000     1.157421240
   33.000000000     1.149336168
   34.000000000     1.141673727
   35.000000000     1.134427349
   36.000000000     1.127597707
   37.000000000     1.121182488
   38.000000000     1.115169952
   39.000000000     1.109550280
   40.000000000     1.104316445
   41.000000000     1.099453465
   42.000000000     1.094943935
   43.000000000     1.090775662
   44.000000000     1.086923169
   45.000000000     1.083462113
   46.000000000     1.080476699
   47.000000000     1.077919661
   48.000000000     1.075738410
   49.000000000     1.073876559
   50.000000000     1.072276414
   51.000000000     1.070878240
   52.000000000     1.069620477
   53.000000000     1.068440004
   54.000000000     1.067272487
   55.000000000     1.066109469
   56.000000000     1.066233896
   57.000000000     1.068048853
   58.000000000     1.071295639
   59.000000000     1.075582936
   60.000000000     1.080370821
   61.000000000     1.085005629
   62.000000000     1.088736989
   63.000000000     1.090793453
   64.000000000     1.090477945
   65.000000000     1.087260614
   66.000000000     1.080855156
   67.000000000     1.071259202
   68.000000000     1.058756093
   69.000000000     1.043862752
   70.000000000     1.027252601
   71.000000000     1.009659897
   72.000000000     0.991789013
   73.000000000     0.974250743
   74.000000000     0.957533136
   75.000000000     0.941998466
   76.000000000     0.927898528
   77.000000000     0.914208458
   78.000000000     0.900074806
   79.000000000     0.885552751
   80.000000000     0.870700582
   81.000000000     0.855582979
   82.000000000     0.840268443
   83.000000000     0.824813796
   84.000000000     0.809288226
   85.000000000     0.793732082
   86.000000000     0.778046779
   87.000000000     0.762239393
   88.000000000     0.746356699
   89.000000000     0.730436924
   90.000000000     0.714523948
   91.000000000     0.698659795
   92.000000000     0.682896529
   93.000000000     0.667288920
   94.000000000     0.651841092
   95.000000000     0.636587558
   96.000000000     0.621564630
   97.000000000     0.606799558
   98.000000000     0.592319957
   99.000000000     0.578152536
  100.000000000     0.564322067
  101.000000000     0.550851618
  102.000000000     0.537770017
  103.000000000     0.525092614
  104.000000000     0.512835472
  105.000000000     0.501016507
  106.000000000     0.489650176
  107.000000000     0.478749782
  108.000000000     0.468330598
  109.000000000     0.458406127
  110.000000000     0.448978944
  111.000000000     0.440057410
  112.000000000     0.431653113
  113.000000000     0.423796602
  114.000000000     0.416467567
  115.000000000     0.409670103
  116.000000000     0.403403394
  117.000000000     0.397667219
  118.000000000     0.392473926
  119.000000000     0.387838618
  120.000000000     0.383739122
  121.000000000     0.380173389
  122.000000000     0.377142863
  123.000000000     0.374649127
  124.000000000     0.372683749
  125.000000000     0.371240555
  126.000000000     0.370322446
  127.000000000     0.369916107
  128.000000000     0.370017159
  129.000000000     0.370611242
  130.000000000     0.371688749
  131.000000000     0.373238845
  132.000000000     0.375255061
  133.000000000     0.377725593
  134.000000000     0.380628383
  135.000000000     0.383948899
  136.000000000     0.387666288
  137.000000000     0.391761765
  138.000000000     0.396214171
  139.000000000     0.401033786
  140.000000000     0.406170220
  141.000000000     0.411596102
  142.000000000     0.417271221
  143.000000000     0.423165746
  144.000000000     0.429250970
  145.000000000     0.435500562
  146.000000000     0.441870175
  147.000000000     0.448314465
  148.000000000     0.454794211
  149.000000000     0.461268133
  150.000000000     0.467695935
  151.000000000     0.474033908
  152.000000000     0.480237990
  153.000000000     0.486265550
  154.000000000     0.492074738
  155.000000000     0.497624463
  156.000000000     0.502876845
  157.000000000     0.507795787
  158.000000000     0.512347952
  159.000000000     0.516506262
  160.000000000     0.520253315
  161.000000000     0.523558821
  162.000000000     0.526408630
  163.000000000     0.528791821
  164.000000000     0.530705619
  165.000000000     0.532153105
  166.000000000     0.533147321
  167.000000000     0.533717473
  168.000000000     0.533866521
  169.000000000     0.533616472
  170.000000000     0.532996695
  171.000000000     0.532040955
  172.000000000     0.530786274
  173.000000000     0.529272327
  174.000000000     0.527544103
  175.000000000     0.525644307
  176.000000000     0.523614983
  177.000000000     0.521500275
  178.000000000     0.519343886
  179.000000000     0.517188950
  180.000000000     0.515079205
  181.000000000     0.513058856
  182.000000000     0.511165631
  183.000000000     0.509430066
  184.000000000     0.507884950
  185.000000000     0.506558223
  186.000000000     0.505479525
  187.000000000     0.504674997
  188.000000000     0.504165526
  189.000000000     0.503968077
  190.000000000     0.504099237
  191.000000000     0.504571821
  192.000000000     0.505397143
  193.000000000     0.506585340
  194.000000000     0.508156145
  195.000000000     0.510098545
  196.000000000     0.512427635
  197.000000000     0.515128853
  198.000000000     0.518198263
  199.000000000     0.521631174
  200.000000000     0.525420242
  201.000000000     0.529558048
  202.000000000     0.534035508
  203.000000000     0.538841930
  204.000000000     0.543965756
  205.000000000     0.549396590
  206.000000000     0.555119060
  207.000000000     0.561119192
  208.000000000     0.567381673
  209.000000000     0.573891155
  210.000000000     0.580632864
  211.000000000     0.587593164
  212.000000000     0.594754187
  213.000000000     0.602096733
  214.000000000     0.609603897
  215.000000000     0.617257659
  216.000000000     0.625043391
  217.000000000     0.632939243
  218.000000000     0.640930035
  219.000000000     0.648995455
  220.000000000     0.657115485
  221.000000000     0.665268455
  222.000000000     0.673434982
  223.000000000     0.681598784
  224.000000000     0.689751214
  225.000000000     0.697873058
  226.000000000     0.705926491
  227.000000000     0.713884971
  228.000000000     0.721740919
  229.000000000     0.729454848
  230.000000000     0.737001125
  231.000000000     0.744355378
  232.000000000     0.752101004
  233.000000000     0.761545807
  234.000000000     0.772218979
  235.000000000     0.783556462
  236.000000000     0.794987773
  237.000000000     0.805972696
  238.000000000     0.816006380
  239.000000000     0.824654108
  240.000000000     0.831585008
  241.000000000     0.836573280
  242.000000000     0.839514915
  243.000000000     0.840448244
  244.000000000     0.839537735
  245.000000000     0.837057937
  246.000000000     0.833365632
  247.000000000     0.828877721
  248.000000000     0.824038472
  249.000000000     0.819295314
  250.000000000     0.815082318
  251.000000000     0.811811602
  252.000000000     0.809296282
  253.000000000     0.806196366
  254.000000000     0.802436130
  255.000000000     0.798021565
  256.000000000     0.792963892
  257.000000000     0.787279765
  258.000000000     0.780990986
  259.000000000     0.774124492
  260.000000000     0.766713584
  261.000000000     0.758793275
  262.000000000     0.750401062
  263.000000000     0.741580522
  264.000000000     0.732380373
  265.000000000     0.722849388
  266.000000000     0.713039383
  267.000000000     0.703004171
  268.000000000     0.692798220
  269.000000000     0.682493003
  270.000000000     0.672132897
  271.000000000     0.661789486
  272.000000000     0.651511015
  273.000000000     0.641340047
  274.000000000     0.631329834
  275.000000000     0.621526724
  276.000000000     0.611984993
  277.000000000     0.602752766
  278.000000000     0.593869864
  279.000000000     0.585378949
  280.000000000     0.577320145
  281.000000000     0.569731331
  282.000000000     0.562648213
  283.000000000     0.556108029
  284.000000000     0.550135875
  285.000000000     0.544784443
  286.000000000     0.540058859
  287.000000000     0.535977630
  288.000000000     0.532557315
  289.000000000     0.529817488
  290.000000000     0.527772922
  291.000000000     0.526437606
  292.000000000     0.525822660
  293.000000000     0.525928654
  294.000000000     0.526759557
  295.000000000     0.528318281
  296.000000000     0.530625622
  297.000000000     0.533679043
  298.000000000     0.537448173
  299.000000000     0.541921552
  300.000000000     0.547088981
  301.000000000     0.552937336
  302.000000000     0.559451442
  303.000000000     0.566614315
  304.000000000     0.574406217
  305.000000000     0.582806375
  306.000000000     0.591795145
  307.000000000     0.601350884
  308.000000000     0.611447381
  309.000000000     0.622058754
  310.000000000     0.633145095
  311.000000000     0.644673439
  312.000000000     0.656610113
  313.000000000     0.668919465
  314.000000000     0.681569131
  315.000000000     0.694518812
  316.000000000     0.707726216
  317.000000000     0.721150176
  318.000000000     0.734747818
  319.000000000     0.748474986
  320.000000000     0.762286692
  321.000000000     0.776137026
  322.000000000     0.789988121
  323.000000000     0.803780813
  324.000000000     0.817464023
  325.000000000     0.830987207
  326.000000000     0.844299904
  327.000000000     0.857350801
  328.000000000     0.870087192
  329.000000000     0.882467328
  330.000000000     0.894434032
  331.000000000     0.905927477
  332.000000000     0.916899381
  333.000000000     0.927293134
  334.000000000     0.937056163
  335.000000000     0.946138339
  336.000000000     0.954488889
  337.000000000     0.962056066
  338.000000000     0.968814676
  339.000000000     0.974706944
  340.000000000     0.979706346
  341.000000000     0.983774368
  342.000000000     0.986865658
  343.000000000     0.988957798
  344.000000000     0.990020556
  345.000000000     0.990035178
  346.000000000     0.988989096
  347.000000000     0.986882177
  348.000000000     0.983708183
  349.000000000     0.979469915
  350.000000000     0.974178415
  351.000000000     0.967871459
  352.000000000     0.960582206
  353.000000000     0.952327449
  354.000000000     0.943128451
  355.000000000     0.933017595
  356.000000000     0.922036465
  357.000000000     0.910231936
  358.000000000     0.897656347
  359.000000000     0.884365085
  360.000000000     0.870409302
  361.000000000     0.855844896
  362.000000000     0.840728552
  363.000000000     0.825122889
  364.000000000     0.809089864
  365.000000000     0.792697816
  366.000000000     0.776020579
  367.000000000     0.759103902
  368.000000000     0.742009336
  369.000000000     0.724799042
  370.000000000     0.707535001
  371.000000000     0.690291980
  372.000000000     0.673116339
  373.000000000     0.656065621
  374.000000000     0.639203830
  375.000000000     0.622587762
  376.000000000     0.606309691
  377.000000000     0.591780268
  378.000000000     0.579772061
  379.000000000     0.570315408
  380.000000000     0.563313244
  381.000000000     0.558478402
  382.000000000     0.555326287
  383.000000000     0.553176770
  384.000000000     0.551186556
  385.000000000     0.548446669
  386.000000000     0.544092519
  387.000000000     0.537440428
  388.000000000     0.528098162
  389.000000000     0.516021638
  390.000000000     0.501538983
  391.000000000     0.485295562
  392.000000000     0.468157871
  393.000000000     0.451084203
  394.000000000     0.434997244
  395.000000000     0.420690415
  396.000000000     0.408769354
  397.000000000     0.399636895
  398.000000000     0.393505878
  399.000000000     0.390436996
  400.000000000     0.390133265
  401.000000000     0.391009875
  402.000000000     0.392814204
  403.000000000     0.395521450
  404.000000000     0.399135151
  405.000000000     0.403611153
  406.000000000     0.408932119
  407.000000000     0.415071204
  408.000000000     0.421990066
  409.000000000     0.429655426
  410.000000000     0.438029435
  411.000000000     0.447072000
  412.000000000     0.456738740
  413.000000000     0.466983339
  414.000000000     0.477756902
  415.000000000     0.489006658
  416.000000000     0.500677500
  417.000000000     0.512713766
  418.000000000     0.525056078
  419.000000000     0.537642860
  420.000000000     0.550411480
  421.000000000     0.563295903
  422.000000000     0.576228224
  423.000000000     0.589140728
  424.000000000     0.601963906
  425.000000000     0.614629290
  426.000000000     0.627883157
  427.000000000     0.642249328
  428.000000000     0.657427314
  429.000000000     0.673099529
  430.000000000     0.688922062
  431.000000000     0.704514728
  432.000000000     0.719476250
  433.000000000     0.733406660
  434.000000000     0.745921928
  435.000000000     0.756677541
  436.000000000     0.765389280
  437.000000000     0.771846360
  438.000000000     0.775930414
  439.000000000     0.777621435
  440.000000000     0.776995941
  441.000000000     0.774210406
  442.000000000     0.769493149
  443.000000000     0.763128535
  444.000000000     0.755435852
  445.000000000     0.746744780
  446.000000000     0.737373497
  447.000000000     0.727631928
  448.000000000     0.717814323
  449.000000000     0.708151780
  450.000000000     0.698804746
  451.000000000     0.688784539
  452.000000000     0.677748347
  453.000000000     0.665731156
  454.000000000     0.652765719
  455.000000000     0.638889769
  456.000000000     0.624149386
  457.000000000     0.608592091
  458.000000000     0.592259906
  459.000000000     0.575205011
  460.000000000     0.557473235
  461.000000000     0.539116310
  462.000000000     0.520186275
  463.000000000     0.500741353
  464.000000000     0.480832350
  465.000000000     0.460516679
  466.000000000     0.439848166
  467.000000000     0.418880855
  468.000000000     0.397671655
  469.000000000     0.376275623
  470.000000000     0.354748625
  471.000000000     0.333146027
  472.000000000     0.311522681
  473.000000000     0.289933224
  474.000000000     0.268431129
  475.000000000     0.247070246
  476.000000000     0.225904890
  477.000000000     0.204987365
  478.000000000     0.184367652
  479.000000000     0.164093292
  480.000000000     0.144212991
  481.000000000     0.124774839
  482.000000000     0.105821419
  483.000000000     0.087397190
  484.000000000     0.069546500
  485.000000000     0.052302180
  486.000000000     0.035701995
  487.000000000     0.019780959
  488.000000000     0.004569194
  489.000000000    -0.009899806
  490.000000000    -0.023598129
  491.000000000    -0.036497389
  492.000000000    -0.048588156
  493.000000000    -0.059837154
  494.000000000    -0.070220810
  495.000000000    -0.079741950
  496.000000000    -0.088395573
  497.000000000    -0.096175568
  498.000000000    -0.103079834
  499.000000000    -0.109106919
