    0.000000000    13.739188351
    1.000000000    13.739188351
    2.000000000    13.739188351
    3.000000000    13.739188351
    4.000000000    13.739188351
    5.000000000    13.739188351
    6.000000000    13.739188351
    7.000000000    13.739188351
    8.000000000    13.739188351
    9.000000000    13.739188351
   10.000000000    13.739188351
   11.000000000    13.739188351
   12.000000000    13.739188351
   13.000000000    13.739188351
   14.000000000    13.739188351
   15.000000000    13.739188351
   16.000000000    13.739188351
   17.000000000    13.739188351
   18.000000000    13.739188351
   19.000000000    13.739188351
   20.000000000    13.739188351
   21.000000000    13.739188351
   22.000000000    13.739188351
   23.000000000    13.739188351
   24.000000000    13.739188351
   25.000000000    13.739188351
   26.000000000    13.739188351
   27.000000000    13.739188351
   28.000000000    13.739188351
   29.000000000    13.739188351
   30.000000000    13.739188351
   31.000000000    13.739188351
   32.000000000    13.739188351
   33.000000000    13.739188351
   34.000000000    13.739188351
   35.000000000    13.739188351
   36.000000000    13.739188351
   37.000000000    13.739188351
   38.000000000    13.739188351
   39.000000000    13.739188351
   40.000000000    13.739188351
   41.000000000    13.739188351
   42.000000000    13.739188351
   43.000000000    13.739188351
   44.000000000    13.739188351
   45.000000000    13.739188351
   46.000000000    13.739188351
   47.000000000    13.739188351
   48.000000000    13.739188351
   49.000000000    13.739188351
   50.000000000    13.739188351
   51.000000000    13.739188351
   52.000000000    13.739188351
   53.000000000    13.739188351
   54.000000000    13.739188351
   55.000000000    13.739188351
   56.000000000    13.739188351
   57.000000000    13.739188351
   58.000000000    13.739188351
   59.000000000    13.739188351
   60.000000000    13.739188351
   61.000000000    13.739188351
   62.000000000    13.739188351
   63.000000000    13.739188351
   64.000000000    13.739188351
   65.000000000    13.739188351
   66.000000000    13.739188351
   67.000000000    13.739188351
   68.000000000    13.739188351
   69.000000000    13.739188351
   70.000000000    13.739188351
   71.000000000    13.739188351
   72.000000000    13.739188351
   73.000000000    13.739188351
   74.000000000    13.739188351
   75.000000000    13.739188351
   76.000000000    13.739188351
   77.000000000    13.739188351
   78.000000000    13.739188351
   79.000000000    13.739188351
   80.000000000    13.739188351
   81.000000000    13.739188351
   82.000000000    13.739188351
   83.000000000    13.739188351
   84.000000000    13.739188351
   85.000000000    13.739188351
   86.000000000    13.739188351
   87.000000000    13.739188351
   88.000000000    13.739188351
   89.000000000    13.739188351
   90.000000000    13.739188351
   91.000000000    13.739188351
   92.000000000    13.739188351
   93.000000000    13.739188351
   94.000000000    13.739188351
   95.000000000    13.739188351
   96.000000000    13.739188351
   97.000000000    13.739188351
   98.000000000    13.739188351
   99.000000000    13.739188351
  100.000000000    13.739188351
  101.000000000    13.739188351
  102.000000000    13.739188351
  103.000000000    13.739188351
  104.000000000    13.739188351
  105.000000000    13.739188351
  106.000000000    13.739188351
  107.000000000    13.739188351
  108.000000000    13.739188351
  109.000000000    13.739188351
  110.000000000    13.739188351
  111.000000000    13.739188351
  112.000000000    13.739188351
  113.000000000    13.739188351
  114.000000000    13.739188351
  115.000000000    13.739188351
  116.000000000    13.739188351
  117.000000000    13.739188351
  118.000000000    13.739188351
  119.000000000    13.739188351
  120.000000000    13.739188351
  121.000000000    13.739188351
  122.000000000    13.739188351
  123.000000000    13.739188351
  124.000000000    13.739188351
  125.000000000    13.739188351
  126.000000000    13.739188351
  127.000000000    13.739188351
  128.000000000    13.739188351
  129.000000000    13.739188351
  130.000000000    13.739188351
  131.000000000    13.739188351
  132.000000000    13.739188351
  133.000000000    13.739188351
  134.000000000    13.739188351
  135.000000000    13.739188351
  136.000000000    13.739188351
  137.000000000    13.739188351
  138.000000000    13.739188351
  139.000000000    13.739188351
  140.000000000    13.739188351
  141.000000000    13.739188351
  142.000000000    13.739188351
  143.000000000    13.739188351
  144.000000000    13.739188351
  145.000000000    13.739188351
  146.000000000    13.739188351
  147.000000000    13.739188351
  148.000000000    13.739188351
  149.000000000    13.739188351
  150.000000000    13.739188351
  151.000000000    13.739188351
  152.000000000    13.739188351
  153.000000000    13.739188351
  154.000000000    13.739188351
  155.000000000    13.739188351
  156.000000000    13.739188351
  157.000000000    13.739188351
  158.000000000    13.739188351
  159.000000000    13.739188351
  160.000000000    13.739188351
  161.000000000    13.739188351
  162.000000000    13.739188351
  163.000000000    13.739188351
  164.000000000    13.739188351
  165.000000000    13.739188351
  166.000000000    13.739188351
  167.000000000    13.739188351
  168.000000000    13.739188351
  169.000000000    13.739188351
  170.000000000    13.739188351
  171.000000000    13.739188351
  172.000000000    13.739188351
  173.000000000    13.739188351
  174.000000000    13.739188351
  175.000000000    13.739188351
  176.000000000    13.739188351
  177.000000000    13.739188351
  178.000000000    13.739188351
  179.000000000    13.739188351
  180.000000000    13.739188351
  181.000000000    13.739188351
  182.000000000    13.739188351
  183.000000000    13.739188351
  184.000000000    13.739188351
  185.000000000    13.739188351
  186.000000000    13.739188351
  187.000000000    13.739188351
  188.000000000    13.739188351
  189.000000000    13.739188351
  190.000000000    13.739188351
  191.000000000    13.739188351
  192.000000000    13.739188351
  193.000000000    13.739188351
  194.000000000    13.739188351
  195.000000000    13.739188351
  196.000000000    13.739188351
  197.000000000    13.739188351
  198.000000000    13.739188351
  199.000000000    13.739188351
  200.000000000    13.739188351
  201.000000000    13.739188351
  202.000000000    13.739188351
  203.000000000    13.739188351
  204.000000000    13.739188351
  205.000000000    13.739188351
  206.000000000    13.739188351
  207.000000000    13.739188351
  208.000000000    13.739188351
  209.000000000    13.739188351
  210.000000000    13.739188351
  211.000000000    13.739188351
  212.000000000    13.739188351
  213.000000000    13.739188351
  214.000000000    13.739188351
  215.000000000    13.739188351
  216.000000000    13.739188351
  217.000000000    13.739188351
  218.000000000    13.739188351
  219.000000000    13.739188351
  220.000000000    13.739188351
  221.000000000    13.739188351
  222.000000000    13.739188351
  223.000000000    13.739188351
  224.000000000    13.739188351
  225.000000000    13.739188351
  226.000000000    13.739188351
  227.000000000    13.739188351
  228.000000000    13.739188351
  229.000000000    13.739188351
  230.000000000    13.739188351
  231.000000000    13.739188351
  232.000000000    13.739188351
  233.000000000    13.739188351
  234.000000000    13.739188351
  235.000000000    13.739188351
  236.000000000    13.739188351
  237.000000000    13.739188351
  238.000000000    13.739188351
  239.000000000    13.739188351
  240.000000000    13.739188351
  241.000000000    13.739188351
  242.000000000    13.739188351
  243.000000000    13.739188351
  244.000000000    13.739188351
  245.000000000    13.739188351
  246.000000000    13.739188351
  247.000000000    13.739188351
  248.000000000    13.739188351
  249.000000000    13.739188351
  250.000000000    13.739188351
  251.000000000    13.739188351
  252.000000000    13.739188351
  253.000000000    13.739188351
  254.000000000    13.739188351
  255.000000000    13.739188351
  256.000000000    13.739188351
  257.000000000    13.739188351
  258.000000000    13.739188351
  259.000000000    13.739188351
  260.000000000    13.739188351
  261.000000000    13.739188351
  262.000000000    13.739188351
  263.000000000    13.739188351
  264.000000000    13.739188351
  265.000000000    13.739188351
  266.000000000    13.739188351
  267.000000000    13.739188351
  268.000000000    13.739188351
  269.000000000    13.739188351
  270.000000000    13.739188351
  271.000000000    13.739188351
  272.000000000    13.739188351
  273.000000000    13.739188351
  274.000000000    13.739188351
  275.000000000    13.739188351
  276.000000000    13.739188351
  277.000000000    13.739188351
  278.000000000    13.739188351
  279.000000000    13.739188351
  280.000000000    13.739188351
  281.000000000    13.739188351
  282.000000000    13.739188351
  283.000000000    13.739188351
  284.000000000    13.739188351
  285.000000000    13.739188351
  286.000000000    13.739188351
  287.000000000    13.739188351
  288.000000000    13.739188351
  289.000000000    13.739188351
  290.000000000    13.739188351
  291.000000000    13.739188351
  292.000000000    13.739188351
  293.000000000    13.739188351
  294.000000000    13.739188351
  295.000000000    13.739188351
  296.000000000    13.739188351
  297.000000000    13.739188351
  298.000000000    13.739188351
  299.000000000    13.739188351
  300.000000000    13.739188351
  301.000000000    13.739188351
  302.000000000    13.739188351
  303.000000000    13.739188351
  304.000000000    13.739188351
  305.000000000    13.739188351
  306.000000000    13.739188351
  307.000000000    13.739188351
  308.000000000    13.739188351
  309.000000000    13.739188351
  310.000000000    13.739188351
  311.000000000    13.739188351
  312.000000000    13.739188351
  313.000000000    13.739188351
  314.000000000    13.739188351
  315.000000000    13.739188351
  316.000000000    13.739188351
  317.000000000    13.739188351
  318.000000000    13.739188351
  319.000000000    13.739188351
  320.000000000    13.739188351
  321.000000000    13.739188351
  322.000000000    13.739188351
  323.000000000    13.739188351
  324.000000000    13.739188351
  325.000000000    13.739188351
  326.000000000    13.739188351
  327.000000000    13.739188351
  328.000000000    13.739188351
  329.000000000    13.739188351
  330.000000000    13.739188351
  331.000000000    13.739188351
  332.000000000    13.739188351
  333.000000000    13.739188351
  334.000000000    13.739188351
  335.000000000    13.739188351
  336.000000000    13.739188351
  337.000000000    13.739188351
  338.000000000    13.739188351
  339.000000000    13.739188351
  340.000000000    13.739188351
  341.000000000    13.739188351
  342.000000000    13.739188351
  343.000000000    13.739188351
  344.000000000    13.739188351
  345.000000000    13.739188351
  346.000000000    13.739188351
  347.000000000    13.739188351
  348.000000000    13.739188351
  349.000000000    13.739188351
  350.000000000    13.739188351
  351.000000000    13.739188351
  352.000000000    13.739188351
  353.000000000    13.739188351
  354.000000000    13.739188351
  355.000000000    13.739188351
  356.000000000    13.739188351
  357.000000000    13.739188351
  358.000000000    13.739188351
  359.000000000    13.739188351
  360.000000000    13.739188351
  361.000000000    13.739188351
  362.000000000    13.739188351
  363.000000000    13.739188351
  364.000000000    13.739188351
  365.000000000    13.739188351
  366.000000000    13.739188351
  367.000000000    13.739188351
  368.000000000    13.739188351
  369.000000000    13.739188351
  370.000000000    13.739188351
  371.000000000    13.739188351
  372.000000000    13.739188351
  373.000000000    13.739188351
  374.000000000    13.739188351
  375.000000000    13.739188351
  376.000000000    13.739188351
  377.000000000    13.739188351
  378.000000000    13.739188351
  379.000000000    13.739188351
  380.000000000    13.739188351
  381.000000000    13.739188351
  382.000000000    13.739188351
  383.000000000    13.739188351
  384.000000000    13.739188351
  385.000000000    13.739188351
  386.000000000    13.739188351
  387.000000000    13.739188351
  388.000000000    13.739188351
  389.000000000    13.739188351
  390.000000000    13.739188351
  391.000000000    13.739188351
  392.000000000    13.739188351
  393.000000000    13.739188351
  394.000000000    13.739188351
  395.000000000    13.739188351
  396.000000000    13.739188351
  397.000000000    13.739188351
  398.000000000    13.739188351
  399.000000000    13.739188351
  400.000000000    13.739188351
  401.000000000    13.739188351
  402.000000000    13.739188351
  403.000000000    13.739188351
  404.000000000    13.739188351
  405.000000000    13.739188351
  406.000000000    13.739188351
  407.000000000    13.739188351
  408.000000000    13.739188351
  409.000000000    13.739188351
  410.000000000    13.739188351
  411.000000000    13.739188351
  412.000000000    13.739188351
  413.000000000    13.739188351
  414.000000000    13.739188351
  415.000000000    13.739188351
  416.000000000    13.739188351
  417.000000000    13.739188351
  418.000000000    13.739188351
  419.000000000    13.739188351
  420.000000000    13.739188351
  421.000000000    13.739188351
  422.000000000    13.739188351
  423.000000000    13.739188351
  424.000000000    13.739188351
  425.000000000    13.739188351
  426.000000000    13.739188351
  427.000000000    13.739188351
  428.000000000    13.739188351
  429.000000000    13.739188351
  430.000000000    13.739188351
  431.000000000    13.739188351
  432.000000000    13.739188351
  433.000000000    13.739188351
  434.000000000    13.739188351
  435.000000000    13.739188351
  436.000000000    13.739188351
  437.000000000    13.739188351
  438.000000000    13.739188351
  439.000000000    13.739188351
  440.000000000    13.739188351
  441.000000000    13.739188351
  442.000000000    13.739188351
  443.000000000    13.739188351
  444.000000000    13.739188351
  445.000000000    13.739188351
  446.000000000    13.739188351
  447.000000000    13.739188351
  448.000000000    13.739188351
  449.000000000    13.739188351
  450.000000000    13.739188351
  451.000000000    13.739188351
  452.000000000    13.739188351
  453.000000000    13.739188351
  454.000000000    13.739188351
  455.000000000    13.739188351
  456.000000000    13.739188351
  457.000000000    13.739188351
  458.000000000    13.739188351
  459.000000000    13.739188351
  460.000000000    13.739188351
  461.000000000    13.739188351
  462.000000000    13.739188351
  463.000000000    13.739188351
  464.000000000    13.739188351
  465.000000000    13.739188351
  466.000000000    13.739188351
  467.000000000    13.739188351
  468.000000000    13.739188351
  469.000000000    13.739188351
  470.000000000    13.739188351
  471.000000000    13.739188351
  472.000000000    13.739188351
  473.000000000    13.739188351
  474.000000000    13.739188351
  475.000000000    13.739188351
  476.000000000    13.739188351
  477.000000000    13.739188351
  478.000000000    13.739188351
  479.000000000    13.739188351
  480.000000000    13.739188351
  481.000000000    13.739188351
  482.000000000    13.739188351
  483.000000000    13.739188351
  484.000000000    13.739188351
  485.000000000    13.739188351
  486.000000000    13.739188351
  487.000000000    13.739188351
  488.000000000    13.739188351
  489.000000000    13.739188351
  490.000000000    13.739188351
  491.000000000    13.739188351
  492.000000000    13.739188351
  493.000000000    13.739188351
  494.000000000    13.739188351
  495.000000000    13.739188351
  496.000000000    13.739188351
  497.000000000    13.739188351
  498.000000000    13.739188351
  499.000000000    13.739188351
