    0.000000000 -20590.708046926
    1.000000000 -20592.570801870
    2.000000000 -20594.591664854
    3.000000000 -20596.759276154
    4.000000000 -20599.065291204
    5.000000000 -20601.499656994
    6.000000000 -20604.051569026
    7.000000000 -20606.711014748
    8.000000000 -20609.461891867
    9.000000000 -20612.300528452
   10.000000000 -20615.214409329
   11.000000000 -20618.197409480
   12.000000000 -20621.240911778
   13.000000000 -20624.335693058
   14.000000000 -20627.470853535
   15.000000000 -20630.638205976
   16.000000000 -20633.829960745
   17.000000000 -20637.040560040
   18.000000000 -20640.262441428
   19.000000000 -20643.487952922
   20.000000000 -20646.708125260
   21.000000000 -20649.917618455
   22.000000000 -20653.108654119
   23.000000000 -20656.273573781
   24.000000000 -20659.405290787
   25.000000000 -20662.495614390
   26.000000000 -20665.537633489
   27.000000000 -20668.522829775
   28.000000000 -20671.443428309
   29.000000000 -20674.292057708
   30.000000000 -20677.063282001
   31.000000000 -20679.751456942
   32.000000000 -20682.350382741
   33.000000000 -20684.851179031
   34.000000000 -20687.247829050
   35.000000000 -20689.539119597
   36.000000000 -20691.717114720
   37.000000000 -20693.778908103
   38.000000000 -20695.725103092
   39.000000000 -20697.553813978
   40.000000000 -20699.262583330
   41.000000000 -20700.851221699
   42.000000000 -20702.320356630
   43.000000000 -20703.670149774
   44.000000000 -20704.903229477
   45.000000000 -20705.932232503
   46.000000000 -20706.660135543
   47.000000000 -20707.111410854
   48.000000000 -20707.312215259
   49.000000000 -20707.291638823
   50.000000000 -20707.078428367
   51.000000000 -20706.703489634
   52.000000000 -20706.198173782
   53.000000000 -20705.594582490
   54.000000000 -20704.925332440
   55.000000000 -20704.161355863
   56.000000000 -20701.867639494
   57.000000000 -20697.575807600
   58.000000000 -20691.551139089
   59.000000000 -20684.186946458
   60.000000000 -20676.023736292
   61.000000000 -20667.733934445
   62.000000000 -20660.084758731
   63.000000000 -20653.861266801
   64.000000000 -20649.769028769
   65.000000000 -20648.333509822
   66.000000000 -20649.817163648
   67.000000000 -20654.183300486
   68.000000000 -20661.095855081
   69.000000000 -20669.978535999
   70.000000000 -20680.100357170
   71.000000000 -20690.678424242
   72.000000000 -20700.970746803
   73.000000000 -20710.342235476
   74.000000000 -20718.297764812
   75.000000000 -20724.482232267
   76.000000000 -20728.659910670
   77.000000000 -20731.942304025
   78.000000000 -20735.254380930
   79.000000000 -20738.565387105
   80.000000000 -20741.844127645
   81.000000000 -20745.058207901
   82.000000000 -20748.173845552
   83.000000000 -20751.162842672
   84.000000000 -20753.994139235
   85.000000000 -20756.654066897
   86.000000000 -20759.269550664
   87.000000000 -20761.866718928
   88.000000000 -20764.434999024
   89.000000000 -20766.965451670
   90.000000000 -20769.448593607
   91.000000000 -20771.875895286
   92.000000000 -20774.236939478
   93.000000000 -20776.517867948
   94.000000000 -20778.720581191
   95.000000000 -20780.838936410
   96.000000000 -20782.866146010
   97.000000000 -20784.797687356
   98.000000000 -20786.629921318
   99.000000000 -20788.358505050
  100.000000000 -20789.979975419
  101.000000000 -20791.491590289
  102.000000000 -20792.889249721
  103.000000000 -20794.171738082
  104.000000000 -20795.337408367
  105.000000000 -20796.383279614
  106.000000000 -20797.308452375
  107.000000000 -20798.112000752
  108.000000000 -20798.792603247
  109.000000000 -20799.348833552
  110.000000000 -20799.781968549
  111.000000000 -20800.091774046
  112.000000000 -20800.276810273
  113.000000000 -20800.332707807
  114.000000000 -20800.264584292
  115.000000000 -20800.073488259
  116.000000000 -20799.761998958
  117.000000000 -20799.331951229
  118.000000000 -20798.783547127
  119.000000000 -20798.115403939
  120.000000000 -20797.331263803
  121.000000000 -20796.436565850
  122.000000000 -20795.431999034
  123.000000000 -20794.318371505
  124.000000000 -20793.101544981
  125.000000000 -20791.785031464
  126.000000000 -20790.371066970
  127.000000000 -20788.864147757
  128.000000000 -20787.266071608
  129.000000000 -20785.582715296
  130.000000000 -20783.817446566
  131.000000000 -20781.974002676
  132.000000000 -20780.055222166
  133.000000000 -20778.064170209
  134.000000000 -20776.006451023
  135.000000000 -20773.885604764
  136.000000000 -20771.707977650
  137.000000000 -20769.477327819
  138.000000000 -20767.198571703
  139.000000000 -20764.870339140
  140.000000000 -20762.505212998
  141.000000000 -20760.109452278
  142.000000000 -20757.693848584
  143.000000000 -20755.265491885
  144.000000000 -20752.831493416
  145.000000000 -20750.398142279
  146.000000000 -20747.977305462
  147.000000000 -20745.580604986
  148.000000000 -20743.218111335
  149.000000000 -20740.900391178
  150.000000000 -20738.638077122
  151.000000000 -20736.442066149
  152.000000000 -20734.323375284
  153.000000000 -20732.292253051
  154.000000000 -20730.358334376
  155.000000000 -20728.532950416
  156.000000000 -20726.825076988
  157.000000000 -20725.243486850
  158.000000000 -20723.795930144
  159.000000000 -20722.488669408
  160.000000000 -20721.324824849
  161.000000000 -20720.310479243
  162.000000000 -20719.447885388
  163.000000000 -20718.740317995
  164.000000000 -20718.186366517
  165.000000000 -20717.783966344
  166.000000000 -20717.529052771
  167.000000000 -20717.414139143
  168.000000000 -20717.435348374
  169.000000000 -20717.584867988
  170.000000000 -20717.854914975
  171.000000000 -20718.235699165
  172.000000000 -20718.716592136
  173.000000000 -20719.286309705
  174.000000000 -20719.932534714
  175.000000000 -20720.643138615
  176.000000000 -20721.405985068
  177.000000000 -20722.208637036
  178.000000000 -20723.038759369
  179.000000000 -20723.883916168
  180.000000000 -20724.731143660
  181.000000000 -20725.569110408
  182.000000000 -20726.387233160
  183.000000000 -20727.176098750
  184.000000000 -20727.926108308
  185.000000000 -20728.628480154
  186.000000000 -20729.274005601
  187.000000000 -20729.855558728
  188.000000000 -20730.365366099
  189.000000000 -20730.799076293
  190.000000000 -20731.151413989
  191.000000000 -20731.418004921
  192.000000000 -20731.595060785
  193.000000000 -20731.679354700
  194.000000000 -20731.666327487
  195.000000000 -20731.555744852
  196.000000000 -20731.345122337
  197.000000000 -20731.037540644
  198.000000000 -20730.633862332
  199.000000000 -20730.134392967
  200.000000000 -20729.542064743
  201.000000000 -20728.859672063
  202.000000000 -20728.090097830
  203.000000000 -20727.236817765
  204.000000000 -20726.303557605
  205.000000000 -20725.293190126
  206.000000000 -20724.211234939
  207.000000000 -20723.062456627
  208.000000000 -20721.853593193
  209.000000000 -20720.589770796
  210.000000000 -20719.275758181
  211.000000000 -20717.915838848
  212.000000000 -20716.517292800
  213.000000000 -20715.087203455
  214.000000000 -20713.631808663
  215.000000000 -20712.157845382
  216.000000000 -20710.670550292
  217.000000000 -20709.178719242
  218.000000000 -20707.688314276
  219.000000000 -20706.208289837
  220.000000000 -20704.746621860
  221.000000000 -20703.311480790
  222.000000000 -20701.907890152
  223.000000000 -20700.546822261
  224.000000000 -20699.234689816
  225.000000000 -20697.980318283
  226.000000000 -20696.796121566
  227.000000000 -20695.691033561
  228.000000000 -20694.671971861
  229.000000000 -20693.751874801
  230.000000000 -20692.940816926
  231.000000000 -20692.248174283
  232.000000000 -20691.550643595
  233.000000000 -20690.567108477
  234.000000000 -20689.404184473
  235.000000000 -20688.188053001
  236.000000000 -20687.046078381
  237.000000000 -20686.098010197
  238.000000000 -20685.458351179
  239.000000000 -20685.223675615
  240.000000000 -20685.468416968
  241.000000000 -20686.242868115
  242.000000000 -20687.570121610
  243.000000000 -20689.442124724
  244.000000000 -20691.822647849
  245.000000000 -20694.650643113
  246.000000000 -20697.844844128
  247.000000000 -20701.313626022
  248.000000000 -20704.958168035
  249.000000000 -20708.678180718
  250.000000000 -20712.375900872
  251.000000000 -20715.958314965
  252.000000000 -20719.463168635
  253.000000000 -20723.178861278
  254.000000000 -20727.118086822
  255.000000000 -20731.277451100
  256.000000000 -20735.649909302
  257.000000000 -20740.227567114
  258.000000000 -20745.000835322
  259.000000000 -20749.958299665
  260.000000000 -20755.086748535
  261.000000000 -20760.371622047
  262.000000000 -20765.797430033
  263.000000000 -20771.347011912
  264.000000000 -20777.001120974
  265.000000000 -20782.741118868
  266.000000000 -20788.547039754
  267.000000000 -20794.398046359
  268.000000000 -20800.273053275
  269.000000000 -20806.147702817
  270.000000000 -20812.001794674
  271.000000000 -20817.811127344
  272.000000000 -20823.555894898
  273.000000000 -20829.217878602
  274.000000000 -20834.776856157
  275.000000000 -20840.214181217
  276.000000000 -20845.509618749
  277.000000000 -20850.644771752
  278.000000000 -20855.603860518
  279.000000000 -20860.370711237
  280.000000000 -20864.930617072
  281.000000000 -20869.269263857
  282.000000000 -20873.372969942
  283.000000000 -20877.228382826
  284.000000000 -20880.826759525
  285.000000000 -20884.153792078
  286.000000000 -20887.203250128
  287.000000000 -20889.967978906
  288.000000000 -20892.441793276
  289.000000000 -20894.618453123
  290.000000000 -20896.492947357
  291.000000000 -20898.060630289
  292.000000000 -20899.318459253
  293.000000000 -20900.265625858
  294.000000000 -20900.900823399
  295.000000000 -20901.223315482
  296.000000000 -20901.230439252
  297.000000000 -20900.924122671
  298.000000000 -20900.311497802
  299.000000000 -20899.397361659
  300.000000000 -20898.186293640
  301.000000000 -20896.684009729
  302.000000000 -20894.897060593
  303.000000000 -20892.832476549
  304.000000000 -20890.500266946
  305.000000000 -20887.908422859
  306.000000000 -20885.065402686
  307.000000000 -20881.980896455
  308.000000000 -20878.667423976
  309.000000000 -20875.137393622
  310.000000000 -20871.405316459
  311.000000000 -20867.485151896
  312.000000000 -20863.391099765
  313.000000000 -20859.137770399
  314.000000000 -20854.739824345
  315.000000000 -20850.213220071
  316.000000000 -20845.574381693
  317.000000000 -20840.837430758
  318.000000000 -20836.020714381
  319.000000000 -20831.142352428
  320.000000000 -20826.217328131
  321.000000000 -20821.265648727
  322.000000000 -20816.303399876
  323.000000000 -20811.351182435
  324.000000000 -20806.427130255
  325.000000000 -20801.549452793
  326.000000000 -20796.736450558
  327.000000000 -20792.006754295
  328.000000000 -20787.379159526
  329.000000000 -20782.870060673
  330.000000000 -20778.499040979
  331.000000000 -20774.285812067
  332.000000000 -20770.245798772
  333.000000000 -20766.400161042
  334.000000000 -20762.767359219
  335.000000000 -20759.364041355
  336.000000000 -20756.206870977
  337.000000000 -20753.312451639
  338.000000000 -20750.691330811
  339.000000000 -20748.359049577
  340.000000000 -20746.323319701
  341.000000000 -20744.595786675
  342.000000000 -20743.187235336
  343.000000000 -20742.104324461
  344.000000000 -20741.354684998
  345.000000000 -20740.941851061
  346.000000000 -20740.866909393
  347.000000000 -20741.127932331
  348.000000000 -20741.722343925
  349.000000000 -20742.643894538
  350.000000000 -20743.884917132
  351.000000000 -20745.434529623
  352.000000000 -20747.279808885
  353.000000000 -20749.407606430
  354.000000000 -20751.804317018
  355.000000000 -20754.454527029
  356.000000000 -20757.340749311
  357.000000000 -20760.441984620
  358.000000000 -20763.738529463
  359.000000000 -20767.208441076
  360.000000000 -20770.831276277
  361.000000000 -20774.585148825
  362.000000000 -20778.447830178
  363.000000000 -20782.395958032
  364.000000000 -20786.406186371
  365.000000000 -20790.453664592
  366.000000000 -20794.511507712
  367.000000000 -20798.561796758
  368.000000000 -20802.582316126
  369.000000000 -20806.550792754
  370.000000000 -20810.444840367
  371.000000000 -20814.240822789
  372.000000000 -20817.920943712
  373.000000000 -20821.465204925
  374.000000000 -20824.852367888
  375.000000000 -20828.062327805
  376.000000000 -20831.047823250
  377.000000000 -20832.659726154
  378.000000000 -20832.291601473
  379.000000000 -20829.957414447
  380.000000000 -20825.774967963
  381.000000000 -20820.005204884
  382.000000000 -20813.072105430
  383.000000000 -20805.556498307
  384.000000000 -20798.162552381
  385.000000000 -20791.645312176
  386.000000000 -20786.717569296
  387.000000000 -20783.943701059
  388.000000000 -20783.648752980
  389.000000000 -20785.866511768
  390.000000000 -20790.333763164
  391.000000000 -20796.530003648
  392.000000000 -20803.761258079
  393.000000000 -20811.262162465
  394.000000000 -20818.302815646
  395.000000000 -20824.258085554
  396.000000000 -20828.655093628
  397.000000000 -20831.185179578
  398.000000000 -20831.690475444
  399.000000000 -20830.129549931
  400.000000000 -20826.752691244
  401.000000000 -20822.852546665
  402.000000000 -20818.640882618
  403.000000000 -20814.129329983
  404.000000000 -20809.324501256
  405.000000000 -20804.242895850
  406.000000000 -20798.897428903
  407.000000000 -20793.301187031
  408.000000000 -20787.470412730
  409.000000000 -20781.421230611
  410.000000000 -20775.171192966
  411.000000000 -20768.738264826
  412.000000000 -20762.142869660
  413.000000000 -20755.405797197
  414.000000000 -20748.548468122
  415.000000000 -20741.593745392
  416.000000000 -20734.565270904
  417.000000000 -20727.487110795
  418.000000000 -20720.384547261
  419.000000000 -20713.283427260
  420.000000000 -20706.207486290
  421.000000000 -20699.185810576
  422.000000000 -20692.246427413
  423.000000000 -20685.416869414
  424.000000000 -20678.725025201
  425.000000000 -20672.196247054
  426.000000000 -20665.675813046
  427.000000000 -20659.061198114
  428.000000000 -20652.431274211
  429.000000000 -20645.869783838
  430.000000000 -20639.467041788
  431.000000000 -20633.317867824
  432.000000000 -20627.524356371
  433.000000000 -20622.187588295
  434.000000000 -20617.403400332
  435.000000000 -20613.257801385
  436.000000000 -20609.822133880
  437.000000000 -20607.150053525
  438.000000000 -20605.273022868
  439.000000000 -20604.199485949
  440.000000000 -20603.914296480
  441.000000000 -20604.382724422
  442.000000000 -20605.552483411
  443.000000000 -20607.357164177
  444.000000000 -20609.721065126
  445.000000000 -20612.564792559
  446.000000000 -20615.809745413
  447.000000000 -20619.378377747
  448.000000000 -20623.195555681
  449.000000000 -20627.198782561
  450.000000000 -20631.341852644
  451.000000000 -20635.833977852
  452.000000000 -20640.737728314
  453.000000000 -20646.035847710
  454.000000000 -20651.708461487
  455.000000000 -20657.731733160
  456.000000000 -20664.084117592
  457.000000000 -20670.743941653
  458.000000000 -20677.688038000
  459.000000000 -20684.890632029
  460.000000000 -20692.330819021
  461.000000000 -20699.984933718
  462.000000000 -20707.829805707
  463.000000000 -20715.840692914
  464.000000000 -20723.995216105
  465.000000000 -20732.269808046
  466.000000000 -20740.642103135
  467.000000000 -20749.089946494
  468.000000000 -20757.591040884
  469.000000000 -20766.123740413
  470.000000000 -20774.666118196
  471.000000000 -20783.197539899
  472.000000000 -20791.697308008
  473.000000000 -20800.145044097
  474.000000000 -20808.521026908
  475.000000000 -20816.805633215
  476.000000000 -20824.980192673
  477.000000000 -20833.025796253
  478.000000000 -20840.924141962
  479.000000000 -20848.658416495
  480.000000000 -20856.211131827
  481.000000000 -20863.567158718
  482.000000000 -20870.710940055
  483.000000000 -20877.625264822
  484.000000000 -20884.299887493
  485.000000000 -20890.723621261
  486.000000000 -20896.884835664
  487.000000000 -20902.773207318
  488.000000000 -20908.379666107
  489.000000000 -20913.694836336
  490.000000000 -20918.712167765
  491.000000000 -20923.424811267
  492.000000000 -20927.830021873
  493.000000000 -20931.920693470
  494.000000000 -20935.694513551
  495.000000000 -20939.152580712
  496.000000000 -20942.294614931
  497.000000000 -20945.122828791
  498.000000000 -20947.639403064
  499.000000000 -20949.847254514
