    0.000000000     1.072486747
    1.000000000     1.072486747
    2.000000000     1.072486747
    3.000000000     1.072486747
    4.000000000     1.072486747
    5.000000000     1.072486747
    6.000000000     1.072486747
    7.000000000     1.072486747
    8.000000000     1.072486747
    9.000000000     1.072486747
   10.000000000     1.072486747
   11.000000000     1.072486747
   12.000000000     1.072486747
   13.000000000     1.072486747
   14.000000000     1.072486747
   15.000000000     1.072486747
   16.000000000     1.072486747
   17.000000000     1.072486747
   18.000000000     1.072486747
   19.000000000     1.072486747
   20.000000000     1.072486747
   21.000000000     1.072486747
   22.000000000     1.072486747
   23.000000000     1.072486747
   24.000000000     1.072486747
   25.000000000     1.072486747
   26.000000000     1.072486747
   27.000000000     1.072486747
   28.000000000     1.072486747
   29.000000000     1.072486747
   30.000000000     1.072486747
   31.000000000     1.072486747
   32.000000000     1.072486747
   33.000000000     1.072486747
   34.000000000     1.072486747
   35.000000000     1.072486747
   36.000000000     1.072486747
   37.000000000     1.072486747
   38.000000000     1.072486747
   39.000000000     1.072486747
   40.000000000     1.072486747
   41.000000000     1.072486747
   42.000000000     1.072486747
   43.000000000     1.072486747
   44.000000000     1.072486747
   45.000000000     1.072486747
   46.000000000     1.072486747
   47.000000000     1.072486747
   48.000000000     1.072486747
   49.000000000     1.072486747
   50.000000000     1.072486747
   51.000000000     1.072486747
   52.000000000     1.072486747
   53.000000000     1.072486747
   54.000000000     1.072486747
   55.000000000     1.072486747
   56.000000000     1.072486747
   57.000000000     1.072486747
   58.000000000     1.072486747
   59.000000000     1.072486747
   60.000000000     1.072486747
   61.000000000     1.072486747
   62.000000000     1.072486747
   63.000000000     1.072486747
   64.000000000     1.072486747
   65.000000000     1.072486747
   66.000000000     1.072486747
   67.000000000     1.072486747
   68.000000000     1.072486747
   69.000000000     1.072486747
   70.000000000     1.072486747
   71.000000000     1.072486747
   72.000000000     1.072486747
   73.000000000     1.072486747
   74.000000000     1.072486747
   75.000000000     1.072486747
   76.000000000     1.072486747
   77.000000000     1.072486747
   78.000000000     1.072486747
   79.000000000     1.072486747
   80.000000000     1.072486747
   81.000000000     1.072486747
   82.000000000     1.072486747
   83.000000000     1.072486747
   84.000000000     1.072486747
   85.000000000     1.072486747
   86.000000000     1.072486747
   87.000000000     1.072486747
   88.000000000     1.072486747
   89.000000000     1.072486747
   90.000000000     1.072486747
   91.000000000     1.072486747
   92.000000000     1.072486747
   93.000000000     1.072486747
   94.000000000     1.072486747
   95.000000000     1.072486747
   96.000000000     1.072486747
   97.000000000     1.072486747
   98.000000000     1.072486747
   99.000000000     1.072486747
  100.000000000     1.072486747
  101.000000000     1.072486747
  102.000000000     1.072486747
  103.000000000     1.072486747
  104.000000000     1.072486747
  105.000000000     1.072486747
  106.000000000     1.072486747
  107.000000000     1.072486747
  108.000000000     1.072486747
  109.000000000     1.072486747
  110.000000000     1.072486747
  111.000000000     1.072486747
  112.000000000     1.072486747
  113.000000000     1.072486747
  114.000000000     1.072486747
  115.000000000     1.072486747
  116.000000000     1.072486747
  117.000000000     1.072486747
  118.000000000     1.072486747
  119.000000000     1.072486747
  120.000000000     1.072486747
  121.000000000     1.072486747
  122.000000000     1.072486747
  123.000000000     1.072486747
  124.000000000     1.072486747
  125.000000000     1.072486747
  126.000000000     1.072486747
  127.000000000     1.072486747
  128.000000000     1.072486747
  129.000000000     1.072486747
  130.000000000     1.072486747
  131.000000000     1.072486747
  132.000000000     1.072486747
  133.000000000     1.072486747
  134.000000000     1.072486747
  135.000000000     1.072486747
  136.000000000     1.072486747
  137.000000000     1.072486747
  138.000000000     1.072486747
  139.000000000     1.072486747
  140.000000000     1.072486747
  141.000000000     1.072486747
  142.000000000     1.072486747
  143.000000000     1.072486747
  144.000000000     1.072486747
  145.000000000     1.072486747
  146.000000000     1.072486747
  147.000000000     1.072486747
  148.000000000     1.072486747
  149.000000000     1.072486747
  150.000000000     1.072486747
  151.000000000     1.072486747
  152.000000000     1.072486747
  153.000000000     1.072486747
  154.000000000     1.072486747
  155.000000000     1.072486747
  156.000000000     1.072486747
  157.000000000     1.072486747
  158.000000000     1.072486747
  159.000000000     1.072486747
  160.000000000     1.072486747
  161.000000000     1.072486747
  162.000000000     1.072486747
  163.000000000     1.072486747
  164.000000000     1.072486747
  165.000000000     1.072486747
  166.000000000     1.072486747
  167.000000000     1.072486747
  168.000000000     1.072486747
  169.000000000     1.072486747
  170.000000000     1.072486747
  171.000000000     1.072486747
  172.000000000     1.072486747
  173.000000000     1.072486747
  174.000000000     1.072486747
  175.000000000     1.072486747
  176.000000000     1.072486747
  177.000000000     1.072486747
  178.000000000     1.072486747
  179.000000000     1.072486747
  180.000000000     1.072486747
  181.000000000     1.072486747
  182.000000000     1.072486747
  183.000000000     1.072486747
  184.000000000     1.072486747
  185.000000000     1.072486747
  186.000000000     1.072486747
  187.000000000     1.072486747
  188.000000000     1.072486747
  189.000000000     1.072486747
  190.000000000     1.072486747
  191.000000000     1.072486747
  192.000000000     1.072486747
  193.000000000     1.072486747
  194.000000000     1.072486747
  195.000000000     1.072486747
  196.000000000     1.072486747
  197.000000000     1.072486747
  198.000000000     1.072486747
  199.000000000     1.072486747
  200.000000000     1.072486747
  201.000000000     1.072486747
  202.000000000     1.072486747
  203.000000000     1.072486747
  204.000000000     1.072486747
  205.000000000     1.072486747
  206.000000000     1.072486747
  207.000000000     1.072486747
  208.000000000     1.072486747
  209.000000000     1.072486747
  210.000000000     1.072486747
  211.000000000     1.072486747
  212.000000000     1.072486747
  213.000000000     1.072486747
  214.000000000     1.072486747
  215.000000000     1.072486747
  216.000000000     1.072486747
  217.000000000     1.072486747
  218.000000000     1.072486747
  219.000000000     1.072486747
  220.000000000     1.072486747
  221.000000000     1.072486747
  222.000000000     1.072486747
  223.000000000     1.072486747
  224.000000000     1.072486747
  225.000000000     1.072486747
  226.000000000     1.072486747
  227.000000000     1.072486747
  228.000000000     1.072486747
  229.000000000     1.072486747
  230.000000000     1.072486747
  231.000000000     1.072486747
  232.000000000     1.072486747
  233.000000000     1.072486747
  234.000000000     1.072486747
  235.000000000     1.072486747
  236.000000000     1.072486747
  237.000000000     1.072486747
  238.000000000     1.072486747
  239.000000000     1.072486747
  240.000000000     1.072486747
  241.000000000     1.072486747
  242.000000000     1.072486747
  243.000000000     1.072486747
  244.000000000     1.072486747
  245.000000000     1.072486747
  246.000000000     1.072486747
  247.000000000     1.072486747
  248.000000000     1.072486747
  249.000000000     1.072486747
  250.000000000     1.072486747
  251.000000000     1.072486747
  252.000000000     1.072486747
  253.000000000     1.072486747
  254.000000000     1.072486747
  255.000000000     1.072486747
  256.000000000     1.072486747
  257.000000000     1.072486747
  258.000000000     1.072486747
  259.000000000     1.072486747
  260.000000000     1.072486747
  261.000000000     1.072486747
  262.000000000     1.072486747
  263.000000000     1.072486747
  264.000000000     1.072486747
  265.000000000     1.072486747
  266.000000000     1.072486747
  267.000000000     1.072486747
  268.000000000     1.072486747
  269.000000000     1.072486747
  270.000000000     1.072486747
  271.000000000     1.072486747
  272.000000000     1.072486747
  273.000000000     1.072486747
  274.000000000     1.072486747
  275.000000000     1.072486747
  276.000000000     1.072486747
  277.000000000     1.072486747
  278.000000000     1.072486747
  279.000000000     1.072486747
  280.000000000     1.072486747
  281.000000000     1.072486747
  282.000000000     1.072486747
  283.000000000     1.072486747
  284.000000000     1.072486747
  285.000000000     1.072486747
  286.000000000     1.072486747
  287.000000000     1.072486747
  288.000000000     1.072486747
  289.000000000     1.072486747
  290.000000000     1.072486747
  291.000000000     1.072486747
  292.000000000     1.072486747
  293.000000000     1.072486747
  294.000000000     1.072486747
  295.000000000     1.072486747
  296.000000000     1.072486747
  297.000000000     1.072486747
  298.000000000     1.072486747
  299.000000000     1.072486747
  300.000000000     1.072486747
  301.000000000     1.072486747
  302.000000000     1.072486747
  303.000000000     1.072486747
  304.000000000     1.072486747
  305.000000000     1.072486747
  306.000000000     1.072486747
  307.000000000     1.072486747
  308.000000000     1.072486747
  309.000000000     1.072486747
  310.000000000     1.072486747
  311.000000000     1.072486747
  312.000000000     1.072486747
  313.000000000     1.072486747
  314.000000000     1.072486747
  315.000000000     1.072486747
  316.000000000     1.072486747
  317.000000000     1.072486747
  318.000000000     1.072486747
  319.000000000     1.072486747
  320.000000000     1.072486747
  321.000000000     1.072486747
  322.000000000     1.072486747
  323.000000000     1.072486747
  324.000000000     1.072486747
  325.000000000     1.072486747
  326.000000000     1.072486747
  327.000000000     1.072486747
  328.000000000     1.072486747
  329.000000000     1.072486747
  330.000000000     1.072486747
  331.000000000     1.072486747
  332.000000000     1.072486747
  333.000000000     1.072486747
  334.000000000     1.072486747
  335.000000000     1.072486747
  336.000000000     1.072486747
  337.000000000     1.072486747
  338.000000000     1.072486747
  339.000000000     1.072486747
  340.000000000     1.072486747
  341.000000000     1.072486747
  342.000000000     1.072486747
  343.000000000     1.072486747
  344.000000000     1.072486747
  345.000000000     1.072486747
  346.000000000     1.072486747
  347.000000000     1.072486747
  348.000000000     1.072486747
  349.000000000     1.072486747
  350.000000000     1.072486747
  351.000000000     1.072486747
  352.000000000     1.072486747
  353.000000000     1.072486747
  354.000000000     1.072486747
  355.000000000     1.072486747
  356.000000000     1.072486747
  357.000000000     1.072486747
  358.000000000     1.072486747
  359.000000000     1.072486747
  360.000000000     1.072486747
  361.000000000     1.072486747
  362.000000000     1.072486747
  363.000000000     1.072486747
  364.000000000     1.072486747
  365.000000000     1.072486747
  366.000000000     1.072486747
  367.000000000     1.072486747
  368.000000000     1.072486747
  369.000000000     1.072486747
  370.000000000     1.072486747
  371.000000000     1.072486747
  372.000000000     1.072486747
  373.000000000     1.072486747
  374.000000000     1.072486747
  375.000000000     1.072486747
  376.000000000     1.072486747
  377.000000000     1.072486747
  378.000000000     1.072486747
  379.000000000     1.072486747
  380.000000000     1.072486747
  381.000000000     1.072486747
  382.000000000     1.072486747
  383.000000000     1.072486747
  384.000000000     1.072486747
  385.000000000     1.072486747
  386.000000000     1.072486747
  387.000000000     1.072486747
  388.000000000     1.072486747
  389.000000000     1.072486747
  390.000000000     1.072486747
  391.000000000     1.072486747
  392.000000000     1.072486747
  393.000000000     1.072486747
  394.000000000     1.072486747
  395.000000000     1.072486747
  396.000000000     1.072486747
  397.000000000     1.072486747
  398.000000000     1.072486747
  399.000000000     1.072486747
  400.000000000     1.072486747
  401.000000000     1.072486747
  402.000000000     1.072486747
  403.000000000     1.072486747
  404.000000000     1.072486747
  405.000000000     1.072486747
  406.000000000     1.072486747
  407.000000000     1.072486747
  408.000000000     1.072486747
  409.000000000     1.072486747
  410.000000000     1.072486747
  411.000000000     1.072486747
  412.000000000     1.072486747
  413.000000000     1.072486747
  414.000000000     1.072486747
  415.000000000     1.072486747
  416.000000000     1.072486747
  417.000000000     1.072486747
  418.000000000     1.072486747
  419.000000000     1.072486747
  420.000000000     1.072486747
  421.000000000     1.072486747
  422.000000000     1.072486747
  423.000000000     1.072486747
  424.000000000     1.072486747
  425.000000000     1.072486747
  426.000000000     1.072486747
  427.000000000     1.072486747
  428.000000000     1.072486747
  429.000000000     1.072486747
  430.000000000     1.072486747
  431.000000000     1.072486747
  432.000000000     1.072486747
  433.000000000     1.072486747
  434.000000000     1.072486747
  435.000000000     1.072486747
  436.000000000     1.072486747
  437.000000000     1.072486747
  438.000000000     1.072486747
  439.000000000     1.072486747
  440.000000000     1.072486747
  441.000000000     1.072486747
  442.000000000     1.072486747
  443.000000000     1.072486747
  444.000000000     1.072486747
  445.000000000     1.072486747
  446.000000000     1.072486747
  447.000000000     1.072486747
  448.000000000     1.072486747
  449.000000000     1.072486747
  450.000000000     1.072486747
  451.000000000     1.072486747
  452.000000000     1.072486747
  453.000000000     1.072486747
  454.000000000     1.072486747
  455.000000000     1.072486747
  456.000000000     1.072486747
  457.000000000     1.072486747
  458.000000000     1.072486747
  459.000000000     1.072486747
  460.000000000     1.072486747
  461.000000000     1.072486747
  462.000000000     1.072486747
  463.000000000     1.072486747
  464.000000000     1.072486747
  465.000000000     1.072486747
  466.000000000     1.072486747
  467.000000000     1.072486747
  468.000000000     1.072486747
  469.000000000     1.072486747
  470.000000000     1.072486747
  471.000000000     1.072486747
  472.000000000     1.072486747
  473.000000000     1.072486747
  474.000000000     1.072486747
  475.000000000     1.072486747
  476.000000000     1.072486747
  477.000000000     1.072486747
  478.000000000     1.072486747
  479.000000000     1.072486747
  480.000000000     1.072486747
  481.000000000     1.072486747
  482.000000000     1.072486747
  483.000000000     1.072486747
  484.000000000     1.072486747
  485.000000000     1.072486747
  486.000000000     1.072486747
  487.000000000     1.072486747
  488.000000000     1.072486747
  489.000000000     1.072486747
  490.000000000     1.072486747
  491.000000000     1.072486747
  492.000000000     1.072486747
  493.000000000     1.072486747
  494.000000000     1.072486747
  495.000000000     1.072486747
  496.000000000     1.072486747
  497.000000000     1.072486747
  498.000000000     1.072486747
  499.000000000     1.072486747
