    0.000000000   300.000000000
    1.000000000   299.997587971
    2.000000000   299.766345842
    3.000000000   299.308656809
    4.000000000   298.628984788
    5.000000000   297.733789027
    6.000000000   296.631417171
    7.000000000   295.331969563
    8.000000000   293.847148793
    9.000000000   292.190074466
   10.000000000   290.375075167
   11.000000000   288.417491593
   12.000000000   286.333462328
   13.000000000   284.139690257
   14.000000000   281.853207879
   15.000000000   279.491133619
   16.000000000   277.070434613
   17.000000000   274.607707087
   18.000000000   272.118957003
   19.000000000   269.619387382
   20.000000000   267.123207680
   21.000000000   264.643460232
   22.000000000   262.191870226
   23.000000000   259.778724690
   24.000000000   257.412777336
   25.000000000   255.101183220
   26.000000000   252.849461166
   27.000000000   250.661484782
   28.000000000   248.539509083
   29.000000000   246.484220953
   30.000000000   244.494805357
   31.000000000   242.569040259
   32.000000000   240.703415703
   33.000000000   238.893271440
   34.000000000   237.132945219
   35.000000000   235.415915000
   36.000000000   233.734956565
   37.000000000   232.082319011
   38.000000000   230.449901592
   39.000000000   228.829424046
   40.000000000   227.212592422
   41.000000000   225.591264002
   42.000000000   223.957605988
   43.000000000   222.304252271
   44.000000000   220.624453326
   45.000000000   218.911972864
   46.000000000   217.161001513
   47.000000000   215.366658360
   48.000000000   213.525449745
   49.000000000   211.635361214
   50.000000000   209.695934530
   51.000000000   207.708329209
   52.000000000   205.675361195
   53.000000000   203.601516099
   54.000000000   201.492935562
   55.000000000   199.357134894
   56.000000000   197.197393104
   57.000000000   195.011728594
   58.000000000   192.800530885
   59.000000000   190.571059875
   60.000000000   188.339497424
   61.000000000   186.132151147
   62.000000000   183.984809831
   63.000000000   181.939607932
   64.000000000   180.039551187
   65.000000000   178.321844525
   66.000000000   176.811890526
   67.000000000   175.519860730
   68.000000000   174.440963823
   69.000000000   173.559234014
   70.000000000   172.853437471
   71.000000000   172.303132635
   72.000000000   171.893182575
   73.000000000   171.615858304
   74.000000000   171.470638957
   75.000000000   171.462494337
   76.000000000   171.599657856
   77.000000000   171.886760133
   78.000000000   172.319302004
   79.000000000   172.887680034
   80.000000000   173.581047837
   81.000000000   174.387535955
   82.000000000   175.294478519
   83.000000000   176.288647247
   84.000000000   177.356482319
   85.000000000   178.484270642
   86.000000000   179.657917324
   87.000000000   180.862966185
   88.000000000   182.085114170
   89.000000000   183.310469504
   90.000000000   184.525693832
   91.000000000   185.718124358
   92.000000000   186.875874881
   93.000000000   187.987915602
   94.000000000   189.044158540
   95.000000000   190.035522266
   96.000000000   190.953964680
   97.000000000   191.792513371
   98.000000000   192.545283800
   99.000000000   193.207489538
  100.000000000   193.775443520
  101.000000000   194.246550031
  102.000000000   194.619286933
  103.000000000   194.893184368
  104.000000000   195.068797135
  105.000000000   195.147664063
  106.000000000   195.132265139
  107.000000000   195.025972365
  108.000000000   194.832987706
  109.000000000   194.558275532
  110.000000000   194.207494691
  111.000000000   193.786919576
  112.000000000   193.303349733
  113.000000000   192.764026711
  114.000000000   192.176513407
  115.000000000   191.548572753
  116.000000000   190.888070670
  117.000000000   190.202855348
  118.000000000   189.500622077
  119.000000000   188.788780226
  120.000000000   188.074339581
  121.000000000   187.363778684
  122.000000000   186.662907849
  123.000000000   185.976758045
  124.000000000   185.309482572
  125.000000000   184.664264942
  126.000000000   184.043236408
  127.000000000   183.447420474
  128.000000000   182.876702895
  129.000000000   182.329817379
  130.000000000   181.804357047
  131.000000000   181.296816168
  132.000000000   180.802658545
  133.000000000   180.316411516
  134.000000000   179.831781236
  135.000000000   179.341793820
  136.000000000   178.838953358
  137.000000000   178.315414608
  138.000000000   177.763173709
  139.000000000   177.174263976
  140.000000000   176.540951667
  141.000000000   175.855930434
  142.000000000   175.112523138
  143.000000000   174.304869134
  144.000000000   173.428087436
  145.000000000   172.478428542
  146.000000000   171.453407289
  147.000000000   170.351907203
  148.000000000   169.174255526
  149.000000000   167.922269708
  150.000000000   166.599268922
  151.000000000   165.210051124
  152.000000000   163.760834342
  153.000000000   162.259162505
  154.000000000   160.713777153
  155.000000000   159.134457976
  156.000000000   157.531834809
  157.000000000   155.917176315
  158.000000000   154.302162342
  159.000000000   152.698647304
  160.000000000   151.118420507
  161.000000000   149.572970765
  162.000000000   148.073267186
  163.000000000   146.629562576
  164.000000000   145.251227448
  165.000000000   143.946617235
  166.000000000   142.722973488
  167.000000000   141.586364560
  168.000000000   140.541673694
  169.000000000   139.592623816
  170.000000000   138.741826748
  171.000000000   137.990864335
  172.000000000   137.340393997
  173.000000000   136.790268526
  174.000000000   136.339664426
  175.000000000   135.987212387
  176.000000000   135.731123969
  177.000000000   135.569308904
  178.000000000   135.499479157
  179.000000000   135.519237448
  180.000000000   135.626150004
  181.000000000   135.817795525
  182.000000000   136.091795871
  183.000000000   136.445836284
  184.000000000   136.877667690
  185.000000000   137.385094887
  186.000000000   137.965954879
  187.000000000   138.618084734
  188.000000000   139.339286603
  189.000000000   140.127288303
  190.000000000   140.979702537
  191.000000000   141.893990838
  192.000000000   142.867429549
  193.000000000   143.897081067
  194.000000000   144.979771740
  195.000000000   146.112075216
  196.000000000   147.290302316
  197.000000000   148.510508809
  198.000000000   149.768508135
  199.000000000   151.059886112
  200.000000000   152.380025490
  201.000000000   153.724136548
  202.000000000   155.087295911
  203.000000000   156.464490559
  204.000000000   157.850665203
  205.000000000   159.240773122
  206.000000000   160.629828188
  207.000000000   162.012955918
  208.000000000   163.385443744
  209.000000000   164.742791225
  210.000000000   166.080758419
  211.000000000   167.395410838
  212.000000000   168.683152584
  213.000000000   169.940753003
  214.000000000   171.165374396
  215.000000000   172.354590720
  216.000000000   173.506399055
  217.000000000   174.619220681
  218.000000000   175.691892716
  219.000000000   176.723651614
  220.000000000   177.714108146
  221.000000000   178.663216794
  222.000000000   179.571237122
  223.000000000   180.438685989
  224.000000000   181.266284877
  225.000000000   182.054902411
  226.000000000   182.805488293
  227.000000000   183.519013976
  228.000000000   184.196411226
  229.000000000   184.838519208
  230.000000000   185.446041845
  231.000000000   186.019504368
  232.000000000   186.558997960
  233.000000000   187.063781355
  234.000000000   187.532943143
  235.000000000   187.966156741
  236.000000000   188.363605563
  237.000000000   188.725835140
  238.000000000   189.053574389
  239.000000000   189.347533427
  240.000000000   189.608203204
  241.000000000   189.835692655
  242.000000000   190.029635605
  243.000000000   190.189197376
  244.000000000   190.313181429
  245.000000000   190.400215418
  246.000000000   190.448987366
  247.000000000   190.458481264
  248.000000000   190.428175334
  249.000000000   190.358180459
  250.000000000   190.249298770
  251.000000000   190.103009344
  252.000000000   189.921170822
  253.000000000   189.705142072
  254.000000000   189.455532518
  255.000000000   189.172590767
  256.000000000   188.856171170
  257.000000000   188.505694684
  258.000000000   188.120139303
  259.000000000   187.698060242
  260.000000000   187.237639631
  261.000000000   186.736763701
  262.000000000   186.193126583
  263.000000000   185.604355370
  264.000000000   184.968147942
  265.000000000   184.282421018
  266.000000000   183.545459843
  267.000000000   182.756060270
  268.000000000   181.913660310
  269.000000000   181.018458396
  270.000000000   180.071503379
  271.000000000   179.074759476
  272.000000000   178.031152600
  273.000000000   176.944591848
  274.000000000   175.819961616
  275.000000000   174.663085141
  276.000000000   173.480665398
  277.000000000   172.280204468
  278.000000000   171.069908016
  279.000000000   169.858571891
  280.000000000   168.655454225
  281.000000000   167.470139269
  282.000000000   166.312394466
  283.000000000   165.192023015
  284.000000000   164.118718996
  285.000000000   163.101930780
  286.000000000   162.150711636
  287.000000000   161.273575668
  288.000000000   160.478378449
  289.000000000   159.772202282
  290.000000000   159.161251437
  291.000000000   158.650760602
  292.000000000   158.244920801
  293.000000000   157.946817562
  294.000000000   157.758383890
  295.000000000   157.680374288
  296.000000000   157.712340771
  297.000000000   157.852639762
  298.000000000   158.098477287
  299.000000000   158.445944649
  300.000000000   158.890060591
  301.000000000   159.424837653
  302.000000000   160.043362192
  303.000000000   160.737886227
  304.000000000   161.499928882
  305.000000000   162.320386065
  306.000000000   163.189645209
  307.000000000   164.097708603
  308.000000000   165.034328199
  309.000000000   165.989138643
  310.000000000   166.951781386
  311.000000000   167.912031314
  312.000000000   168.859925856
  313.000000000   169.785889371
  314.000000000   170.680851891
  315.000000000   171.536362380
  316.000000000   172.344695737
  317.000000000   173.098948134
  318.000000000   173.793129084
  319.000000000   174.422246364
  320.000000000   174.982377104
  321.000000000   175.470723951
  322.000000000   175.885664978
  323.000000000   176.226786517
  324.000000000   176.494901858
  325.000000000   176.692063587
  326.000000000   176.821554394
  327.000000000   176.887862172
  328.000000000   176.896637161
  329.000000000   176.854632668
  330.000000000   176.769622448
  331.000000000   176.650294941
  332.000000000   176.506137630
  333.000000000   176.347287766
  334.000000000   176.184361119
  335.000000000   176.028273560
  336.000000000   175.890037796
  337.000000000   175.780543929
  338.000000000   175.710330601
  339.000000000   175.689348939
  340.000000000   175.726728667
  341.000000000   175.830536752
  342.000000000   176.007538066
  343.000000000   176.262989223
  344.000000000   176.600461045
  345.000000000   177.021687215
  346.000000000   177.526450414
  347.000000000   178.112513980
  348.000000000   178.775605196
  349.000000000   179.509451584
  350.000000000   180.305867064
  351.000000000   181.154887807
  352.000000000   182.044957997
  353.000000000   182.963157080
  354.000000000   183.895469143
  355.000000000   184.827081549
  356.000000000   185.742692250
  357.000000000   186.626824824
  358.000000000   187.464147891
  359.000000000   188.239785567
  360.000000000   188.939602899
  361.000000000   189.550469649
  362.000000000   190.060497752
  363.000000000   190.459243095
  364.000000000   190.737870687
  365.000000000   190.889284596
  366.000000000   190.908224637
  367.000000000   190.791306625
  368.000000000   190.537030098
  369.000000000   190.145770581
  370.000000000   189.619734552
  371.000000000   188.962887324
  372.000000000   188.180849408
  373.000000000   187.280774966
  374.000000000   186.271217892
  375.000000000   185.161978501
  376.000000000   183.963839605
  377.000000000   182.684480289
  378.000000000   181.326224676
  379.000000000   179.890157017
  380.000000000   178.379527821
  381.000000000   176.802024201
  382.000000000   175.172275371
  383.000000000   173.513735629
  384.000000000   171.858926106
  385.000000000   170.247253754
  386.000000000   168.720306140
  387.000000000   167.315499686
  388.000000000   166.059826648
  389.000000000   164.965733336
  390.000000000   164.030526955
  391.000000000   163.239480577
  392.000000000   162.571517924
  393.000000000   162.005518191
  394.000000000   161.525352856
  395.000000000   161.122525786
  396.000000000   160.796282749
  397.000000000   160.551851143
  398.000000000   160.397803925
  399.000000000   160.343473353
  400.000000000   160.396309504
  401.000000000   160.556870930
  402.000000000   160.819156163
  403.000000000   161.175133730
  404.000000000   161.615536303
  405.000000000   162.129981569
  406.000000000   162.707108484
  407.000000000   163.334729078
  408.000000000   164.000001166
  409.000000000   164.689615333
  410.000000000   165.389990686
  411.000000000   166.087482935
  412.000000000   166.768601445
  413.000000000   167.420231725
  414.000000000   168.029861838
  415.000000000   168.585806272
  416.000000000   169.077424886
  417.000000000   169.495335333
  418.000000000   169.831611238
  419.000000000   170.079961010
  420.000000000   170.235883838
  421.000000000   170.296799978
  422.000000000   170.262150918
  423.000000000   170.133462681
  424.000000000   169.914369584
  425.000000000   169.610596255
  426.000000000   169.229622123
  427.000000000   168.780436589
  428.000000000   168.273824280
  429.000000000   167.722474808
  430.000000000   167.140748467
  431.000000000   166.544385888
  432.000000000   165.950147370
  433.000000000   165.375383963
  434.000000000   164.837551693
  435.000000000   164.353687646
  436.000000000   163.939877668
  437.000000000   163.610752975
  438.000000000   163.379051926
  439.000000000   163.255277531
  440.000000000   163.247469494
  441.000000000   163.361096443
  442.000000000   163.599058799
  443.000000000   163.961782206
  444.000000000   164.447377113
  445.000000000   165.051837574
  446.000000000   165.769257436
  447.000000000   166.592055243
  448.000000000   167.511208425
  449.000000000   168.516476405
  450.000000000   169.596608454
  451.000000000   170.739163723
  452.000000000   171.930517642
  453.000000000   173.156457340
  454.000000000   174.402600142
  455.000000000   175.654655986
  456.000000000   176.898674331
  457.000000000   178.121269099
  458.000000000   179.309822781
  459.000000000   180.452661761
  460.000000000   181.539197214
  461.000000000   182.560038578
  462.000000000   183.507083084
  463.000000000   184.373576126
  464.000000000   185.154147061
  465.000000000   185.844819677
  466.000000000   186.443000872
  467.000000000   186.947450659
  468.000000000   187.358234202
  469.000000000   187.676659359
  470.000000000   187.905201393
  471.000000000   188.047417844
  472.000000000   188.107853955
  473.000000000   188.091940373
  474.000000000   188.005886968
  475.000000000   187.856572206
  476.000000000   187.651431598
  477.000000000   187.398343229
  478.000000000   187.105510420
  479.000000000   186.781348018
  480.000000000   186.434370205
  481.000000000   186.073081842
  482.000000000   185.705873950
  483.000000000   185.340923598
  484.000000000   184.986088717
  485.000000000   184.648811068
  486.000000000   184.336034185
  487.000000000   184.054122527
  488.000000000   183.808786933
  489.000000000   183.605019191
  490.000000000   183.447032715
  491.000000000   183.338211044
  492.000000000   183.281068260
  493.000000000   183.277217803
  494.000000000   183.327353780
  495.000000000   183.431243552
  496.000000000   183.587731933
  497.000000000   183.794759470
  498.000000000   184.049390586
  499.000000000   184.347854626
