    0.000000000     1.342855278
    1.000000000     1.327199289
    2.000000000     1.311308201
    3.000000000     1.295257786
    4.000000000     1.279124453
    5.000000000     1.262982117
    6.000000000     1.246903814
    7.000000000     1.230959431
    8.000000000     1.215222088
    9.000000000     1.199750989
   10.000000000     1.184609913
   11.000000000     1.169855581
   12.000000000     1.155544164
   13.000000000     1.141731958
   14.000000000     1.128481329
   15.000000000     1.115844832
   16.000000000     1.103861916
   17.000000000     1.092556199
   18.000000000     1.081961383
   19.000000000     1.072110776
   20.000000000     1.063037692
   21.000000000     1.054762632
   22.000000000     1.047308966
   23.000000000     1.040696331
   24.000000000     1.034940214
   25.000000000     1.030053014
   26.000000000     1.026043690
   27.000000000     1.022924457
   28.000000000     1.020692054
   29.000000000     1.019345707
   30.000000000     1.018881630
   31.000000000     1.019292062
   32.000000000     1.020566464
   33.000000000     1.022697853
   34.000000000     1.025667783
   35.000000000     1.029450923
   36.000000000     1.034046325
   37.000000000     1.039420968
   38.000000000     1.045528537
   39.000000000     1.052335224
   40.000000000     1.059807050
   41.000000000     1.067903361
   42.000000000     1.076581306
   43.000000000     1.085796149
   44.000000000     1.095498828
   45.000000000     1.105675403
   46.000000000     1.116315264
   47.000000000     1.127358609
   48.000000000     1.138738137
   49.000000000     1.150382834
   50.000000000     1.162223444
   51.000000000     1.174180579
   52.000000000     1.186176213
   53.000000000     1.198130323
   54.000000000     1.209961081
   55.000000000     1.221618751
   56.000000000     1.233822144
   57.000000000     1.246754467
   58.000000000     1.260192241
   59.000000000     1.273823332
   60.000000000     1.287239715
   61.000000000     1.299962175
   62.000000000     1.311454040
   63.000000000     1.321170437
   64.000000000     1.328620368
   65.000000000     1.333427876
   66.000000000     1.335393492
   67.000000000     1.334480592
   68.000000000     1.330856521
   69.000000000     1.324834390
   70.000000000     1.316843525
   71.000000000     1.307358582
   72.000000000     1.296843106
   73.000000000     1.285709886
   74.000000000     1.274296123
   75.000000000     1.262860479
   76.000000000     1.251590081
   77.000000000     1.239907296
   78.000000000     1.227334022
   79.000000000     1.213934237
   80.000000000     1.199776732
   81.000000000     1.184935465
   82.000000000     1.169501257
   83.000000000     1.153539985
   84.000000000     1.137129783
   85.000000000     1.120343305
   86.000000000     1.103183184
   87.000000000     1.085702602
   88.000000000     1.067974018
   89.000000000     1.050067758
   90.000000000     1.032054125
   91.000000000     1.013998139
   92.000000000     0.995971507
   93.000000000     0.978051646
   94.000000000     0.960283505
   95.000000000     0.942728233
   96.000000000     0.925444042
   97.000000000     0.908487546
   98.000000000     0.891911883
   99.000000000     0.875770160
  100.000000000     0.860111536
  101.000000000     0.844982584
  102.000000000     0.830429326
  103.000000000     0.816491805
  104.000000000     0.803209448
  105.000000000     0.790629826
  106.000000000     0.778780007
  107.000000000     0.767691436
  108.000000000     0.757392689
  109.000000000     0.747912780
  110.000000000     0.739271818
  111.000000000     0.731490448
  112.000000000     0.724588517
  113.000000000     0.718599780
  114.000000000     0.713516214
  115.000000000     0.709347704
  116.000000000     0.706098393
  117.000000000     0.703770344
  118.000000000     0.702366742
  119.000000000     0.701887415
  120.000000000     0.702323727
  121.000000000     0.703665061
  122.000000000     0.705900008
  123.000000000     0.709021669
  124.000000000     0.713009246
  125.000000000     0.717841121
  126.000000000     0.723495087
  127.000000000     0.729942356
  128.000000000     0.737164727
  129.000000000     0.745118104
  130.000000000     0.753770538
  131.000000000     0.763085511
  132.000000000     0.773027306
  133.000000000     0.783561403
  134.000000000     0.794640308
  135.000000000     0.806220774
  136.000000000     0.818251343
  137.000000000     0.830686286
  138.000000000     0.843477304
  139.000000000     0.856587452
  140.000000000     0.869947476
  141.000000000     0.883498970
  142.000000000     0.897183524
  143.000000000     0.910942753
  144.000000000     0.924719096
  145.000000000     0.938462637
  146.000000000     0.952101742
  147.000000000     0.965570340
  148.000000000     0.978805538
  149.000000000     0.991744180
  150.000000000     1.004322959
  151.000000000     1.016479296
  152.000000000     1.028151098
  153.000000000     1.039281535
  154.000000000     1.049817965
  155.000000000     1.059692370
  156.000000000     1.068851301
  157.000000000     1.077243693
  158.000000000     1.084822811
  159.000000000     1.091546671
  160.000000000     1.097379255
  161.000000000     1.102289961
  162.000000000     1.106256513
  163.000000000     1.109259453
  164.000000000     1.111287645
  165.000000000     1.112337857
  166.000000000     1.112413358
  167.000000000     1.111526793
  168.000000000     1.109696654
  169.000000000     1.106950882
  170.000000000     1.103316115
  171.000000000     1.098829280
  172.000000000     1.093532295
  173.000000000     1.087471564
  174.000000000     1.080697853
  175.000000000     1.073264675
  176.000000000     1.065228042
  177.000000000     1.056646146
  178.000000000     1.047578591
  179.000000000     1.038088186
  180.000000000     1.028241802
  181.000000000     1.018095872
  182.000000000     1.007708919
  183.000000000     0.997139949
  184.000000000     0.986448026
  185.000000000     0.975690734
  186.000000000     0.964925019
  187.000000000     0.954206782
  188.000000000     0.943589847
  189.000000000     0.933125164
  190.000000000     0.922862966
  191.000000000     0.912851302
  192.000000000     0.903136493
  193.000000000     0.893763578
  194.000000000     0.884781239
  195.000000000     0.876222079
  196.000000000     0.868132208
  197.000000000     0.860538368
  198.000000000     0.853472987
  199.000000000     0.846975328
  200.000000000     0.841068577
  201.000000000     0.835774440
  202.000000000     0.831116722
  203.000000000     0.827116639
  204.000000000     0.823793946
  205.000000000     0.821168892
  206.000000000     0.819255454
  207.000000000     0.818069850
  208.000000000     0.817609015
  209.000000000     0.817882572
  210.000000000     0.818901983
  211.000000000     0.820680964
  212.000000000     0.823209902
  213.000000000     0.826481651
  214.000000000     0.830490857
  215.000000000     0.835232929
  216.000000000     0.840707634
  217.000000000     0.846893057
  218.000000000     0.853778664
  219.000000000     0.861341250
  220.000000000     0.869561070
  221.000000000     0.878416288
  222.000000000     0.887908077
  223.000000000     0.897984751
  224.000000000     0.908624568
  225.000000000     0.919794047
  226.000000000     0.931447848
  227.000000000     0.943555488
  228.000000000     0.956081383
  229.000000000     0.968971527
  230.000000000     0.982180235
  231.000000000     0.995660551
  232.000000000     1.009798681
  233.000000000     1.025491395
  234.000000000     1.042360950
  235.000000000     1.059965646
  236.000000000     1.077859567
  237.000000000     1.095621092
  238.000000000     1.112832810
  239.000000000     1.129142004
  240.000000000     1.144261087
  241.000000000     1.157980945
  242.000000000     1.170181784
  243.000000000     1.180841819
  244.000000000     1.190028608
  245.000000000     1.197890664
  246.000000000     1.204645903
  247.000000000     1.210536331
  248.000000000     1.215833338
  249.000000000     1.220813429
  250.000000000     1.225745559
  251.000000000     1.230885145
  252.000000000     1.236059672
  253.000000000     1.240271218
  254.000000000     1.243441209
  255.000000000     1.245526468
  256.000000000     1.246504654
  257.000000000     1.246361579
  258.000000000     1.245089661
  259.000000000     1.242692414
  260.000000000     1.239180002
  261.000000000     1.234574107
  262.000000000     1.228899199
  263.000000000     1.222188038
  264.000000000     1.214482185
  265.000000000     1.205827461
  266.000000000     1.196275336
  267.000000000     1.185883667
  268.000000000     1.174713469
  269.000000000     1.162837022
  270.000000000     1.150317089
  271.000000000     1.137229836
  272.000000000     1.123645764
  273.000000000     1.109627342
  274.000000000     1.095247410
  275.000000000     1.080578374
  276.000000000     1.065691517
  277.000000000     1.050658018
  278.000000000     1.035545294
  279.000000000     1.020422084
  280.000000000     1.005353422
  281.000000000     0.990404426
  282.000000000     0.975639591
  283.000000000     0.961123846
  284.000000000     0.946906611
  285.000000000     0.933052067
  286.000000000     0.919613223
  287.000000000     0.906636232
  288.000000000     0.894166009
  289.000000000     0.882246942
  290.000000000     0.870921134
  291.000000000     0.860230509
  292.000000000     0.850208191
  293.000000000     0.840885677
  294.000000000     0.832295234
  295.000000000     0.824463332
  296.000000000     0.817424518
  297.000000000     0.811199011
  298.000000000     0.805793783
  299.000000000     0.801218114
  300.000000000     0.797483237
  301.000000000     0.794597102
  302.000000000     0.792564667
  303.000000000     0.791390164
  304.000000000     0.791068635
  305.000000000     0.791598200
  306.000000000     0.792975374
  307.000000000     0.795199696
  308.000000000     0.798252359
  309.000000000     0.802115171
  310.000000000     0.806766170
  311.000000000     0.812183260
  312.000000000     0.818342230
  313.000000000     0.825215739
  314.000000000     0.832773952
  315.000000000     0.840983737
  316.000000000     0.849809095
  317.000000000     0.859211821
  318.000000000     0.869150023
  319.000000000     0.879579759
  320.000000000     0.890464429
  321.000000000     0.901744243
  322.000000000     0.913367860
  323.000000000     0.925278479
  324.000000000     0.937418179
  325.000000000     0.949727861
  326.000000000     0.962146025
  327.000000000     0.974608472
  328.000000000     0.987048887
  329.000000000     0.999406599
  330.000000000     1.011607678
  331.000000000     1.023576671
  332.000000000     1.035243743
  333.000000000     1.046531953
  334.000000000     1.057363496
  335.000000000     1.067665088
  336.000000000     1.077361238
  337.000000000     1.086374086
  338.000000000     1.094638578
  339.000000000     1.102084044
  340.000000000     1.108647863
  341.000000000     1.114265731
  342.000000000     1.118891431
  343.000000000     1.122470904
  344.000000000     1.124943510
  345.000000000     1.126270137
  346.000000000     1.126419972
  347.000000000     1.125371317
  348.000000000     1.123110157
  349.000000000     1.119639780
  350.000000000     1.114966406
  351.000000000     1.109096209
  352.000000000     1.102053941
  353.000000000     1.093881112
  354.000000000     1.084617715
  355.000000000     1.074308771
  356.000000000     1.063005555
  357.000000000     1.050771260
  358.000000000     1.037676414
  359.000000000     1.023796772
  360.000000000     1.009200860
  361.000000000     0.993964267
  362.000000000     0.978164884
  363.000000000     0.961884886
  364.000000000     0.945206116
  365.000000000     0.928216053
  366.000000000     0.911013128
  367.000000000     0.893655860
  368.000000000     0.876220594
  369.000000000     0.858784020
  370.000000000     0.841420699
  371.000000000     0.824211404
  372.000000000     0.807218307
  373.000000000     0.790507768
  374.000000000     0.774147369
  375.000000000     0.758206448
  376.000000000     0.742765698
  377.000000000     0.728658904
  378.000000000     0.716347094
  379.000000000     0.705850071
  380.000000000     0.697100745
  381.000000000     0.689923229
  382.000000000     0.684008047
  383.000000000     0.678933855
  384.000000000     0.674187408
  385.000000000     0.669223319
  386.000000000     0.663528400
  387.000000000     0.656706353
  388.000000000     0.648552362
  389.000000000     0.639078280
  390.000000000     0.628497648
  391.000000000     0.617224772
  392.000000000     0.605808353
  393.000000000     0.594864322
  394.000000000     0.584941200
  395.000000000     0.576526924
  396.000000000     0.569997284
  397.000000000     0.565595668
  398.000000000     0.563455064
  399.000000000     0.563600493
  400.000000000     0.565853697
  401.000000000     0.569329560
  402.000000000     0.573881618
  403.000000000     0.579485822
  404.000000000     0.586128319
  405.000000000     0.593773555
  406.000000000     0.602391318
  407.000000000     0.611949776
  408.000000000     0.622409327
  409.000000000     0.633726906
  410.000000000     0.645856569
  411.000000000     0.658748423
  412.000000000     0.672345347
  413.000000000     0.686587122
  414.000000000     0.701409524
  415.000000000     0.716743401
  416.000000000     0.732515414
  417.000000000     0.748648719
  418.000000000     0.765060158
  419.000000000     0.781662450
  420.000000000     0.798382011
  421.000000000     0.815114716
  422.000000000     0.831762372
  423.000000000     0.848227474
  424.000000000     0.864409237
  425.000000000     0.880206945
  426.000000000     0.896162674
  427.000000000     0.912641988
  428.000000000     0.929372116
  429.000000000     0.946046873
  430.000000000     0.962318411
  431.000000000     0.977843409
  432.000000000     0.992263507
  433.000000000     1.005219696
  434.000000000     1.016371293
  435.000000000     1.025415547
  436.000000000     1.032103548
  437.000000000     1.036251066
  438.000000000     1.037754875
  439.000000000     1.036596803
  440.000000000     1.032841939
  441.000000000     1.026631499
  442.000000000     1.018167504
  443.000000000     1.007703758
  444.000000000     0.995527591
  445.000000000     0.981940468
  446.000000000     0.967243818
  447.000000000     0.951734530
  448.000000000     0.935700917
  449.000000000     0.919386689
  450.000000000     0.902978657
  451.000000000     0.885769567
  452.000000000     0.867553090
  453.000000000     0.848418475
  454.000000000     0.828460385
  455.000000000     0.807797289
  456.000000000     0.786514018
  457.000000000     0.764694924
  458.000000000     0.742439347
  459.000000000     0.719854298
  460.000000000     0.697021017
  461.000000000     0.674032344
  462.000000000     0.650977444
  463.000000000     0.627950135
  464.000000000     0.605032443
  465.000000000     0.582308866
  466.000000000     0.559858372
  467.000000000     0.537756680
  468.000000000     0.516077532
  469.000000000     0.494890794
  470.000000000     0.474264390
  471.000000000     0.454261694
  472.000000000     0.434941174
  473.000000000     0.416359287
  474.000000000     0.398568891
  475.000000000     0.381619635
  476.000000000     0.365557602
  477.000000000     0.350425958
  478.000000000     0.336266106
  479.000000000     0.323112392
  480.000000000     0.311003680
  481.000000000     0.299963081
  482.000000000     0.290019149
  483.000000000     0.281198932
  484.000000000     0.273515017
  485.000000000     0.266982960
  486.000000000     0.261615993
  487.000000000     0.257423742
  488.000000000     0.254410472
  489.000000000     0.252579353
  490.000000000     0.251927908
  491.000000000     0.252450907
  492.000000000     0.254133845
  493.000000000     0.256962728
  494.000000000     0.260922336
  495.000000000     0.265989005
  496.000000000     0.272137373
  497.000000000     0.279328888
  498.000000000     0.287526681
  499.000000000     0.296689487
