    0.000000000     1.002519530
    1.000000000     1.013265778
    2.000000000     1.023374484
    3.000000000     1.032817287
    4.000000000     1.041551966
    5.000000000     1.049543431
    6.000000000     1.056764429
    7.000000000     1.063185104
    8.000000000     1.068785057
    9.000000000     1.073531931
   10.000000000     1.077427297
   11.000000000     1.080426532
   12.000000000     1.082507556
   13.000000000     1.083653495
   14.000000000     1.083851008
   15.000000000     1.083088083
   16.000000000     1.081358964
   17.000000000     1.078656628
   18.000000000     1.074981594
   19.000000000     1.070335773
   20.000000000     1.064725723
   21.000000000     1.058163483
   22.000000000     1.050665782
   23.000000000     1.042255117
   24.000000000     1.032958460
   25.000000000     1.022813521
   26.000000000     1.011852068
   27.000000000     1.000120642
   28.000000000     0.987664590
   29.000000000     0.974531614
   30.000000000     0.960770813
   31.000000000     0.946436838
   32.000000000     0.931587310
   33.000000000     0.916292000
   34.000000000     0.900620206
   35.000000000     0.884614088
   36.000000000     0.868341307
   37.000000000     0.851861839
   38.000000000     0.835228583
   39.000000000     0.818501146
   40.000000000     0.801741378
   41.000000000     0.785006488
   42.000000000     0.768351371
   43.000000000     0.751831547
   44.000000000     0.735499198
   45.000000000     0.720035072
   46.000000000     0.706189477
   47.000000000     0.693861553
   48.000000000     0.682948951
   49.000000000     0.673331917
   50.000000000     0.664893167
   51.000000000     0.657509254
   52.000000000     0.651053414
   53.000000000     0.645396069
   54.000000000     0.640406292
   55.000000000     0.636389887
   56.000000000     0.643539390
   57.000000000     0.665243352
   58.000000000     0.699729791
   59.000000000     0.744360257
   60.000000000     0.795490443
   61.000000000     0.848540642
   62.000000000     0.898280527
   63.000000000     0.939358023
   64.000000000     0.966968375
   65.000000000     0.977554529
   66.000000000     0.969373283
   67.000000000     0.942775255
   68.000000000     0.900163993
   69.000000000     0.845604114
   70.000000000     0.784201731
   71.000000000     0.721398145
   72.000000000     0.662328686
   73.000000000     0.611365330
   74.000000000     0.571889629
   75.000000000     0.546297958
   76.000000000     0.536154500
   77.000000000     0.533623781
   78.000000000     0.532174721
   79.000000000     0.531949382
   80.000000000     0.533085643
   81.000000000     0.535720018
   82.000000000     0.539980125
   83.000000000     0.545982764
   84.000000000     0.553844430
   85.000000000     0.563568292
   86.000000000     0.574172077
   87.000000000     0.585373325
   88.000000000     0.597142587
   89.000000000     0.609447224
   90.000000000     0.622253594
   91.000000000     0.635527101
   92.000000000     0.649232465
   93.000000000     0.663355214
   94.000000000     0.677830130
   95.000000000     0.692613741
   96.000000000     0.707669189
   97.000000000     0.722951046
   98.000000000     0.738409484
   99.000000000     0.754001595
  100.000000000     0.769682890
  101.000000000     0.785407042
  102.000000000     0.801134053
  103.000000000     0.816818881
  104.000000000     0.832420053
  105.000000000     0.847897433
  106.000000000     0.863217163
  107.000000000     0.878342392
  108.000000000     0.893240528
  109.000000000     0.907881196
  110.000000000     0.922230898
  111.000000000     0.936262648
  112.000000000     0.949957275
  113.000000000     0.963287627
  114.000000000     0.976238598
  115.000000000     0.988787323
  116.000000000     1.000908597
  117.000000000     1.012585026
  118.000000000     1.023799391
  119.000000000     1.034548524
  120.000000000     1.044831486
  121.000000000     1.054614755
  122.000000000     1.063902470
  123.000000000     1.072693088
  124.000000000     1.080966064
  125.000000000     1.088719365
  126.000000000     1.095953309
  127.000000000     1.102671798
  128.000000000     1.108882140
  129.000000000     1.114592856
  130.000000000     1.119816878
  131.000000000     1.124569790
  132.000000000     1.128869641
  133.000000000     1.132736690
  134.000000000     1.136192848
  135.000000000     1.139265786
  136.000000000     1.141973868
  137.000000000     1.144349647
  138.000000000     1.146420775
  139.000000000     1.148225537
  140.000000000     1.149776641
  141.000000000     1.151106663
  142.000000000     1.152222522
  143.000000000     1.153152184
  144.000000000     1.153921491
  145.000000000     1.154553252
  146.000000000     1.155062635
  147.000000000     1.155462323
  148.000000000     1.155768891
  149.000000000     1.155997024
  150.000000000     1.156160024
  151.000000000     1.156271635
  152.000000000     1.156344456
  153.000000000     1.156390928
  154.000000000     1.156423738
  155.000000000     1.156455784
  156.000000000     1.156502195
  157.000000000     1.156575660
  158.000000000     1.156690463
  159.000000000     1.156862513
  160.000000000     1.157118774
  161.000000000     1.157468498
  162.000000000     1.157929004
  163.000000000     1.158502871
  164.000000000     1.159216010
  165.000000000     1.160086109
  166.000000000     1.161131383
  167.000000000     1.162373559
  168.000000000     1.163824092
  169.000000000     1.165499365
  170.000000000     1.167409447
  171.000000000     1.169566764
  172.000000000     1.171982611
  173.000000000     1.174666718
  174.000000000     1.177627908
  175.000000000     1.180872942
  176.000000000     1.184406812
  177.000000000     1.188232784
  178.000000000     1.192352295
  179.000000000     1.196765003
  180.000000000     1.201470389
  181.000000000     1.206464047
  182.000000000     1.211739597
  183.000000000     1.217287436
  184.000000000     1.223097227
  185.000000000     1.229158027
  186.000000000     1.235461457
  187.000000000     1.241985989
  188.000000000     1.248722931
  189.000000000     1.255641311
  190.000000000     1.262719104
  191.000000000     1.269932583
  192.000000000     1.277256278
  193.000000000     1.284662399
  194.000000000     1.292121242
  195.000000000     1.299613182
  196.000000000     1.307098095
  197.000000000     1.314537600
  198.000000000     1.321895853
  199.000000000     1.329135660
  200.000000000     1.336216244
  201.000000000     1.343099551
  202.000000000     1.349746348
  203.000000000     1.356116556
  204.000000000     1.362170310
  205.000000000     1.367873331
  206.000000000     1.373180107
  207.000000000     1.378047902
  208.000000000     1.382437841
  209.000000000     1.386312094
  210.000000000     1.389633452
  211.000000000     1.392365445
  212.000000000     1.394473715
  213.000000000     1.395924429
  214.000000000     1.396686865
  215.000000000     1.396726411
  216.000000000     1.396013454
  217.000000000     1.394517052
  218.000000000     1.392212291
  219.000000000     1.389066636
  220.000000000     1.385052118
  221.000000000     1.380142856
  222.000000000     1.374314414
  223.000000000     1.367541571
  224.000000000     1.359800271
  225.000000000     1.351068267
  226.000000000     1.341323288
  227.000000000     1.330546492
  228.000000000     1.318722307
  229.000000000     1.305834332
  230.000000000     1.291868324
  231.000000000     1.276815977
  232.000000000     1.260755622
  233.000000000     1.243870490
  234.000000000     1.226103292
  235.000000000     1.207387845
  236.000000000     1.187658553
  237.000000000     1.166859967
  238.000000000     1.144941637
  239.000000000     1.121870600
  240.000000000     1.097633008
  241.000000000     1.072236548
  242.000000000     1.045708852
  243.000000000     1.018101784
  244.000000000     0.989491090
  245.000000000     0.959972321
  246.000000000     0.929661153
  247.000000000     0.898677075
  248.000000000     0.867143967
  249.000000000     0.835189927
  250.000000000     0.802942518
  251.000000000     0.770524448
  252.000000000     0.737974881
  253.000000000     0.705181473
  254.000000000     0.672190641
  255.000000000     0.639068439
  256.000000000     0.605885868
  257.000000000     0.572707552
  258.000000000     0.539600758
  259.000000000     0.506632016
  260.000000000     0.473870110
  261.000000000     0.441382047
  262.000000000     0.409237458
  263.000000000     0.377505796
  264.000000000     0.346260296
  265.000000000     0.315564708
  266.000000000     0.285485371
  267.000000000     0.256087650
  268.000000000     0.227435207
  269.000000000     0.199591238
  270.000000000     0.172620242
  271.000000000     0.146580103
  272.000000000     0.121520361
  273.000000000     0.097490803
  274.000000000     0.074537173
  275.000000000     0.052699167
  276.000000000     0.032023174
  277.000000000     0.012546221
  278.000000000    -0.005704837
  279.000000000    -0.022703960
  280.000000000    -0.038431336
  281.000000000    -0.052868330
  282.000000000    -0.065998890
  283.000000000    -0.077811736
  284.000000000    -0.088307104
  285.000000000    -0.097480318
  286.000000000    -0.105336587
  287.000000000    -0.111879811
  288.000000000    -0.117118944
  289.000000000    -0.121064973
  290.000000000    -0.123732244
  291.000000000    -0.125137252
  292.000000000    -0.125298452
  293.000000000    -0.124241107
  294.000000000    -0.121990421
  295.000000000    -0.118569598
  296.000000000    -0.114011418
  297.000000000    -0.108350060
  298.000000000    -0.101622785
  299.000000000    -0.093868253
  300.000000000    -0.085126485
  301.000000000    -0.075440959
  302.000000000    -0.064857189
  303.000000000    -0.053422231
  304.000000000    -0.041196504
  305.000000000    -0.028225310
  306.000000000    -0.014557452
  307.000000000    -0.000253203
  308.000000000     0.014626034
  309.000000000     0.030018870
  310.000000000     0.045863863
  311.000000000     0.062097448
  312.000000000     0.078656852
  313.000000000     0.095480933
  314.000000000     0.112507335
  315.000000000     0.129673919
  316.000000000     0.146919455
  317.000000000     0.164203366
  318.000000000     0.181454570
  319.000000000     0.198607262
  320.000000000     0.215615780
  321.000000000     0.232415896
  322.000000000     0.248960204
  323.000000000     0.265189713
  324.000000000     0.281059416
  325.000000000     0.296524315
  326.000000000     0.311540958
  327.000000000     0.326066637
  328.000000000     0.340060754
  329.000000000     0.353486504
  330.000000000     0.366308687
  331.000000000     0.378495174
  332.000000000     0.390033090
  333.000000000     0.400876271
  334.000000000     0.410998307
  335.000000000     0.420381214
  336.000000000     0.429009725
  337.000000000     0.436872417
  338.000000000     0.443969951
  339.000000000     0.450298754
  340.000000000     0.455882449
  341.000000000     0.460724933
  342.000000000     0.464826129
  343.000000000     0.468205912
  344.000000000     0.470890293
  345.000000000     0.472907066
  346.000000000     0.474290324
  347.000000000     0.475078211
  348.000000000     0.475312786
  349.000000000     0.475040977
  350.000000000     0.474310574
  351.000000000     0.473169993
  352.000000000     0.471671019
  353.000000000     0.469866979
  354.000000000     0.467812117
  355.000000000     0.465559911
  356.000000000     0.463166011
  357.000000000     0.460698708
  358.000000000     0.458202498
  359.000000000     0.455732654
  360.000000000     0.453343180
  361.000000000     0.451088553
  362.000000000     0.449023087
  363.000000000     0.447200531
  364.000000000     0.445675501
  365.000000000     0.444503390
  366.000000000     0.443740451
  367.000000000     0.443434772
  368.000000000     0.443637316
  369.000000000     0.444398588
  370.000000000     0.445772373
  371.000000000     0.447804076
  372.000000000     0.450536497
  373.000000000     0.454015771
  374.000000000     0.458290883
  375.000000000     0.463406629
  376.000000000     0.469591971
  377.000000000     0.484367834
  378.000000000     0.511649852
  379.000000000     0.551268977
  380.000000000     0.602388124
  381.000000000     0.663252968
  382.000000000     0.731055204
  383.000000000     0.801961737
  384.000000000     0.871347186
  385.000000000     0.934252298
  386.000000000     0.986000544
  387.000000000     1.022878420
  388.000000000     1.042722279
  389.000000000     1.045277296
  390.000000000     1.032237147
  391.000000000     1.006962784
  392.000000000     0.973933285
  393.000000000     0.938075507
  394.000000000     0.904118601
  395.000000000     0.876092051
  396.000000000     0.857032185
  397.000000000     0.848915571
  398.000000000     0.852738068
  399.000000000     0.868766277
  400.000000000     0.895350716
  401.000000000     0.923979125
  402.000000000     0.953249877
  403.000000000     0.983112894
  404.000000000     1.013522210
  405.000000000     1.044417254
  406.000000000     1.075735757
  407.000000000     1.107425129
  408.000000000     1.139425244
  409.000000000     1.171675390
  410.000000000     1.204110181
  411.000000000     1.236666936
  412.000000000     1.269273610
  413.000000000     1.301860094
  414.000000000     1.334357517
  415.000000000     1.366693572
  416.000000000     1.398795865
  417.000000000     1.430592478
  418.000000000     1.462011200
  419.000000000     1.492981356
  420.000000000     1.523437578
  421.000000000     1.553302996
  422.000000000     1.582505679
  423.000000000     1.610977034
  424.000000000     1.638650520
  425.000000000     1.665480040
  426.000000000     1.691492076
  427.000000000     1.716668020
  428.000000000     1.740911168
  429.000000000     1.764133949
  430.000000000     1.786260933
  431.000000000     1.807210174
  432.000000000     1.826874045
  433.000000000     1.845152869
  434.000000000     1.861957245
  435.000000000     1.877203803
  436.000000000     1.890819615
  437.000000000     1.902743868
  438.000000000     1.912930839
  439.000000000     1.921346912
  440.000000000     1.927979064
  441.000000000     1.932824536
  442.000000000     1.935897044
  443.000000000     1.937222449
  444.000000000     1.936837090
  445.000000000     1.934784159
  446.000000000     1.931111646
  447.000000000     1.925871376
  448.000000000     1.919118952
  449.000000000     1.910910368
  450.000000000     1.901290848
  451.000000000     1.890179032
  452.000000000     1.877592151
  453.000000000     1.863552479
  454.000000000     1.848101366
  455.000000000     1.831285052
  456.000000000     1.813155630
  457.000000000     1.793765331
  458.000000000     1.773169612
  459.000000000     1.751428274
  460.000000000     1.728591883
  461.000000000     1.704716972
  462.000000000     1.679859249
  463.000000000     1.654076958
  464.000000000     1.627427481
  465.000000000     1.599969230
  466.000000000     1.571759530
  467.000000000     1.542856950
  468.000000000     1.513320388
  469.000000000     1.483208935
  470.000000000     1.452585206
  471.000000000     1.421505877
  472.000000000     1.390033582
  473.000000000     1.358230465
  474.000000000     1.326157845
  475.000000000     1.293879030
  476.000000000     1.261452327
  477.000000000     1.228942996
  478.000000000     1.196415209
  479.000000000     1.163929983
  480.000000000     1.131548373
  481.000000000     1.099327751
  482.000000000     1.067329181
  483.000000000     1.035627400
  484.000000000     1.004252529
  485.000000000     0.973251222
  486.000000000     0.942671284
  487.000000000     0.912555768
  488.000000000     0.882947317
  489.000000000     0.853888893
  490.000000000     0.825410672
  491.000000000     0.797547645
  492.000000000     0.770328162
  493.000000000     0.743793253
  494.000000000     0.717954166
  495.000000000     0.692827993
  496.000000000     0.668437417
  497.000000000     0.644796020
  498.000000000     0.621919990
  499.000000000     0.599824294
