    0.000000000     1.296077225
    1.000000000     1.290802104
    2.000000000     1.285079095
    3.000000000     1.278940374
    4.000000000     1.272409575
    5.000000000     1.265515173
    6.000000000     1.258287772
    7.000000000     1.250755735
    8.000000000     1.242964670
    9.000000000     1.234924988
   10.000000000     1.226672140
   11.000000000     1.218223481
   12.000000000     1.209603427
   13.000000000     1.200838108
   14.000000000     1.191958404
   15.000000000     1.182987511
   16.000000000     1.173947500
   17.000000000     1.164854121
   18.000000000     1.155728799
   19.000000000     1.146593213
   20.000000000     1.137472772
   21.000000000     1.128382603
   22.000000000     1.119344738
   23.000000000     1.110380869
   24.000000000     1.101511065
   25.000000000     1.092758520
   26.000000000     1.084142803
   27.000000000     1.075688033
   28.000000000     1.067416220
   29.000000000     1.059348233
   30.000000000     1.051499457
   31.000000000     1.043885866
   32.000000000     1.036525005
   33.000000000     1.029442007
   34.000000000     1.022653905
   35.000000000     1.016164120
   36.000000000     1.009995113
   37.000000000     1.004155098
   38.000000000     0.998642357
   39.000000000     0.993462217
   40.000000000     0.988621624
   41.000000000     0.984121105
   42.000000000     0.979958870
   43.000000000     0.976134453
   44.000000000     0.972640398
   45.000000000     0.969724196
   46.000000000     0.967660480
   47.000000000     0.966379941
   48.000000000     0.965808499
   49.000000000     0.965863770
   50.000000000     0.966464342
   51.000000000     0.967522691
   52.000000000     0.968950034
   53.000000000     0.970655465
   54.000000000     0.972546620
   55.000000000     0.974706036
   56.000000000     0.981198477
   57.000000000     0.993348890
   58.000000000     1.010405890
   59.000000000     1.031255509
   60.000000000     1.054366993
   61.000000000     1.077836148
   62.000000000     1.099490519
   63.000000000     1.117107304
   64.000000000     1.128688896
   65.000000000     1.132747673
   66.000000000     1.128540644
   67.000000000     1.116171683
   68.000000000     1.096592202
   69.000000000     1.071433752
   70.000000000     1.042765953
   71.000000000     1.012805542
   72.000000000     0.983653602
   73.000000000     0.957108653
   74.000000000     0.934572963
   75.000000000     0.917052301
   76.000000000     0.905214370
   77.000000000     0.895913178
   78.000000000     0.886527850
   79.000000000     0.877145457
   80.000000000     0.867854319
   81.000000000     0.858746154
   82.000000000     0.849916608
   83.000000000     0.841445515
   84.000000000     0.833420813
   85.000000000     0.825881226
   86.000000000     0.818467347
   87.000000000     0.811105107
   88.000000000     0.803824435
   89.000000000     0.796650635
   90.000000000     0.789610556
   91.000000000     0.782728345
   92.000000000     0.776033500
   93.000000000     0.769565260
   94.000000000     0.763318242
   95.000000000     0.757309844
   96.000000000     0.751559287
   97.000000000     0.746079383
   98.000000000     0.740880441
   99.000000000     0.735974764
  100.000000000     0.731372164
  101.000000000     0.727080414
  102.000000000     0.723111132
  103.000000000     0.719467767
  104.000000000     0.716154991
  105.000000000     0.713181255
  106.000000000     0.710549115
  107.000000000     0.708261203
  108.000000000     0.706321272
  109.000000000     0.704733368
  110.000000000     0.703493887
  111.000000000     0.702603502
  112.000000000     0.702066302
  113.000000000     0.701894670
  114.000000000     0.702074126
  115.000000000     0.702601710
  116.000000000     0.703470128
  117.000000000     0.704674196
  118.000000000     0.706213353
  119.000000000     0.708091519
  120.000000000     0.710298112
  121.000000000     0.712817735
  122.000000000     0.715648447
  123.000000000     0.718787961
  124.000000000     0.722219686
  125.000000000     0.725933680
  126.000000000     0.729923614
  127.000000000     0.734176754
  128.000000000     0.738688009
  129.000000000     0.743440734
  130.000000000     0.748425388
  131.000000000     0.753631382
  132.000000000     0.759050669
  133.000000000     0.764674562
  134.000000000     0.770487180
  135.000000000     0.776478486
  136.000000000     0.782630500
  137.000000000     0.788932566
  138.000000000     0.795370750
  139.000000000     0.801948925
  140.000000000     0.808631446
  141.000000000     0.815400578
  142.000000000     0.822225756
  143.000000000     0.829086894
  144.000000000     0.835963852
  145.000000000     0.842838817
  146.000000000     0.849678184
  147.000000000     0.856449043
  148.000000000     0.863122880
  149.000000000     0.869669779
  150.000000000     0.876059639
  151.000000000     0.882261613
  152.000000000     0.888244515
  153.000000000     0.893979338
  154.000000000     0.899438814
  155.000000000     0.904590872
  156.000000000     0.909410114
  157.000000000     0.913871713
  158.000000000     0.917953742
  159.000000000     0.921638482
  160.000000000     0.924917115
  161.000000000     0.927772427
  162.000000000     0.930198049
  163.000000000     0.932184715
  164.000000000     0.933736425
  165.000000000     0.934859024
  166.000000000     0.935564021
  167.000000000     0.935872608
  168.000000000     0.935795755
  169.000000000     0.935355573
  170.000000000     0.934574086
  171.000000000     0.933479000
  172.000000000     0.932100394
  173.000000000     0.930470203
  174.000000000     0.928623288
  175.000000000     0.926593975
  176.000000000     0.924416612
  177.000000000     0.922126402
  178.000000000     0.919758257
  179.000000000     0.917347379
  180.000000000     0.914930465
  181.000000000     0.912539592
  182.000000000     0.910204716
  183.000000000     0.907952484
  184.000000000     0.905810068
  185.000000000     0.903802328
  186.000000000     0.901955334
  187.000000000     0.900289256
  188.000000000     0.898826101
  189.000000000     0.897578184
  190.000000000     0.896560435
  191.000000000     0.895785236
  192.000000000     0.895263305
  193.000000000     0.895003772
  194.000000000     0.895019542
  195.000000000     0.895311269
  196.000000000     0.895885979
  197.000000000     0.896734940
  198.000000000     0.897855701
  199.000000000     0.899247387
  200.000000000     0.900901688
  201.000000000     0.902810680
  202.000000000     0.904966192
  203.000000000     0.907358375
  204.000000000     0.909976671
  205.000000000     0.912812938
  206.000000000     0.915851540
  207.000000000     0.919078981
  208.000000000     0.922476177
  209.000000000     0.926028607
  210.000000000     0.929722766
  211.000000000     0.933546525
  212.000000000     0.937479268
  213.000000000     0.941500938
  214.000000000     0.945593873
  215.000000000     0.949739000
  216.000000000     0.953921493
  217.000000000     0.958116451
  218.000000000     0.962306997
  219.000000000     0.966467780
  220.000000000     0.970576224
  221.000000000     0.974609200
  222.000000000     0.978552491
  223.000000000     0.982375035
  224.000000000     0.986058684
  225.000000000     0.989578457
  226.000000000     0.992899209
  227.000000000     0.995995651
  228.000000000     0.998848203
  229.000000000     1.001420236
  230.000000000     1.003683228
  231.000000000     1.005610635
  232.000000000     1.007551769
  233.000000000     1.010302564
  234.000000000     1.013561074
  235.000000000     1.016969984
  236.000000000     1.020168631
  237.000000000     1.022817918
  238.000000000     1.024593609
  239.000000000     1.025222237
  240.000000000     1.024493034
  241.000000000     1.022263591
  242.000000000     1.018468517
  243.000000000     1.013130616
  244.000000000     1.006352478
  245.000000000     0.998306974
  246.000000000     0.989224229
  247.000000000     0.979363709
  248.000000000     0.969005259
  249.000000000     0.958432890
  250.000000000     0.947923465
  251.000000000     0.937740399
  252.000000000     0.927776945
  253.000000000     0.917216352
  254.000000000     0.906022660
  255.000000000     0.894205491
  256.000000000     0.881784805
  257.000000000     0.868782966
  258.000000000     0.855227135
  259.000000000     0.841149640
  260.000000000     0.826587899
  261.000000000     0.811583143
  262.000000000     0.796179240
  263.000000000     0.780424786
  264.000000000     0.764374285
  265.000000000     0.748080519
  266.000000000     0.731600030
  267.000000000     0.714991829
  268.000000000     0.698315632
  269.000000000     0.681640421
  270.000000000     0.665023409
  271.000000000     0.648533141
  272.000000000     0.632225713
  273.000000000     0.616152731
  274.000000000     0.600371472
  275.000000000     0.584934755
  276.000000000     0.569899895
  277.000000000     0.555319002
  278.000000000     0.541236774
  279.000000000     0.527699024
  280.000000000     0.514747410
  281.000000000     0.502422476
  282.000000000     0.490762971
  283.000000000     0.479806713
  284.000000000     0.469578461
  285.000000000     0.460118731
  286.000000000     0.451445165
  287.000000000     0.443578017
  288.000000000     0.436534793
  289.000000000     0.430333152
  290.000000000     0.424987271
  291.000000000     0.420510288
  292.000000000     0.416910800
  293.000000000     0.414191075
  294.000000000     0.412354790
  295.000000000     0.411404005
  296.000000000     0.411346241
  297.000000000     0.412175998
  298.000000000     0.413873057
  299.000000000     0.416423805
  300.000000000     0.419815244
  301.000000000     0.424031160
  302.000000000     0.429052973
  303.000000000     0.434860749
  304.000000000     0.441426116
  305.000000000     0.448726422
  306.000000000     0.456737689
  307.000000000     0.465432459
  308.000000000     0.474775258
  309.000000000     0.484730932
  310.000000000     0.495258376
  311.000000000     0.506318049
  312.000000000     0.517869732
  313.000000000     0.529872046
  314.000000000     0.542283473
  315.000000000     0.555058823
  316.000000000     0.568151589
  317.000000000     0.581521787
  318.000000000     0.595117470
  319.000000000     0.608887336
  320.000000000     0.622788967
  321.000000000     0.636765721
  322.000000000     0.650772062
  323.000000000     0.664749668
  324.000000000     0.678647206
  325.000000000     0.692413128
  326.000000000     0.705995629
  327.000000000     0.719341970
  328.000000000     0.732398944
  329.000000000     0.745120144
  330.000000000     0.757450132
  331.000000000     0.769333107
  332.000000000     0.780725405
  333.000000000     0.791567119
  334.000000000     0.801805988
  335.000000000     0.811394880
  336.000000000     0.820286617
  337.000000000     0.828434190
  338.000000000     0.835807735
  339.000000000     0.842363247
  340.000000000     0.848078886
  341.000000000     0.852921678
  342.000000000     0.856861072
  343.000000000     0.859878205
  344.000000000     0.861951453
  345.000000000     0.863070794
  346.000000000     0.863233131
  347.000000000     0.862443902
  348.000000000     0.860710376
  349.000000000     0.858050224
  350.000000000     0.854485132
  351.000000000     0.850045887
  352.000000000     0.844769055
  353.000000000     0.838691847
  354.000000000     0.831852761
  355.000000000     0.824295426
  356.000000000     0.816069344
  357.000000000     0.807233968
  358.000000000     0.797845086
  359.000000000     0.787964837
  360.000000000     0.777651114
  361.000000000     0.766965905
  362.000000000     0.755972175
  363.000000000     0.744736102
  364.000000000     0.733323827
  365.000000000     0.721805753
  366.000000000     0.710258053
  367.000000000     0.698731511
  368.000000000     0.687289082
  369.000000000     0.675993883
  370.000000000     0.664909357
  371.000000000     0.654102487
  372.000000000     0.643623715
  373.000000000     0.633529720
  374.000000000     0.623880694
  375.000000000     0.614733613
  376.000000000     0.606222453
  377.000000000     0.601602335
  378.000000000     0.602589669
  379.000000000     0.609144819
  380.000000000     0.620934038
  381.000000000     0.637218199
  382.000000000     0.656796513
  383.000000000     0.678024121
  384.000000000     0.698907050
  385.000000000     0.717307429
  386.000000000     0.731207154
  387.000000000     0.739008400
  388.000000000     0.739790934
  389.000000000     0.733459071
  390.000000000     0.720757926
  391.000000000     0.703161039
  392.000000000     0.682633170
  393.000000000     0.661341344
  394.000000000     0.641352348
  395.000000000     0.624436463
  396.000000000     0.611932941
  397.000000000     0.604716044
  398.000000000     0.603233003
  399.000000000     0.607601255
  400.000000000     0.617112559
  401.000000000     0.628106187
  402.000000000     0.639981900
  403.000000000     0.652706722
  404.000000000     0.666261893
  405.000000000     0.680600654
  406.000000000     0.695686398
  407.000000000     0.711482036
  408.000000000     0.727941546
  409.000000000     0.745019240
  410.000000000     0.762665395
  411.000000000     0.780829120
  412.000000000     0.799452565
  413.000000000     0.818476852
  414.000000000     0.837841314
  415.000000000     0.857481210
  416.000000000     0.877329593
  417.000000000     0.897318321
  418.000000000     0.917375812
  419.000000000     0.937428889
  420.000000000     0.957410357
  421.000000000     0.977237871
  422.000000000     0.996832092
  423.000000000     1.016115079
  424.000000000     1.035007888
  425.000000000     1.053438759
  426.000000000     1.071845969
  427.000000000     1.090519779
  428.000000000     1.109236866
  429.000000000     1.127760117
  430.000000000     1.145833802
  431.000000000     1.163189437
  432.000000000     1.179537934
  433.000000000     1.194593075
  434.000000000     1.208083489
  435.000000000     1.219765630
  436.000000000     1.229437481
  437.000000000     1.236947098
  438.000000000     1.242205376
  439.000000000     1.245188383
  440.000000000     1.245938982
  441.000000000     1.244555480
  442.000000000     1.241185899
  443.000000000     1.236018247
  444.000000000     1.229266845
  445.000000000     1.221156469
  446.000000000     1.211909654
  447.000000000     1.201745945
  448.000000000     1.190878064
  449.000000000     1.179482946
  450.000000000     1.167691417
  451.000000000     1.154911046
  452.000000000     1.140964529
  453.000000000     1.125900704
  454.000000000     1.109775823
  455.000000000     1.092657370
  456.000000000     1.074606345
  457.000000000     1.055684115
  458.000000000     1.035956288
  459.000000000     1.015495861
  460.000000000     0.994362045
  461.000000000     0.972621875
  462.000000000     0.950340990
  463.000000000     0.927589482
  464.000000000     0.904430758
  465.000000000     0.880931592
  466.000000000     0.857155356
  467.000000000     0.833164828
  468.000000000     0.809023192
  469.000000000     0.784791784
  470.000000000     0.760532740
  471.000000000     0.736304533
  472.000000000     0.712165812
  473.000000000     0.688174325
  474.000000000     0.664385955
  475.000000000     0.640856304
  476.000000000     0.617638273
  477.000000000     0.594785440
  478.000000000     0.572349656
  479.000000000     0.550378556
  480.000000000     0.528921681
  481.000000000     0.508021891
  482.000000000     0.487723250
  483.000000000     0.468074507
  484.000000000     0.449104682
  485.000000000     0.430845454
  486.000000000     0.413329758
  487.000000000     0.396586823
  488.000000000     0.380642328
  489.000000000     0.365522813
  490.000000000     0.351246817
  491.000000000     0.337833721
  492.000000000     0.325291283
  493.000000000     0.313639609
  494.000000000     0.302885231
  495.000000000     0.293025016
  496.000000000     0.284059739
  497.000000000     0.275983114
  498.000000000     0.268788946
  499.000000000     0.262468954
