    0.000000000    15.009448051
    1.000000000    15.009448051
    2.000000000    15.009448051
    3.000000000    15.009448051
    4.000000000    15.009448051
    5.000000000    15.009448051
    6.000000000    15.009448051
    7.000000000    15.009448051
    8.000000000    15.009448051
    9.000000000    15.009448051
   10.000000000    15.009448051
   11.000000000    15.009448051
   12.000000000    15.009448051
   13.000000000    15.009448051
   14.000000000    15.009448051
   15.000000000    15.009448051
   16.000000000    15.009448051
   17.000000000    15.009448051
   18.000000000    15.009448051
   19.000000000    15.009448051
   20.000000000    15.009448051
   21.000000000    15.009448051
   22.000000000    15.009448051
   23.000000000    15.009448051
   24.000000000    15.009448051
   25.000000000    15.009448051
   26.000000000    15.009448051
   27.000000000    15.009448051
   28.000000000    15.009448051
   29.000000000    15.009448051
   30.000000000    15.009448051
   31.000000000    15.009448051
   32.000000000    15.009448051
   33.000000000    15.009448051
   34.000000000    15.009448051
   35.000000000    15.009448051
   36.000000000    15.009448051
   37.000000000    15.009448051
   38.000000000    15.009448051
   39.000000000    15.009448051
   40.000000000    15.009448051
   41.000000000    15.009448051
   42.000000000    15.009448051
   43.000000000    15.009448051
   44.000000000    15.009448051
   45.000000000    15.009448051
   46.000000000    15.009448051
   47.000000000    15.009448051
   48.000000000    15.009448051
   49.000000000    15.009448051
   50.000000000    15.009448051
   51.000000000    15.009448051
   52.000000000    15.009448051
   53.000000000    15.009448051
   54.000000000    15.009448051
   55.000000000    15.009448051
   56.000000000    15.009448051
   57.000000000    15.009448051
   58.000000000    15.009448051
   59.000000000    15.009448051
   60.000000000    15.009448051
   61.000000000    15.009448051
   62.000000000    15.009448051
   63.000000000    15.009448051
   64.000000000    15.009448051
   65.000000000    15.009448051
   66.000000000    15.009448051
   67.000000000    15.009448051
   68.000000000    15.009448051
   69.000000000    15.009448051
   70.000000000    15.009448051
   71.000000000    15.009448051
   72.000000000    15.009448051
   73.000000000    15.009448051
   74.000000000    15.009448051
   75.000000000    15.009448051
   76.000000000    15.009448051
   77.000000000    15.009448051
   78.000000000    15.009448051
   79.000000000    15.009448051
   80.000000000    15.009448051
   81.000000000    15.009448051
   82.000000000    15.009448051
   83.000000000    15.009448051
   84.000000000    15.009448051
   85.000000000    15.009448051
   86.000000000    15.009448051
   87.000000000    15.009448051
   88.000000000    15.009448051
   89.000000000    15.009448051
   90.000000000    15.009448051
   91.000000000    15.009448051
   92.000000000    15.009448051
   93.000000000    15.009448051
   94.000000000    15.009448051
   95.000000000    15.009448051
   96.000000000    15.009448051
   97.000000000    15.009448051
   98.000000000    15.009448051
   99.000000000    15.009448051
  100.000000000    15.009448051
  101.000000000    15.009448051
  102.000000000    15.009448051
  103.000000000    15.009448051
  104.000000000    15.009448051
  105.000000000    15.009448051
  106.000000000    15.009448051
  107.000000000    15.009448051
  108.000000000    15.009448051
  109.000000000    15.009448051
  110.000000000    15.009448051
  111.000000000    15.009448051
  112.000000000    15.009448051
  113.000000000    15.009448051
  114.000000000    15.009448051
  115.000000000    15.009448051
  116.000000000    15.009448051
  117.000000000    15.009448051
  118.000000000    15.009448051
  119.000000000    15.009448051
  120.000000000    15.009448051
  121.000000000    15.009448051
  122.000000000    15.009448051
  123.000000000    15.009448051
  124.000000000    15.009448051
  125.000000000    15.009448051
  126.000000000    15.009448051
  127.000000000    15.009448051
  128.000000000    15.009448051
  129.000000000    15.009448051
  130.000000000    15.009448051
  131.000000000    15.009448051
  132.000000000    15.009448051
  133.000000000    15.009448051
  134.000000000    15.009448051
  135.000000000    15.009448051
  136.000000000    15.009448051
  137.000000000    15.009448051
  138.000000000    15.009448051
  139.000000000    15.009448051
  140.000000000    15.009448051
  141.000000000    15.009448051
  142.000000000    15.009448051
  143.000000000    15.009448051
  144.000000000    15.009448051
  145.000000000    15.009448051
  146.000000000    15.009448051
  147.000000000    15.009448051
  148.000000000    15.009448051
  149.000000000    15.009448051
  150.000000000    15.009448051
  151.000000000    15.009448051
  152.000000000    15.009448051
  153.000000000    15.009448051
  154.000000000    15.009448051
  155.000000000    15.009448051
  156.000000000    15.009448051
  157.000000000    15.009448051
  158.000000000    15.009448051
  159.000000000    15.009448051
  160.000000000    15.009448051
  161.000000000    15.009448051
  162.000000000    15.009448051
  163.000000000    15.009448051
  164.000000000    15.009448051
  165.000000000    15.009448051
  166.000000000    15.009448051
  167.000000000    15.009448051
  168.000000000    15.009448051
  169.000000000    15.009448051
  170.000000000    15.009448051
  171.000000000    15.009448051
  172.000000000    15.009448051
  173.000000000    15.009448051
  174.000000000    15.009448051
  175.000000000    15.009448051
  176.000000000    15.009448051
  177.000000000    15.009448051
  178.000000000    15.009448051
  179.000000000    15.009448051
  180.000000000    15.009448051
  181.000000000    15.009448051
  182.000000000    15.009448051
  183.000000000    15.009448051
  184.000000000    15.009448051
  185.000000000    15.009448051
  186.000000000    15.009448051
  187.000000000    15.009448051
  188.000000000    15.009448051
  189.000000000    15.009448051
  190.000000000    15.009448051
  191.000000000    15.009448051
  192.000000000    15.009448051
  193.000000000    15.009448051
  194.000000000    15.009448051
  195.000000000    15.009448051
  196.000000000    15.009448051
  197.000000000    15.009448051
  198.000000000    15.009448051
  199.000000000    15.009448051
  200.000000000    15.009448051
  201.000000000    15.009448051
  202.000000000    15.009448051
  203.000000000    15.009448051
  204.000000000    15.009448051
  205.000000000    15.009448051
  206.000000000    15.009448051
  207.000000000    15.009448051
  208.000000000    15.009448051
  209.000000000    15.009448051
  210.000000000    15.009448051
  211.000000000    15.009448051
  212.000000000    15.009448051
  213.000000000    15.009448051
  214.000000000    15.009448051
  215.000000000    15.009448051
  216.000000000    15.009448051
  217.000000000    15.009448051
  218.000000000    15.009448051
  219.000000000    15.009448051
  220.000000000    15.009448051
  221.000000000    15.009448051
  222.000000000    15.009448051
  223.000000000    15.009448051
  224.000000000    15.009448051
  225.000000000    15.009448051
  226.000000000    15.009448051
  227.000000000    15.009448051
  228.000000000    15.009448051
  229.000000000    15.009448051
  230.000000000    15.009448051
  231.000000000    15.009448051
  232.000000000    15.009448051
  233.000000000    15.009448051
  234.000000000    15.009448051
  235.000000000    15.009448051
  236.000000000    15.009448051
  237.000000000    15.009448051
  238.000000000    15.009448051
  239.000000000    15.009448051
  240.000000000    15.009448051
  241.000000000    15.009448051
  242.000000000    15.009448051
  243.000000000    15.009448051
  244.000000000    15.009448051
  245.000000000    15.009448051
  246.000000000    15.009448051
  247.000000000    15.009448051
  248.000000000    15.009448051
  249.000000000    15.009448051
  250.000000000    15.009448051
  251.000000000    15.009448051
  252.000000000    15.009448051
  253.000000000    15.009448051
  254.000000000    15.009448051
  255.000000000    15.009448051
  256.000000000    15.009448051
  257.000000000    15.009448051
  258.000000000    15.009448051
  259.000000000    15.009448051
  260.000000000    15.009448051
  261.000000000    15.009448051
  262.000000000    15.009448051
  263.000000000    15.009448051
  264.000000000    15.009448051
  265.000000000    15.009448051
  266.000000000    15.009448051
  267.000000000    15.009448051
  268.000000000    15.009448051
  269.000000000    15.009448051
  270.000000000    15.009448051
  271.000000000    15.009448051
  272.000000000    15.009448051
  273.000000000    15.009448051
  274.000000000    15.009448051
  275.000000000    15.009448051
  276.000000000    15.009448051
  277.000000000    15.009448051
  278.000000000    15.009448051
  279.000000000    15.009448051
  280.000000000    15.009448051
  281.000000000    15.009448051
  282.000000000    15.009448051
  283.000000000    15.009448051
  284.000000000    15.009448051
  285.000000000    15.009448051
  286.000000000    15.009448051
  287.000000000    15.009448051
  288.000000000    15.009448051
  289.000000000    15.009448051
  290.000000000    15.009448051
  291.000000000    15.009448051
  292.000000000    15.009448051
  293.000000000    15.009448051
  294.000000000    15.009448051
  295.000000000    15.009448051
  296.000000000    15.009448051
  297.000000000    15.009448051
  298.000000000    15.009448051
  299.000000000    15.009448051
  300.000000000    15.009448051
  301.000000000    15.009448051
  302.000000000    15.009448051
  303.000000000    15.009448051
  304.000000000    15.009448051
  305.000000000    15.009448051
  306.000000000    15.009448051
  307.000000000    15.009448051
  308.000000000    15.009448051
  309.000000000    15.009448051
  310.000000000    15.009448051
  311.000000000    15.009448051
  312.000000000    15.009448051
  313.000000000    15.009448051
  314.000000000    15.009448051
  315.000000000    15.009448051
  316.000000000    15.009448051
  317.000000000    15.009448051
  318.000000000    15.009448051
  319.000000000    15.009448051
  320.000000000    15.009448051
  321.000000000    15.009448051
  322.000000000    15.009448051
  323.000000000    15.009448051
  324.000000000    15.009448051
  325.000000000    15.009448051
  326.000000000    15.009448051
  327.000000000    15.009448051
  328.000000000    15.009448051
  329.000000000    15.009448051
  330.000000000    15.009448051
  331.000000000    15.009448051
  332.000000000    15.009448051
  333.000000000    15.009448051
  334.000000000    15.009448051
  335.000000000    15.009448051
  336.000000000    15.009448051
  337.000000000    15.009448051
  338.000000000    15.009448051
  339.000000000    15.009448051
  340.000000000    15.009448051
  341.000000000    15.009448051
  342.000000000    15.009448051
  343.000000000    15.009448051
  344.000000000    15.009448051
  345.000000000    15.009448051
  346.000000000    15.009448051
  347.000000000    15.009448051
  348.000000000    15.009448051
  349.000000000    15.009448051
  350.000000000    15.009448051
  351.000000000    15.009448051
  352.000000000    15.009448051
  353.000000000    15.009448051
  354.000000000    15.009448051
  355.000000000    15.009448051
  356.000000000    15.009448051
  357.000000000    15.009448051
  358.000000000    15.009448051
  359.000000000    15.009448051
  360.000000000    15.009448051
  361.000000000    15.009448051
  362.000000000    15.009448051
  363.000000000    15.009448051
  364.000000000    15.009448051
  365.000000000    15.009448051
  366.000000000    15.009448051
  367.000000000    15.009448051
  368.000000000    15.009448051
  369.000000000    15.009448051
  370.000000000    15.009448051
  371.000000000    15.009448051
  372.000000000    15.009448051
  373.000000000    15.009448051
  374.000000000    15.009448051
  375.000000000    15.009448051
  376.000000000    15.009448051
  377.000000000    15.009448051
  378.000000000    15.009448051
  379.000000000    15.009448051
  380.000000000    15.009448051
  381.000000000    15.009448051
  382.000000000    15.009448051
  383.000000000    15.009448051
  384.000000000    15.009448051
  385.000000000    15.009448051
  386.000000000    15.009448051
  387.000000000    15.009448051
  388.000000000    15.009448051
  389.000000000    15.009448051
  390.000000000    15.009448051
  391.000000000    15.009448051
  392.000000000    15.009448051
  393.000000000    15.009448051
  394.000000000    15.009448051
  395.000000000    15.009448051
  396.000000000    15.009448051
  397.000000000    15.009448051
  398.000000000    15.009448051
  399.000000000    15.009448051
  400.000000000    15.009448051
  401.000000000    15.009448051
  402.000000000    15.009448051
  403.000000000    15.009448051
  404.000000000    15.009448051
  405.000000000    15.009448051
  406.000000000    15.009448051
  407.000000000    15.009448051
  408.000000000    15.009448051
  409.000000000    15.009448051
  410.000000000    15.009448051
  411.000000000    15.009448051
  412.000000000    15.009448051
  413.000000000    15.009448051
  414.000000000    15.009448051
  415.000000000    15.009448051
  416.000000000    15.009448051
  417.000000000    15.009448051
  418.000000000    15.009448051
  419.000000000    15.009448051
  420.000000000    15.009448051
  421.000000000    15.009448051
  422.000000000    15.009448051
  423.000000000    15.009448051
  424.000000000    15.009448051
  425.000000000    15.009448051
  426.000000000    15.009448051
  427.000000000    15.009448051
  428.000000000    15.009448051
  429.000000000    15.009448051
  430.000000000    15.009448051
  431.000000000    15.009448051
  432.000000000    15.009448051
  433.000000000    15.009448051
  434.000000000    15.009448051
  435.000000000    15.009448051
  436.000000000    15.009448051
  437.000000000    15.009448051
  438.000000000    15.009448051
  439.000000000    15.009448051
  440.000000000    15.009448051
  441.000000000    15.009448051
  442.000000000    15.009448051
  443.000000000    15.009448051
  444.000000000    15.009448051
  445.000000000    15.009448051
  446.000000000    15.009448051
  447.000000000    15.009448051
  448.000000000    15.009448051
  449.000000000    15.009448051
  450.000000000    15.009448051
  451.000000000    15.009448051
  452.000000000    15.009448051
  453.000000000    15.009448051
  454.000000000    15.009448051
  455.000000000    15.009448051
  456.000000000    15.009448051
  457.000000000    15.009448051
  458.000000000    15.009448051
  459.000000000    15.009448051
  460.000000000    15.009448051
  461.000000000    15.009448051
  462.000000000    15.009448051
  463.000000000    15.009448051
  464.000000000    15.009448051
  465.000000000    15.009448051
  466.000000000    15.009448051
  467.000000000    15.009448051
  468.000000000    15.009448051
  469.000000000    15.009448051
  470.000000000    15.009448051
  471.000000000    15.009448051
  472.000000000    15.009448051
  473.000000000    15.009448051
  474.000000000    15.009448051
  475.000000000    15.009448051
  476.000000000    15.009448051
  477.000000000    15.009448051
  478.000000000    15.009448051
  479.000000000    15.009448051
  480.000000000    15.009448051
  481.000000000    15.009448051
  482.000000000    15.009448051
  483.000000000    15.009448051
  484.000000000    15.009448051
  485.000000000    15.009448051
  486.000000000    15.009448051
  487.000000000    15.009448051
  488.000000000    15.009448051
  489.000000000    15.009448051
  490.000000000    15.009448051
  491.000000000    15.009448051
  492.000000000    15.009448051
  493.000000000    15.009448051
  494.000000000    15.009448051
  495.000000000    15.009448051
  496.000000000    15.009448051
  497.000000000    15.009448051
  498.000000000    15.009448051
  499.000000000    15.009448051
