    0.000000000     6.162456310
    1.000000000     6.156772951
    2.000000000     6.139227354
    3.000000000     6.107458877
    4.000000000     6.062174985
    5.000000000     6.006856216
    6.000000000     5.946599476
    7.000000000     5.886609883
    8.000000000     5.830908564
    9.000000000     5.781925210
   10.000000000     5.740067239
   11.000000000     5.699959464
   12.000000000     5.660586339
   13.000000000     5.622265183
   14.000000000     5.585284669
   15.000000000     5.549892300
   16.000000000     5.516328915
   17.000000000     5.484797345
   18.000000000     5.455453089
   19.000000000     5.428448299
   20.000000000     5.403933222
   21.000000000     5.381991640
   22.000000000     5.362689651
   23.000000000     5.346118109
   24.000000000     5.332309200
   25.000000000     5.321321973
   26.000000000     5.313217656
   27.000000000     5.307569923
   28.000000000     5.302996815
   29.000000000     5.299619240
   30.000000000     5.298356235
   31.000000000     5.299436166
   32.000000000     5.302949568
   33.000000000     5.308980654
   34.000000000     5.317567383
   35.000000000     5.328772125
   36.000000000     5.342653956
   37.000000000     5.359258288
   38.000000000     5.378547739
   39.000000000     5.400502794
   40.000000000     5.425067658
   41.000000000     5.452171681
   42.000000000     5.481717429
   43.000000000     5.513581723
   44.000000000     5.547620051
   45.000000000     5.583634011
   46.000000000     5.621437284
   47.000000000     5.664035677
   48.000000000     5.712900181
   49.000000000     5.766383571
   50.000000000     5.821915475
   51.000000000     5.876202177
   52.000000000     5.925873406
   53.000000000     5.968384989
   54.000000000     6.002812819
   55.000000000     6.030134799
   56.000000000     6.052716595
   57.000000000     6.073374515
   58.000000000     6.094539960
   59.000000000     6.117641991
   60.000000000     6.143168475
   61.000000000     6.169118199
   62.000000000     6.192417597
   63.000000000     6.212818091
   64.000000000     6.230132792
   65.000000000     6.244194998
   66.000000000     6.254865476
   67.000000000     6.262073680
   68.000000000     6.265740007
   69.000000000     6.265797974
   70.000000000     6.262251481
   71.000000000     6.255119952
   72.000000000     6.244471897
   73.000000000     6.230384959
   74.000000000     6.213017046
   75.000000000     6.192505029
   76.000000000     6.169046171
   77.000000000     6.142842854
   78.000000000     6.114125347
   79.000000000     6.083189428
   80.000000000     6.050309507
   81.000000000     6.015779458
   82.000000000     5.979887750
   83.000000000     5.942882513
   84.000000000     5.905046307
   85.000000000     5.866679002
   86.000000000     5.828071925
   87.000000000     5.789524977
   88.000000000     5.751301431
   89.000000000     5.713670802
   90.000000000     5.676888143
   91.000000000     5.640841897
   92.000000000     5.605024925
   93.000000000     5.569586419
   94.000000000     5.534719305
   95.000000000     5.500607620
   96.000000000     5.467438336
   97.000000000     5.435631422
   98.000000000     5.407039862
   99.000000000     5.381620799
  100.000000000     5.358624684
  101.000000000     5.336941328
  102.000000000     5.315267181
  103.000000000     5.292523432
  104.000000000     5.268157990
  105.000000000     5.242409151
  106.000000000     5.216228743
  107.000000000     5.190944675
  108.000000000     5.167820838
  109.000000000     5.147814694
  110.000000000     5.131386839
  111.000000000     5.118485778
  112.000000000     5.107789209
  113.000000000     5.098838551
  114.000000000     5.091593253
  115.000000000     5.086017985
  116.000000000     5.082096124
  117.000000000     5.079817691
  118.000000000     5.079130739
  119.000000000     5.080028514
  120.000000000     5.082544257
  121.000000000     5.086622423
  122.000000000     5.092260395
  123.000000000     5.099475057
  124.000000000     5.108252278
  125.000000000     5.118581672
  126.000000000     5.130501446
  127.000000000     5.144023743
  128.000000000     5.159126077
  129.000000000     5.175799717
  130.000000000     5.194047339
  131.000000000     5.213880163
  132.000000000     5.235292405
  133.000000000     5.258283094
  134.000000000     5.282807726
  135.000000000     5.308829742
  136.000000000     5.336317863
  137.000000000     5.365255177
  138.000000000     5.395575859
  139.000000000     5.427206244
  140.000000000     5.460031362
  141.000000000     5.493962379
  142.000000000     5.528872296
  143.000000000     5.564642761
  144.000000000     5.601138056
  145.000000000     5.638173036
  146.000000000     5.675559048
  147.000000000     5.713138881
  148.000000000     5.750792660
  149.000000000     5.788543232
  150.000000000     5.826044059
  151.000000000     5.862891094
  152.000000000     5.898630091
  153.000000000     5.932853606
  154.000000000     5.965223989
  155.000000000     5.995558554
  156.000000000     6.023805364
  157.000000000     6.049906616
  158.000000000     6.073916420
  159.000000000     6.095806558
  160.000000000     6.115508731
  161.000000000     6.132899188
  162.000000000     6.147815236
  163.000000000     6.160081658
  164.000000000     6.169673659
  165.000000000     6.176529188
  166.000000000     6.180650232
  167.000000000     6.182086888
  168.000000000     6.180901165
  169.000000000     6.177146375
  170.000000000     6.170894708
  171.000000000     6.162270948
  172.000000000     6.151417102
  173.000000000     6.138476607
  174.000000000     6.123650529
  175.000000000     6.107048622
  176.000000000     6.088916157
  177.000000000     6.069417132
  178.000000000     6.048696182
  179.000000000     6.026939036
  180.000000000     6.004333574
  181.000000000     5.981058176
  182.000000000     5.957288751
  183.000000000     5.933189275
  184.000000000     5.908963275
  185.000000000     5.884788628
  186.000000000     5.860772117
  187.000000000     5.837060730
  188.000000000     5.813813574
  189.000000000     5.791190044
  190.000000000     5.769278994
  191.000000000     5.748193357
  192.000000000     5.728030582
  193.000000000     5.708901876
  194.000000000     5.690863471
  195.000000000     5.673994724
  196.000000000     5.658424937
  197.000000000     5.644171866
  198.000000000     5.631297158
  199.000000000     5.619914844
  200.000000000     5.610150817
  201.000000000     5.602143130
  202.000000000     5.595785070
  203.000000000     5.590961769
  204.000000000     5.587494104
  205.000000000     5.585228078
  206.000000000     5.583961074
  207.000000000     5.583659161
  208.000000000     5.584370855
  209.000000000     5.586286223
  210.000000000     5.589587910
  211.000000000     5.594422586
  212.000000000     5.600915490
  213.000000000     5.608937998
  214.000000000     5.618237273
  215.000000000     5.628823680
  216.000000000     5.640662897
  217.000000000     5.653717752
  218.000000000     5.668032137
  219.000000000     5.683590426
  220.000000000     5.700343316
  221.000000000     5.718247665
  222.000000000     5.737270102
  223.000000000     5.757380613
  224.000000000     5.778584095
  225.000000000     5.800867167
  226.000000000     5.824090403
  227.000000000     5.848119578
  228.000000000     5.872865524
  229.000000000     5.898300561
  230.000000000     5.924315829
  231.000000000     5.950783106
  232.000000000     5.977586903
  233.000000000     6.004614169
  234.000000000     6.031760183
  235.000000000     6.058929317
  236.000000000     6.085978262
  237.000000000     6.112767304
  238.000000000     6.139176047
  239.000000000     6.165091163
  240.000000000     6.190348021
  241.000000000     6.214834770
  242.000000000     6.238371759
  243.000000000     6.260812988
  244.000000000     6.282043036
  245.000000000     6.301902768
  246.000000000     6.320258283
  247.000000000     6.336952970
  248.000000000     6.351877269
  249.000000000     6.365221182
  250.000000000     6.378107369
  251.000000000     6.390484316
  252.000000000     6.401883300
  253.000000000     6.411435532
  254.000000000     6.417919214
  255.000000000     6.420128808
  256.000000000     6.417186986
  257.000000000     6.408829510
  258.000000000     6.395556079
  259.000000000     6.378453451
  260.000000000     6.358827540
  261.000000000     6.337902972
  262.000000000     6.316533564
  263.000000000     6.295057672
  264.000000000     6.272049731
  265.000000000     6.247297090
  266.000000000     6.220946502
  267.000000000     6.193157242
  268.000000000     6.164104184
  269.000000000     6.133932131
  270.000000000     6.102800283
  271.000000000     6.070871917
  272.000000000     6.038318025
  273.000000000     6.005281221
  274.000000000     5.971922076
  275.000000000     5.938369266
  276.000000000     5.904753012
  277.000000000     5.871197637
  278.000000000     5.837817450
  279.000000000     5.804732049
  280.000000000     5.772060247
  281.000000000     5.739946964
  282.000000000     5.708458074
  283.000000000     5.677643015
  284.000000000     5.647612642
  285.000000000     5.618467873
  286.000000000     5.590237198
  287.000000000     5.563044336
  288.000000000     5.536912742
  289.000000000     5.511894149
  290.000000000     5.488087444
  291.000000000     5.465557704
  292.000000000     5.444355322
  293.000000000     5.424511343
  294.000000000     5.406109514
  295.000000000     5.389191672
  296.000000000     5.373823576
  297.000000000     5.360078920
  298.000000000     5.347965327
  299.000000000     5.337533373
  300.000000000     5.329944451
  301.000000000     5.327785014
  302.000000000     5.330809822
  303.000000000     5.337870126
  304.000000000     5.347055100
  305.000000000     5.355933188
  306.000000000     5.362217488
  307.000000000     5.364536859
  308.000000000     5.362884643
  309.000000000     5.358658862
  310.000000000     5.354173941
  311.000000000     5.351904391
  312.000000000     5.353883986
  313.000000000     5.361370433
  314.000000000     5.374169478
  315.000000000     5.389096080
  316.000000000     5.405756728
  317.000000000     5.424128626
  318.000000000     5.444069267
  319.000000000     5.465509126
  320.000000000     5.488392957
  321.000000000     5.512564240
  322.000000000     5.537889190
  323.000000000     5.564215931
  324.000000000     5.591431154
  325.000000000     5.619375952
  326.000000000     5.647893797
  327.000000000     5.676813723
  328.000000000     5.705963186
  329.000000000     5.735173824
  330.000000000     5.764255791
  331.000000000     5.793002090
  332.000000000     5.821224299
  333.000000000     5.848732956
  334.000000000     5.875331816
  335.000000000     5.900841861
  336.000000000     5.925109282
  337.000000000     5.947967827
  338.000000000     5.969264980
  339.000000000     5.988854169
  340.000000000     6.006605255
  341.000000000     6.022437247
  342.000000000     6.036301353
  343.000000000     6.048038583
  344.000000000     6.057591782
  345.000000000     6.064892034
  346.000000000     6.069901220
  347.000000000     6.072609941
  348.000000000     6.073024989
  349.000000000     6.071192711
  350.000000000     6.067144739
  351.000000000     6.060959075
  352.000000000     6.055121560
  353.000000000     6.052200801
  354.000000000     6.051283338
  355.000000000     6.050563882
  356.000000000     6.047449620
  357.000000000     6.039097590
  358.000000000     6.023187205
  359.000000000     5.998804454
  360.000000000     5.966810988
  361.000000000     5.929637921
  362.000000000     5.890441284
  363.000000000     5.852330575
  364.000000000     5.817654009
  365.000000000     5.787874458
  366.000000000     5.761468585
  367.000000000     5.735479919
  368.000000000     5.710028277
  369.000000000     5.685239274
  370.000000000     5.661237696
  371.000000000     5.638157087
  372.000000000     5.616088102
  373.000000000     5.595103172
  374.000000000     5.575282339
  375.000000000     5.556700363
  376.000000000     5.539383920
  377.000000000     5.523367957
  378.000000000     5.508670941
  379.000000000     5.495353136
  380.000000000     5.486633587
  381.000000000     5.484412307
  382.000000000     5.487609805
  383.000000000     5.494990946
  384.000000000     5.505090861
  385.000000000     5.516299373
  386.000000000     5.526992427
  387.000000000     5.535663085
  388.000000000     5.541096672
  389.000000000     5.542538436
  390.000000000     5.539772956
  391.000000000     5.533185227
  392.000000000     5.523696226
  393.000000000     5.512541427
  394.000000000     5.501214058
  395.000000000     5.491319856
  396.000000000     5.484371103
  397.000000000     5.481744383
  398.000000000     5.484529474
  399.000000000     5.493529220
  400.000000000     5.505576433
  401.000000000     5.518621508
  402.000000000     5.532594684
  403.000000000     5.547462936
  404.000000000     5.563586519
  405.000000000     5.584252236
  406.000000000     5.609343103
  407.000000000     5.637272206
  408.000000000     5.665816957
  409.000000000     5.692435176
  410.000000000     5.714870263
  411.000000000     5.731766166
  412.000000000     5.743170980
  413.000000000     5.750498335
  414.000000000     5.755991156
  415.000000000     5.762084715
  416.000000000     5.770656937
  417.000000000     5.782907034
  418.000000000     5.798727088
  419.000000000     5.814877393
  420.000000000     5.830797606
  421.000000000     5.846400433
  422.000000000     5.861580267
  423.000000000     5.876284759
  424.000000000     5.890376743
  425.000000000     5.903776403
  426.000000000     5.916397161
  427.000000000     5.928187897
  428.000000000     5.939064149
  429.000000000     5.948855653
  430.000000000     5.957529841
  431.000000000     5.964973768
  432.000000000     5.971111224
  433.000000000     5.975886626
  434.000000000     5.979305494
  435.000000000     5.981305573
  436.000000000     5.981854016
  437.000000000     5.980986670
  438.000000000     5.978714247
  439.000000000     5.975073012
  440.000000000     5.970109239
  441.000000000     5.963911198
  442.000000000     5.956559023
  443.000000000     5.948132320
  444.000000000     5.938710763
  445.000000000     5.928435812
  446.000000000     5.917458147
  447.000000000     5.905859374
  448.000000000     5.893742795
  449.000000000     5.881236021
  450.000000000     5.868438855
  451.000000000     5.855470061
  452.000000000     5.842430120
  453.000000000     5.829414233
  454.000000000     5.816538146
  455.000000000     5.803882828
  456.000000000     5.791521379
  457.000000000     5.780698473
  458.000000000     5.772297133
  459.000000000     5.765550043
  460.000000000     5.759448780
  461.000000000     5.752878929
  462.000000000     5.744798455
  463.000000000     5.734633967
  464.000000000     5.722401087
  465.000000000     5.708759890
  466.000000000     5.694730666
  467.000000000     5.681418154
  468.000000000     5.669709045
  469.000000000     5.660141992
  470.000000000     5.652846143
  471.000000000     5.646495099
  472.000000000     5.640627102
  473.000000000     5.635178500
  474.000000000     5.630125298
  475.000000000     5.625369826
  476.000000000     5.620874323
  477.000000000     5.616634431
  478.000000000     5.612608539
  479.000000000     5.608746596
  480.000000000     5.604992861
  481.000000000     5.601304928
  482.000000000     5.597668824
  483.000000000     5.594058545
  484.000000000     5.590460480
  485.000000000     5.586901641
  486.000000000     5.583365684
  487.000000000     5.579883580
  488.000000000     5.576487438
  489.000000000     5.573152269
  490.000000000     5.569902047
  491.000000000     5.566786658
  492.000000000     5.563859382
  493.000000000     5.561188400
  494.000000000     5.558789125
  495.000000000     5.556722185
  496.000000000     5.555048885
  497.000000000     5.553785693
  498.000000000     5.552945161
  499.000000000     5.552586922
