    0.000000000   300.000000000
    1.000000000   299.505924118
    2.000000000   298.800925868
    3.000000000   297.949680771
    4.000000000   296.953996773
    5.000000000   295.754494235
    6.000000000   294.268866930
    7.000000000   292.437832401
    8.000000000   290.249911367
    9.000000000   287.738458165
   10.000000000   284.961998996
   11.000000000   281.971943669
   12.000000000   278.804533495
   13.000000000   275.496196139
   14.000000000   272.086750228
   15.000000000   268.618644589
   16.000000000   265.136055652
   17.000000000   261.683881900
   18.000000000   258.306703443
   19.000000000   255.047743062
   20.000000000   251.947861147
   21.000000000   249.044620096
   22.000000000   246.371458810
   23.000000000   243.957031886
   24.000000000   241.824698883
   25.000000000   239.992180869
   26.000000000   238.471389426
   27.000000000   237.267252779
   28.000000000   236.374487343
   29.000000000   235.778876083
   30.000000000   235.460878081
   31.000000000   235.396319740
   32.000000000   235.557161761
   33.000000000   235.912107682
   34.000000000   236.427205504
   35.000000000   237.066468346
   36.000000000   237.792507486
   37.000000000   238.567165854
   38.000000000   239.352151932
   39.000000000   240.109678120
   40.000000000   240.803061272
   41.000000000   241.397289817
   42.000000000   241.859586400
   43.000000000   242.159926843
   44.000000000   242.271518336
   45.000000000   242.171252964
   46.000000000   241.839995955
   47.000000000   241.250177392
   48.000000000   240.359938781
   49.000000000   239.137379304
   50.000000000   237.587725367
   51.000000000   235.765387158
   52.000000000   233.763492881
   53.000000000   231.676751190
   54.000000000   229.556670211
   55.000000000   227.390898674
   56.000000000   225.122814580
   57.000000000   222.695723096
   58.000000000   220.089875487
   59.000000000   217.332932264
   60.000000000   214.487681336
   61.000000000   211.624506433
   62.000000000   208.796279020
   63.000000000   206.043457054
   64.000000000   203.406237378
   65.000000000   200.923877154
   66.000000000   198.633872995
   67.000000000   196.571153564
   68.000000000   194.767310537
   69.000000000   193.249884356
   70.000000000   192.041747236
   71.000000000   191.160593029
   72.000000000   190.618536879
   73.000000000   190.421854143
   74.000000000   190.570849636
   75.000000000   191.059863243
   76.000000000   191.877418344
   77.000000000   193.006494770
   78.000000000   194.424915987
   79.000000000   196.105824475
   80.000000000   198.018268201
   81.000000000   200.127874351
   82.000000000   202.397557012
   83.000000000   204.788257960
   84.000000000   207.259698662
   85.000000000   209.771127235
   86.000000000   212.282050539
   87.000000000   214.752940768
   88.000000000   217.145897912
   89.000000000   219.425266074
   90.000000000   221.558200544
   91.000000000   223.515070599
   92.000000000   225.269704199
   93.000000000   226.799858673
   94.000000000   228.087717278
   95.000000000   229.120122077
   96.000000000   229.888721024
   97.000000000   230.387644273
   98.000000000   230.598106534
   99.000000000   230.492954148
  100.000000000   230.066850706
  101.000000000   229.356030442
  102.000000000   228.442508278
  103.000000000   227.432896583
  104.000000000   226.416148014
  105.000000000   225.425711466
  106.000000000   224.434036736
  107.000000000   223.383407651
  108.000000000   222.229133118
  109.000000000   220.966462996
  110.000000000   219.631138427
  111.000000000   218.282574635
  112.000000000   216.972179519
  113.000000000   215.730763515
  114.000000000   214.581950310
  115.000000000   213.547265038
  116.000000000   212.645743707
  117.000000000   211.893593584
  118.000000000   211.303908523
  119.000000000   210.886447033
  120.000000000   210.647496682
  121.000000000   210.589794993
  122.000000000   210.712505507
  123.000000000   211.011277612
  124.000000000   211.478362899
  125.000000000   212.102802897
  126.000000000   212.870679298
  127.000000000   213.765388580
  128.000000000   214.767970803
  129.000000000   215.857479598
  130.000000000   217.011368444
  131.000000000   218.205907874
  132.000000000   219.416605543
  133.000000000   220.618643772
  134.000000000   221.787309492
  135.000000000   222.898404148
  136.000000000   223.928658469
  137.000000000   224.856128374
  138.000000000   225.660581286
  139.000000000   226.323869656
  140.000000000   226.830268240
  141.000000000   227.166760755
  142.000000000   227.323309996
  143.000000000   227.293111461
  144.000000000   227.072795145
  145.000000000   226.662570466
  146.000000000   226.066314324
  147.000000000   225.291605467
  148.000000000   224.345036047
  149.000000000   223.217570211
  150.000000000   221.894730794
  151.000000000   220.387773496
  152.000000000   218.750479947
  153.000000000   217.078832212
  154.000000000   215.484291007
  155.000000000   214.049711004
  156.000000000   212.796148029
  157.000000000   211.685446097
  158.000000000   210.656158837
  159.000000000   209.665425380
  160.000000000   208.710556338
  161.000000000   207.824991597
  162.000000000   207.058365150
  163.000000000   206.445254945
  164.000000000   205.999192502
  165.000000000   205.727849594
  166.000000000   205.635628815
  167.000000000   205.723603061
  168.000000000   205.989557643
  169.000000000   206.428129961
  170.000000000   207.030993159
  171.000000000   207.787117576
  172.000000000   208.683117043
  173.000000000   209.703628091
  174.000000000   210.831729535
  175.000000000   212.049363607
  176.000000000   213.337759161
  177.000000000   214.677864115
  178.000000000   216.050738183
  179.000000000   217.437921270
  180.000000000   218.821770759
  181.000000000   220.185750763
  182.000000000   221.514670005
  183.000000000   222.794884656
  184.000000000   224.014457144
  185.000000000   225.163246233
  186.000000000   226.232969790
  187.000000000   227.217226780
  188.000000000   228.111474703
  189.000000000   228.912975882
  190.000000000   229.620718370
  191.000000000   230.235315467
  192.000000000   230.758893584
  193.000000000   231.194964089
  194.000000000   231.548286690
  195.000000000   231.824737784
  196.000000000   232.031162154
  197.000000000   232.175236124
  198.000000000   232.265153562
  199.000000000   232.296223860
  200.000000000   232.245522172
  201.000000000   232.096803743
  202.000000000   231.866831308
  203.000000000   231.616426158
  204.000000000   231.438442249
  205.000000000   231.419040053
  206.000000000   231.594057612
  207.000000000   231.931687620
  208.000000000   232.354266034
  209.000000000   232.782898295
  210.000000000   233.173469802
  211.000000000   233.525801186
  212.000000000   233.870808480
  213.000000000   234.242186203
  214.000000000   234.653324481
  215.000000000   235.104440299
  216.000000000   235.594303789
  217.000000000   236.120334964
  218.000000000   236.678829865
  219.000000000   237.265275951
  220.000000000   237.874652292
  221.000000000   238.501659827
  222.000000000   239.140848683
  223.000000000   239.786640252
  224.000000000   240.433262626
  225.000000000   241.074671448
  226.000000000   241.704174899
  227.000000000   242.313862393
  228.000000000   242.894886759
  229.000000000   243.438062727
  230.000000000   243.934078535
  231.000000000   244.373752261
  232.000000000   244.748280510
  233.000000000   245.049479854
  234.000000000   245.270030296
  235.000000000   245.403730967
  236.000000000   245.445735165
  237.000000000   245.392778152
  238.000000000   245.243348638
  239.000000000   244.997795821
  240.000000000   244.658428455
  241.000000000   244.229565292
  242.000000000   243.717501768
  243.000000000   243.130436311
  244.000000000   242.478369188
  245.000000000   241.772918571
  246.000000000   241.027074623
  247.000000000   240.254946101
  248.000000000   239.471479307
  249.000000000   238.687937427
  250.000000000   237.896230215
  251.000000000   237.077581915
  252.000000000   236.234340561
  253.000000000   235.408336671
  254.000000000   234.682254560
  255.000000000   234.153770347
  256.000000000   233.890406613
  257.000000000   233.893986743
  258.000000000   234.101755350
  259.000000000   234.423238115
  260.000000000   234.784845854
  261.000000000   235.154118034
  262.000000000   235.536990801
  263.000000000   235.958464429
  264.000000000   236.430860218
  265.000000000   236.946831059
  266.000000000   237.495315106
  267.000000000   238.065235053
  268.000000000   238.645747457
  269.000000000   239.226483511
  270.000000000   239.797757245
  271.000000000   240.350747328
  272.000000000   240.877674231
  273.000000000   241.371914708
  274.000000000   241.828082485
  275.000000000   242.242140215
  276.000000000   242.611475041
  277.000000000   242.934904418
  278.000000000   243.212665398
  279.000000000   243.446371161
  280.000000000   243.638932932
  281.000000000   243.794431831
  282.000000000   243.917973902
  283.000000000   244.015539316
  284.000000000   244.093777586
  285.000000000   244.159788829
  286.000000000   244.220901327
  287.000000000   244.284453346
  288.000000000   244.357556282
  289.000000000   244.446872746
  290.000000000   244.558426132
  291.000000000   244.697430891
  292.000000000   244.868151771
  293.000000000   245.073798108
  294.000000000   245.316466355
  295.000000000   245.597130116
  296.000000000   245.915669753
  297.000000000   246.270926845
  298.000000000   246.660805561
  299.000000000   247.082416174
  300.000000000   247.526199709
  301.000000000   247.963053174
  302.000000000   248.357613552
  303.000000000   248.698757653
  304.000000000   249.015033931
  305.000000000   249.372730294
  306.000000000   249.848258504
  307.000000000   250.485607038
  308.000000000   251.267025464
  309.000000000   252.119443301
  310.000000000   252.951649424
  311.000000000   253.694771846
  312.000000000   254.321821728
  313.000000000   254.842822968
  314.000000000   255.284520540
  315.000000000   255.660703884
  316.000000000   255.969119666
  317.000000000   256.206739990
  318.000000000   256.371521215
  319.000000000   256.462355544
  320.000000000   256.479044489
  321.000000000   256.422240792
  322.000000000   256.293388999
  323.000000000   256.094686722
  324.000000000   255.829035900
  325.000000000   255.499996067
  326.000000000   255.111751523
  327.000000000   254.669063216
  328.000000000   254.177217109
  329.000000000   253.641980042
  330.000000000   253.069542630
  331.000000000   252.466436462
  332.000000000   251.839457928
  333.000000000   251.195596349
  334.000000000   250.541926297
  335.000000000   249.885479308
  336.000000000   249.233115719
  337.000000000   248.591395292
  338.000000000   247.966423971
  339.000000000   247.363693481
  340.000000000   246.787932084
  341.000000000   246.242969197
  342.000000000   245.731615712
  343.000000000   245.255564018
  344.000000000   244.815321085
  345.000000000   244.410182818
  346.000000000   244.038244350
  347.000000000   243.696457535
  348.000000000   243.380736008
  349.000000000   243.086091073
  350.000000000   242.806814786
  351.000000000   242.536692281
  352.000000000   242.260265242
  353.000000000   241.945339118
  354.000000000   241.561921038
  355.000000000   241.107464626
  356.000000000   240.616418988
  357.000000000   240.151994272
  358.000000000   239.776806493
  359.000000000   239.516767950
  360.000000000   239.342947407
  361.000000000   239.185281642
  362.000000000   238.967791964
  363.000000000   238.640752069
  364.000000000   238.192795733
  365.000000000   237.643805028
  366.000000000   237.022234047
  367.000000000   236.342492297
  368.000000000   235.609321845
  369.000000000   234.829064020
  370.000000000   234.009573717
  371.000000000   233.160050361
  372.000000000   232.290825749
  373.000000000   231.413121009
  374.000000000   230.538808190
  375.000000000   229.680157768
  376.000000000   228.849559853
  377.000000000   228.059251582
  378.000000000   227.321069634
  379.000000000   226.646198882
  380.000000000   226.043727030
  381.000000000   225.520080632
  382.000000000   225.080943782
  383.000000000   224.732461005
  384.000000000   224.481235563
  385.000000000   224.334088779
  386.000000000   224.297459576
  387.000000000   224.376494859
  388.000000000   224.573912617
  389.000000000   224.888928532
  390.000000000   225.316576436
  391.000000000   225.847607627
  392.000000000   226.469033739
  393.000000000   227.165205579
  394.000000000   227.919171826
  395.000000000   228.714006574
  396.000000000   229.533876048
  397.000000000   230.364749933
  398.000000000   231.194724603
  399.000000000   232.014058304
  400.000000000   232.813524341
  401.000000000   233.583020745
  402.000000000   234.312731166
  403.000000000   234.994087292
  404.000000000   235.618190677
  405.000000000   236.163450756
  406.000000000   236.600667375
  407.000000000   236.918487695
  408.000000000   237.137132109
  409.000000000   237.308133635
  410.000000000   237.495823607
  411.000000000   237.746195279
  412.000000000   238.061911260
  413.000000000   238.401304443
  414.000000000   238.702138529
  415.000000000   238.913048167
  416.000000000   239.013332359
  417.000000000   239.014422565
  418.000000000   238.946982925
  419.000000000   238.834857552
  420.000000000   238.688748038
  421.000000000   238.518681588
  422.000000000   238.335907264
  423.000000000   238.152665946
  424.000000000   237.981924734
  425.000000000   237.837072748
  426.000000000   237.731581808
  427.000000000   237.678657783
  428.000000000   237.690882235
  429.000000000   237.779866133
  430.000000000   237.955926333
  431.000000000   238.227765728
  432.000000000   238.602187840
  433.000000000   239.083876199
  434.000000000   239.675227715
  435.000000000   240.376241043
  436.000000000   241.184453127
  437.000000000   242.094937484
  438.000000000   243.100370914
  439.000000000   244.191148153
  440.000000000   245.355551772
  441.000000000   246.579983144
  442.000000000   247.849244166
  443.000000000   249.146841755
  444.000000000   250.455320818
  445.000000000   251.756632602
  446.000000000   253.032508390
  447.000000000   254.264833662
  448.000000000   255.436021566
  449.000000000   256.529390121
  450.000000000   257.529535072
  451.000000000   258.422689284
  452.000000000   259.197040378
  453.000000000   259.843002531
  454.000000000   260.353473102
  455.000000000   260.724027892
  456.000000000   260.953044922
  457.000000000   261.033412877
  458.000000000   260.948073140
  459.000000000   260.688535626
  460.000000000   260.273915914
  461.000000000   259.754070743
  462.000000000   259.197845381
  463.000000000   258.667376522
  464.000000000   258.191943065
  465.000000000   257.758865858
  466.000000000   257.327894768
  467.000000000   256.858572410
  468.000000000   256.332700815
  469.000000000   255.761377862
  470.000000000   255.177985110
  471.000000000   254.614205027
  472.000000000   254.087455614
  473.000000000   253.610513134
  474.000000000   253.195536922
  475.000000000   252.853802553
  476.000000000   252.595460103
  477.000000000   252.429297156
  478.000000000   252.362539532
  479.000000000   252.400712988
  480.000000000   252.547536286
  481.000000000   252.804860245
  482.000000000   253.172644612
  483.000000000   253.648978216
  484.000000000   254.230159274
  485.000000000   254.910805925
  486.000000000   255.684003603
  487.000000000   256.541468580
  488.000000000   257.473709481
  489.000000000   258.470218939
  490.000000000   259.519677717
  491.000000000   260.610141973
  492.000000000   261.729223521
  493.000000000   262.864277241
  494.000000000   264.002594206
  495.000000000   265.131572124
  496.000000000   266.238889850
  497.000000000   267.312672329
  498.000000000   268.341628855
  499.000000000   269.315206365
