    0.000000000     9.552602457
    1.000000000     9.512991688
    2.000000000     9.423576833
    3.000000000     9.281869399
    4.000000000     9.089771592
    5.000000000     8.853599156
    6.000000000     8.582737156
    7.000000000     8.287648058
    8.000000000     7.978038552
    9.000000000     7.661929208
   10.000000000     7.344729239
   11.000000000     7.023365741
   12.000000000     6.700554918
   13.000000000     6.380726445
   14.000000000     6.068081395
   15.000000000     5.766418320
   16.000000000     5.479193048
   17.000000000     5.209414991
   18.000000000     4.959637352
   19.000000000     4.732008483
   20.000000000     4.528285988
   21.000000000     4.349844211
   22.000000000     4.197752185
   23.000000000     4.072707953
   24.000000000     3.975186041
   25.000000000     3.905484432
   26.000000000     3.863754466
   27.000000000     3.843613616
   28.000000000     3.826270837
   29.000000000     3.810827016
   30.000000000     3.798538576
   31.000000000     3.789703928
   32.000000000     3.784378443
   33.000000000     3.782626340
   34.000000000     3.784493859
   35.000000000     3.790042891
   36.000000000     3.799281019
   37.000000000     3.812210333
   38.000000000     3.828821912
   39.000000000     3.849067851
   40.000000000     3.872843979
   41.000000000     3.900065223
   42.000000000     3.930577650
   43.000000000     3.964178829
   44.000000000     4.000662984
   45.000000000     4.039789580
   46.000000000     4.081337163
   47.000000000     4.133205424
   48.000000000     4.200041572
   49.000000000     4.278939790
   50.000000000     4.364267561
   51.000000000     4.447908519
   52.000000000     4.520824253
   53.000000000     4.575524757
   54.000000000     4.608593948
   55.000000000     4.621784588
   56.000000000     4.621287770
   57.000000000     4.615443380
   58.000000000     4.612113265
   59.000000000     4.616935237
   60.000000000     4.632953742
   61.000000000     4.655284382
   62.000000000     4.674932178
   63.000000000     4.691666725
   64.000000000     4.705360399
   65.000000000     4.715899373
   66.000000000     4.723217710
   67.000000000     4.727305794
   68.000000000     4.728167359
   69.000000000     4.725783128
   70.000000000     4.720183693
   71.000000000     4.711442321
   72.000000000     4.699624534
   73.000000000     4.684841035
   74.000000000     4.667255264
   75.000000000     4.647013851
   76.000000000     4.624270129
   77.000000000     4.599229497
   78.000000000     4.572158249
   79.000000000     4.543695467
   80.000000000     4.514118570
   81.000000000     4.483635560
   82.000000000     4.452470074
   83.000000000     4.420846183
   84.000000000     4.388996877
   85.000000000     4.357126257
   86.000000000     4.325441047
   87.000000000     4.294140625
   88.000000000     4.263404953
   89.000000000     4.233400060
   90.000000000     4.204305179
   91.000000000     4.175781113
   92.000000000     4.147022870
   93.000000000     4.118107896
   94.000000000     4.089100683
   95.000000000     4.060074622
   96.000000000     4.031136233
   97.000000000     4.004213717
   98.000000000     3.991694639
   99.000000000     3.994248759
  100.000000000     4.007481726
  101.000000000     4.023745687
  102.000000000     4.033101502
  103.000000000     4.025800882
  104.000000000     3.995260302
  105.000000000     3.940460213
  106.000000000     3.866398567
  107.000000000     3.782205492
  108.000000000     3.698149174
  109.000000000     3.622947775
  110.000000000     3.562277042
  111.000000000     3.518175997
  112.000000000     3.479183412
  113.000000000     3.440942917
  114.000000000     3.403559502
  115.000000000     3.367138133
  116.000000000     3.331783223
  117.000000000     3.297614129
  118.000000000     3.264735605
  119.000000000     3.233266125
  120.000000000     3.203341440
  121.000000000     3.175073228
  122.000000000     3.148598443
  123.000000000     3.124069019
  124.000000000     3.101608266
  125.000000000     3.081335798
  126.000000000     3.063393036
  127.000000000     3.047905579
  128.000000000     3.035004765
  129.000000000     3.024812875
  130.000000000     3.017484599
  131.000000000     3.013088905
  132.000000000     3.011714409
  133.000000000     3.013480880
  134.000000000     3.018453700
  135.000000000     3.026695408
  136.000000000     3.038242120
  137.000000000     3.053122372
  138.000000000     3.071373715
  139.000000000     3.092983198
  140.000000000     3.117888116
  141.000000000     3.146019172
  142.000000000     3.177277849
  143.000000000     3.211559876
  144.000000000     3.248712463
  145.000000000     3.288569369
  146.000000000     3.330942023
  147.000000000     3.375588770
  148.000000000     3.426199973
  149.000000000     3.495005175
  150.000000000     3.580252573
  151.000000000     3.676120700
  152.000000000     3.773561560
  153.000000000     3.861481076
  154.000000000     3.929512850
  155.000000000     3.971802254
  156.000000000     3.988706778
  157.000000000     3.986498601
  158.000000000     3.975055330
  159.000000000     3.964663696
  160.000000000     3.963342709
  161.000000000     3.975787692
  162.000000000     4.001654963
  163.000000000     4.027804601
  164.000000000     4.051855697
  165.000000000     4.073689871
  166.000000000     4.093220148
  167.000000000     4.110382738
  168.000000000     4.125113665
  169.000000000     4.137344818
  170.000000000     4.147014398
  171.000000000     4.154118899
  172.000000000     4.158651198
  173.000000000     4.160619493
  174.000000000     4.160045177
  175.000000000     4.156965977
  176.000000000     4.151480620
  177.000000000     4.143633506
  178.000000000     4.133508521
  179.000000000     4.121207364
  180.000000000     4.106828004
  181.000000000     4.090484423
  182.000000000     4.072300786
  183.000000000     4.052419710
  184.000000000     4.030984051
  185.000000000     4.008114289
  186.000000000     3.983960876
  187.000000000     3.958710138
  188.000000000     3.932513159
  189.000000000     3.905514493
  190.000000000     3.877879463
  191.000000000     3.849742503
  192.000000000     3.821199705
  193.000000000     3.792344025
  194.000000000     3.763291802
  195.000000000     3.734162534
  196.000000000     3.705055717
  197.000000000     3.676023578
  198.000000000     3.647295198
  199.000000000     3.628834354
  200.000000000     3.625483388
  201.000000000     3.633682955
  202.000000000     3.646931191
  203.000000000     3.656393903
  204.000000000     3.653432545
  205.000000000     3.635745401
  206.000000000     3.601185818
  207.000000000     3.552040354
  208.000000000     3.494876955
  209.000000000     3.437796329
  210.000000000     3.387740838
  211.000000000     3.348980448
  212.000000000     3.322960317
  213.000000000     3.302584593
  214.000000000     3.278946689
  215.000000000     3.251990945
  216.000000000     3.222108225
  217.000000000     3.190157679
  218.000000000     3.157276698
  219.000000000     3.124796754
  220.000000000     3.094161540
  221.000000000     3.066754323
  222.000000000     3.043825874
  223.000000000     3.026443630
  224.000000000     3.015454433
  225.000000000     3.011530301
  226.000000000     3.013147240
  227.000000000     3.017286902
  228.000000000     3.023922024
  229.000000000     3.033030906
  230.000000000     3.044581071
  231.000000000     3.058546291
  232.000000000     3.074915480
  233.000000000     3.093614863
  234.000000000     3.114593531
  235.000000000     3.137790424
  236.000000000     3.163110470
  237.000000000     3.190478722
  238.000000000     3.219779327
  239.000000000     3.250892396
  240.000000000     3.283704665
  241.000000000     3.318064689
  242.000000000     3.353831099
  243.000000000     3.390848822
  244.000000000     3.428942857
  245.000000000     3.467981357
  246.000000000     3.507697919
  247.000000000     3.547853931
  248.000000000     3.588214499
  249.000000000     3.630807121
  250.000000000     3.683590880
  251.000000000     3.745280635
  252.000000000     3.811875791
  253.000000000     3.877513201
  254.000000000     3.935289332
  255.000000000     3.979171114
  256.000000000     4.005933921
  257.000000000     4.016254871
  258.000000000     4.014464146
  259.000000000     4.006911659
  260.000000000     3.999981979
  261.000000000     3.998404183
  262.000000000     4.004764749
  263.000000000     4.018859120
  264.000000000     4.033082750
  265.000000000     4.045836436
  266.000000000     4.057171617
  267.000000000     4.067118514
  268.000000000     4.075695954
  269.000000000     4.082949737
  270.000000000     4.088942942
  271.000000000     4.093775357
  272.000000000     4.097498111
  273.000000000     4.100111080
  274.000000000     4.101691661
  275.000000000     4.102307001
  276.000000000     4.102018842
  277.000000000     4.100902749
  278.000000000     4.099066185
  279.000000000     4.096579336
  280.000000000     4.093534069
  281.000000000     4.090015623
  282.000000000     4.086100974
  283.000000000     4.081865793
  284.000000000     4.077411580
  285.000000000     4.072821677
  286.000000000     4.068171442
  287.000000000     4.063544803
  288.000000000     4.058984292
  289.000000000     4.054546423
  290.000000000     4.050303625
  291.000000000     4.046317096
  292.000000000     4.042621673
  293.000000000     4.039272801
  294.000000000     4.036300916
  295.000000000     4.033715224
  296.000000000     4.031631258
  297.000000000     4.030020286
  298.000000000     4.028894046
  299.000000000     4.028267096
  300.000000000     4.029847759
  301.000000000     4.037152875
  302.000000000     4.049061590
  303.000000000     4.063416976
  304.000000000     4.077344750
  305.000000000     4.087675166
  306.000000000     4.091990557
  307.000000000     4.089418795
  308.000000000     4.080942475
  309.000000000     4.069073455
  310.000000000     4.056984505
  311.000000000     4.047528398
  312.000000000     4.042696033
  313.000000000     4.043432062
  314.000000000     4.049047792
  315.000000000     4.056233699
  316.000000000     4.064609401
  317.000000000     4.074182066
  318.000000000     4.084920181
  319.000000000     4.096808136
  320.000000000     4.109846653
  321.000000000     4.124023333
  322.000000000     4.139305051
  323.000000000     4.155668834
  324.000000000     4.173090143
  325.000000000     4.191574007
  326.000000000     4.211062504
  327.000000000     4.231478192
  328.000000000     4.252784850
  329.000000000     4.274951620
  330.000000000     4.297906029
  331.000000000     4.321596337
  332.000000000     4.345962376
  333.000000000     4.370919603
  334.000000000     4.396403791
  335.000000000     4.422364468
  336.000000000     4.448709051
  337.000000000     4.475349181
  338.000000000     4.502195746
  339.000000000     4.529173145
  340.000000000     4.556239116
  341.000000000     4.583362956
  342.000000000     4.610432233
  343.000000000     4.637355031
  344.000000000     4.664104879
  345.000000000     4.690556258
  346.000000000     4.716648024
  347.000000000     4.742302470
  348.000000000     4.767474827
  349.000000000     4.792117255
  350.000000000     4.816149237
  351.000000000     4.839510711
  352.000000000     4.862694542
  353.000000000     4.886087684
  354.000000000     4.909237764
  355.000000000     4.931511669
  356.000000000     4.952263858
  357.000000000     4.970977780
  358.000000000     4.987399946
  359.000000000     5.001627778
  360.000000000     5.014065537
  361.000000000     5.025299980
  362.000000000     5.035847823
  363.000000000     5.046134231
  364.000000000     5.056365264
  365.000000000     5.066543157
  366.000000000     5.076357141
  367.000000000     5.085427963
  368.000000000     5.093780816
  369.000000000     5.101434057
  370.000000000     5.108410131
  371.000000000     5.114700960
  372.000000000     5.120313867
  373.000000000     5.125294266
  374.000000000     5.129658136
  375.000000000     5.133439069
  376.000000000     5.136645123
  377.000000000     5.139300505
  378.000000000     5.141411695
  379.000000000     5.143027975
  380.000000000     5.144931786
  381.000000000     5.147617248
  382.000000000     5.150893750
  383.000000000     5.154535475
  384.000000000     5.158203303
  385.000000000     5.161530489
  386.000000000     5.164203784
  387.000000000     5.165941320
  388.000000000     5.166486190
  389.000000000     5.165725651
  390.000000000     5.163626280
  391.000000000     5.160363751
  392.000000000     5.156199552
  393.000000000     5.151474573
  394.000000000     5.146632000
  395.000000000     5.142104787
  396.000000000     5.138329405
  397.000000000     5.135682497
  398.000000000     5.134464035
  399.000000000     5.134938152
  400.000000000     5.136418716
  401.000000000     5.138442938
  402.000000000     5.141026578
  403.000000000     5.144198438
  404.000000000     5.147993920
  405.000000000     5.152509364
  406.000000000     5.157804362
  407.000000000     5.163885917
  408.000000000     5.170677376
  409.000000000     5.178034642
  410.000000000     5.185783048
  411.000000000     5.193699732
  412.000000000     5.201559885
  413.000000000     5.209255163
  414.000000000     5.216806083
  415.000000000     5.224372207
  416.000000000     5.232124002
  417.000000000     5.240253050
  418.000000000     5.248839528
  419.000000000     5.257521694
  420.000000000     5.266188920
  421.000000000     5.274797200
  422.000000000     5.283237819
  423.000000000     5.291448619
  424.000000000     5.299358094
  425.000000000     5.306889054
  426.000000000     5.313976606
  427.000000000     5.320595570
  428.000000000     5.326617442
  429.000000000     5.331993288
  430.000000000     5.336679266
  431.000000000     5.340582164
  432.000000000     5.343656397
  433.000000000     5.345868029
  434.000000000     5.347216887
  435.000000000     5.347658227
  436.000000000     5.347154123
  437.000000000     5.345712741
  438.000000000     5.343354315
  439.000000000     5.340066936
  440.000000000     5.335880585
  441.000000000     5.330834984
  442.000000000     5.324932271
  443.000000000     5.318236446
  444.000000000     5.310717002
  445.000000000     5.302418674
  446.000000000     5.293341986
  447.000000000     5.283599081
  448.000000000     5.273170322
  449.000000000     5.262103344
  450.000000000     5.250424419
  451.000000000     5.238169643
  452.000000000     5.225378753
  453.000000000     5.212108775
  454.000000000     5.198354513
  455.000000000     5.184125626
  456.000000000     5.169442574
  457.000000000     5.155633179
  458.000000000     5.143931533
  459.000000000     5.133918796
  460.000000000     5.124659878
  461.000000000     5.114797814
  462.000000000     5.102672972
  463.000000000     5.086848937
  464.000000000     5.066586567
  465.000000000     5.042135456
  466.000000000     5.014699378
  467.000000000     4.985954209
  468.000000000     4.957656973
  469.000000000     4.931332890
  470.000000000     4.907934456
  471.000000000     4.885360845
  472.000000000     4.862807297
  473.000000000     4.840357981
  474.000000000     4.818109290
  475.000000000     4.796145563
  476.000000000     4.774547737
  477.000000000     4.753436085
  478.000000000     4.732984136
  479.000000000     4.713241501
  480.000000000     4.694295662
  481.000000000     4.676237744
  482.000000000     4.659171275
  483.000000000     4.643230067
  484.000000000     4.628497561
  485.000000000     4.615016531
  486.000000000     4.602891069
  487.000000000     4.592225776
  488.000000000     4.583051703
  489.000000000     4.575427498
  490.000000000     4.569409395
  491.000000000     4.565056109
  492.000000000     4.562418965
  493.000000000     4.561568231
  494.000000000     4.562500349
  495.000000000     4.565236512
  496.000000000     4.569804293
  497.000000000     4.576193403
  498.000000000     4.584384185
  499.000000000     4.594361257
