    0.000000000     7.257401486
    1.000000000     7.246782475
    2.000000000     7.214787626
    3.000000000     7.159699230
    4.000000000     7.082448081
    5.000000000     6.986491371
    6.000000000     6.876898241
    7.000000000     6.759113098
    8.000000000     6.637872182
    9.000000000     6.516710297
   10.000000000     6.397538414
   11.000000000     6.277296170
   12.000000000     6.156478155
   13.000000000     6.036646947
   14.000000000     5.919289491
   15.000000000     5.805732293
   16.000000000     5.697199905
   17.000000000     5.594733156
   18.000000000     5.499210955
   19.000000000     5.411384629
   20.000000000     5.331871862
   21.000000000     5.261147658
   22.000000000     5.199591144
   23.000000000     5.147464828
   24.000000000     5.104939412
   25.000000000     5.072151452
   26.000000000     5.049197143
   27.000000000     5.033778553
   28.000000000     5.019043042
   29.000000000     5.004763662
   30.000000000     4.991733755
   31.000000000     4.980196974
   32.000000000     4.970270067
   33.000000000     4.962074299
   34.000000000     4.955710226
   35.000000000     4.951300840
   36.000000000     4.948943967
   37.000000000     4.948755869
   38.000000000     4.950794923
   39.000000000     4.955109585
   40.000000000     4.961720662
   41.000000000     4.970653202
   42.000000000     4.981886221
   43.000000000     4.995369320
   44.000000000     5.011050120
   45.000000000     5.028835216
   46.000000000     5.048635500
   47.000000000     5.074158105
   48.000000000     5.107489076
   49.000000000     5.147094321
   50.000000000     5.190206540
   51.000000000     5.232981217
   52.000000000     5.271240031
   53.000000000     5.301617874
   54.000000000     5.322643219
   55.000000000     5.335244874
   56.000000000     5.342302084
   57.000000000     5.347547454
   58.000000000     5.354395673
   59.000000000     5.365169354
   60.000000000     5.380988756
   61.000000000     5.399493107
   62.000000000     5.416585329
   63.000000000     5.432049490
   64.000000000     5.445717257
   65.000000000     5.457433830
   66.000000000     5.467071522
   67.000000000     5.474548909
   68.000000000     5.479782582
   69.000000000     5.482689807
   70.000000000     5.483234236
   71.000000000     5.481406919
   72.000000000     5.477217564
   73.000000000     5.470698513
   74.000000000     5.461941408
   75.000000000     5.451022984
   76.000000000     5.438051677
   77.000000000     5.423160735
   78.000000000     5.406520498
   79.000000000     5.388462619
   80.000000000     5.369174611
   81.000000000     5.348844865
   82.000000000     5.327664796
   83.000000000     5.305815279
   84.000000000     5.283498924
   85.000000000     5.260902892
   86.000000000     5.238217645
   87.000000000     5.215642745
   88.000000000     5.193354126
   89.000000000     5.171516785
   90.000000000     5.150294778
   91.000000000     5.129549506
   92.000000000     5.108837916
   93.000000000     5.088244714
   94.000000000     5.067854818
   95.000000000     5.047758859
   96.000000000     5.028062722
   97.000000000     5.009533446
   98.000000000     4.996923774
   99.000000000     4.990433239
  100.000000000     4.988323143
  101.000000000     4.987634197
  102.000000000     4.984551220
  103.000000000     4.975391537
  104.000000000     4.957696722
  105.000000000     4.931138855
  106.000000000     4.897669740
  107.000000000     4.860778075
  108.000000000     4.824304263
  109.000000000     4.791497352
  110.000000000     4.764416954
  111.000000000     4.743705185
  112.000000000     4.725035437
  113.000000000     4.706765349
  114.000000000     4.688894769
  115.000000000     4.671431697
  116.000000000     4.654397486
  117.000000000     4.637829278
  118.000000000     4.621741124
  119.000000000     4.606203888
  120.000000000     4.591289568
  121.000000000     4.577032706
  122.000000000     4.563511239
  123.000000000     4.550830277
  124.000000000     4.539071194
  125.000000000     4.528313907
  126.000000000     4.518672394
  127.000000000     4.510258246
  128.000000000     4.503174467
  129.000000000     4.497513942
  130.000000000     4.493405360
  131.000000000     4.490941663
  132.000000000     4.490205049
  133.000000000     4.491308599
  134.000000000     4.494326636
  135.000000000     4.499311182
  136.000000000     4.506324574
  137.000000000     4.515413050
  138.000000000     4.526614797
  139.000000000     4.539943482
  140.000000000     4.555380013
  141.000000000     4.572904047
  142.000000000     4.592451324
  143.000000000     4.613967389
  144.000000000     4.637353706
  145.000000000     4.662495697
  146.000000000     4.689262212
  147.000000000     4.717520407
  148.000000000     4.748521421
  149.000000000     4.786584225
  150.000000000     4.830991209
  151.000000000     4.879550097
  152.000000000     4.928879089
  153.000000000     4.974860106
  154.000000000     5.013616983
  155.000000000     5.042893716
  156.000000000     5.062683358
  157.000000000     5.075121816
  158.000000000     5.083687059
  159.000000000     5.092025113
  160.000000000     5.102985275
  161.000000000     5.118227088
  162.000000000     5.137582914
  163.000000000     5.156234522
  164.000000000     5.173273480
  165.000000000     5.188610235
  166.000000000     5.202188802
  167.000000000     5.213991303
  168.000000000     5.224013945
  169.000000000     5.232220939
  170.000000000     5.238600896
  171.000000000     5.243196240
  172.000000000     5.246048911
  173.000000000     5.247205551
  174.000000000     5.246743321
  175.000000000     5.244707887
  176.000000000     5.241223972
  177.000000000     5.236367246
  178.000000000     5.230217456
  179.000000000     5.222880254
  180.000000000     5.214450174
  181.000000000     5.205032838
  182.000000000     5.194718543
  183.000000000     5.183597822
  184.000000000     5.171786249
  185.000000000     5.159368722
  186.000000000     5.146421976
  187.000000000     5.133046195
  188.000000000     5.119333102
  189.000000000     5.105368151
  190.000000000     5.091228363
  191.000000000     5.076997423
  192.000000000     5.062691200
  193.000000000     5.048359832
  194.000000000     5.034042531
  195.000000000     5.019785544
  196.000000000     5.005662521
  197.000000000     4.991664725
  198.000000000     4.977882123
  199.000000000     4.968317238
  200.000000000     4.965000287
  201.000000000     4.966621712
  202.000000000     4.970566855
  203.000000000     4.973228243
  204.000000000     4.970984620
  205.000000000     4.962795797
  206.000000000     4.947562945
  207.000000000     4.926066377
  208.000000000     4.901013999
  209.000000000     4.875783916
  210.000000000     4.853353284
  211.000000000     4.835609155
  212.000000000     4.823288225
  213.000000000     4.813462764
  214.000000000     4.802337966
  215.000000000     4.789922840
  216.000000000     4.776402337
  217.000000000     4.762142265
  218.000000000     4.747673023
  219.000000000     4.733589984
  220.000000000     4.720520129
  221.000000000     4.709063297
  222.000000000     4.699769054
  223.000000000     4.693122225
  224.000000000     4.689528432
  225.000000000     4.689304507
  226.000000000     4.691795427
  227.000000000     4.695718325
  228.000000000     4.701058591
  229.000000000     4.707831317
  230.000000000     4.716010065
  231.000000000     4.725570487
  232.000000000     4.736485582
  233.000000000     4.748708904
  234.000000000     4.762202383
  235.000000000     4.776935570
  236.000000000     4.792841367
  237.000000000     4.809841411
  238.000000000     4.827860747
  239.000000000     4.846810685
  240.000000000     4.866596904
  241.000000000     4.887118058
  242.000000000     4.908248338
  243.000000000     4.929872275
  244.000000000     4.951878319
  245.000000000     4.974163484
  246.000000000     4.996543325
  247.000000000     5.018856880
  248.000000000     5.040959453
  249.000000000     5.063968483
  250.000000000     5.092423913
  251.000000000     5.125817044
  252.000000000     5.162073281
  253.000000000     5.197931142
  254.000000000     5.229346540
  255.000000000     5.252611138
  256.000000000     5.265491321
  257.000000000     5.267983558
  258.000000000     5.262377021
  259.000000000     5.252347247
  260.000000000     5.241815750
  261.000000000     5.233916688
  262.000000000     5.230537961
  263.000000000     5.231856771
  264.000000000     5.233167817
  265.000000000     5.233501068
  266.000000000     5.232933926
  267.000000000     5.231534332
  268.000000000     5.229383650
  269.000000000     5.226549651
  270.000000000     5.223099598
  271.000000000     5.219125217
  272.000000000     5.214690435
  273.000000000     5.209724584
  274.000000000     5.204259612
  275.000000000     5.198351814
  276.000000000     5.192049763
  277.000000000     5.185397839
  278.000000000     5.178454071
  279.000000000     5.171268333
  280.000000000     5.163901917
  281.000000000     5.156424441
  282.000000000     5.148846380
  283.000000000     5.141189110
  284.000000000     5.133516638
  285.000000000     5.125874241
  286.000000000     5.118272703
  287.000000000     5.110767961
  288.000000000     5.103364081
  289.000000000     5.096083243
  290.000000000     5.088969366
  291.000000000     5.082054120
  292.000000000     5.075350527
  293.000000000     5.068892862
  294.000000000     5.062721746
  295.000000000     5.056833534
  296.000000000     5.051293437
  297.000000000     5.046111902
  298.000000000     5.041294643
  299.000000000     5.036860475
  300.000000000     5.034697407
  301.000000000     5.038908777
  302.000000000     5.048742459
  303.000000000     5.062153650
  304.000000000     5.075994096
  305.000000000     5.086463580
  306.000000000     5.090226566
  307.000000000     5.085512268
  308.000000000     5.072735067
  309.000000000     5.054372403
  310.000000000     5.034104581
  311.000000000     5.015674749
  312.000000000     5.001993370
  313.000000000     4.994797030
  314.000000000     4.993664444
  315.000000000     4.993964767
  316.000000000     4.995191139
  317.000000000     4.997373152
  318.000000000     5.000471098
  319.000000000     5.004483420
  320.000000000     5.009428720
  321.000000000     5.015280301
  322.000000000     5.022010830
  323.000000000     5.029583494
  324.000000000     5.038001263
  325.000000000     5.047230526
  326.000000000     5.057211817
  327.000000000     5.067888634
  328.000000000     5.079221415
  329.000000000     5.091181835
  330.000000000     5.103680533
  331.000000000     5.116664151
  332.000000000     5.130064149
  333.000000000     5.143801101
  334.000000000     5.157799970
  335.000000000     5.171993086
  336.000000000     5.186314445
  337.000000000     5.200690462
  338.000000000     5.215053416
  339.000000000     5.229342215
  340.000000000     5.243498322
  341.000000000     5.257503096
  342.000000000     5.271297224
  343.000000000     5.284799214
  344.000000000     5.297989170
  345.000000000     5.310793731
  346.000000000     5.323167103
  347.000000000     5.335067416
  348.000000000     5.346465924
  349.000000000     5.357354519
  350.000000000     5.367689783
  351.000000000     5.377452982
  352.000000000     5.389446173
  353.000000000     5.406490624
  354.000000000     5.427374531
  355.000000000     5.449836309
  356.000000000     5.470723030
  357.000000000     5.486635174
  358.000000000     5.494818089
  359.000000000     5.494132966
  360.000000000     5.485439878
  361.000000000     5.471366503
  362.000000000     5.455342057
  363.000000000     5.440702256
  364.000000000     5.429926588
  365.000000000     5.424474374
  366.000000000     5.422424749
  367.000000000     5.420226137
  368.000000000     5.417891904
  369.000000000     5.415449836
  370.000000000     5.412933431
  371.000000000     5.410359614
  372.000000000     5.407753077
  373.000000000     5.405137770
  374.000000000     5.402522550
  375.000000000     5.399943688
  376.000000000     5.397380388
  377.000000000     5.394836577
  378.000000000     5.392307399
  379.000000000     5.389827902
  380.000000000     5.389830618
  381.000000000     5.393762789
  382.000000000     5.400851828
  383.000000000     5.410206582
  384.000000000     5.420740200
  385.000000000     5.431242608
  386.000000000     5.440523457
  387.000000000     5.447477990
  388.000000000     5.451226015
  389.000000000     5.451228470
  390.000000000     5.447340711
  391.000000000     5.439899260
  392.000000000     5.429631534
  393.000000000     5.417531538
  394.000000000     5.404811120
  395.000000000     5.392746499
  396.000000000     5.382559140
  397.000000000     5.375359880
  398.000000000     5.372049131
  399.000000000     5.373326117
  400.000000000     5.376823435
  401.000000000     5.381004458
  402.000000000     5.385849596
  403.000000000     5.391372743
  404.000000000     5.398120703
  405.000000000     5.410222003
  406.000000000     5.427700115
  407.000000000     5.448796943
  408.000000000     5.470873003
  409.000000000     5.490784735
  410.000000000     5.505629100
  411.000000000     5.513584016
  412.000000000     5.514539531
  413.000000000     5.510132326
  414.000000000     5.503151654
  415.000000000     5.496730541
  416.000000000     5.493473787
  417.000000000     5.495143743
  418.000000000     5.501814595
  419.000000000     5.509229378
  420.000000000     5.516694192
  421.000000000     5.524161658
  422.000000000     5.531561546
  423.000000000     5.538846420
  424.000000000     5.545943965
  425.000000000     5.552788133
  426.000000000     5.559328007
  427.000000000     5.565528833
  428.000000000     5.571310628
  429.000000000     5.576592277
  430.000000000     5.581368074
  431.000000000     5.585541803
  432.000000000     5.589070583
  433.000000000     5.591928178
  434.000000000     5.594123815
  435.000000000     5.595623081
  436.000000000     5.596413368
  437.000000000     5.596519262
  438.000000000     5.595965080
  439.000000000     5.594771045
  440.000000000     5.592975098
  441.000000000     5.590639928
  442.000000000     5.587805852
  443.000000000     5.584537846
  444.000000000     5.580864718
  445.000000000     5.576860467
  446.000000000     5.572585004
  447.000000000     5.568111165
  448.000000000     5.563471932
  449.000000000     5.558723253
  450.000000000     5.553895027
  451.000000000     5.549030043
  452.000000000     5.544165255
  453.000000000     5.539334365
  454.000000000     5.534549470
  455.000000000     5.529816893
  456.000000000     5.525157411
  457.000000000     5.523324013
  458.000000000     5.526486625
  459.000000000     5.533221926
  460.000000000     5.541313137
  461.000000000     5.547960437
  462.000000000     5.550300561
  463.000000000     5.546266490
  464.000000000     5.535217134
  465.000000000     5.518224546
  466.000000000     5.497796001
  467.000000000     5.476850258
  468.000000000     5.458083501
  469.000000000     5.443511561
  470.000000000     5.434110471
  471.000000000     5.426247827
  472.000000000     5.418553674
  473.000000000     5.411002868
  474.000000000     5.403613850
  475.000000000     5.396368379
  476.000000000     5.389281428
  477.000000000     5.382383994
  478.000000000     5.375714089
  479.000000000     5.369257914
  480.000000000     5.363030283
  481.000000000     5.357039299
  482.000000000     5.351315661
  483.000000000     5.345885618
  484.000000000     5.340768853
  485.000000000     5.335986217
  486.000000000     5.331570231
  487.000000000     5.327562666
  488.000000000     5.323985527
  489.000000000     5.320849333
  490.000000000     5.318184869
  491.000000000     5.316031108
  492.000000000     5.314436005
  493.000000000     5.313463970
  494.000000000     5.313127741
  495.000000000     5.313479752
  496.000000000     5.314539247
  497.000000000     5.316315061
  498.000000000     5.318809496
  499.000000000     5.322049018
