    0.000000000   253.070773245
    1.000000000   252.653986027
    2.000000000   252.059271186
    3.000000000   251.341187002
    4.000000000   250.501258605
    5.000000000   249.489395156
    6.000000000   248.236165653
    7.000000000   246.691561240
    8.000000000   244.845898346
    9.000000000   242.727313667
   10.000000000   240.385178105
   11.000000000   237.862859392
   12.000000000   235.190929586
   13.000000000   232.400117944
   14.000000000   229.524014233
   15.000000000   226.598426980
   16.000000000   223.660622063
   17.000000000   220.748474460
   18.000000000   217.899590582
   19.000000000   215.150431837
   20.000000000   212.535466793
   21.000000000   210.086381934
   22.000000000   207.831385289
   23.000000000   205.794648993
   24.000000000   203.995878453
   25.000000000   202.450022617
   26.000000000   201.167129730
   27.000000000   200.151357088
   28.000000000   199.398247624
   29.000000000   198.895808284
   30.000000000   198.627554950
   31.000000000   198.573095519
   32.000000000   198.708776901
   33.000000000   199.008198363
   34.000000000   199.442719044
   35.000000000   199.981981516
   36.000000000   200.594445805
   37.000000000   201.247923778
   38.000000000   201.910113891
   39.000000000   202.549139685
   40.000000000   203.134056386
   41.000000000   203.635329311
   42.000000000   204.025308490
   43.000000000   204.278666450
   44.000000000   204.372801602
   45.000000000   204.288220817
   46.000000000   204.008782593
   47.000000000   203.511229794
   48.000000000   202.760251882
   49.000000000   201.728938308
   50.000000000   200.421697907
   51.000000000   198.884429441
   52.000000000   197.195692999
   53.000000000   195.435381889
   54.000000000   193.646946780
   55.000000000   191.819968521
   56.000000000   189.906682536
   57.000000000   187.859262808
   58.000000000   185.661049910
   59.000000000   183.335377399
   60.000000000   180.935211224
   61.000000000   178.519924935
   62.000000000   176.134119274
   63.000000000   173.811923329
   64.000000000   171.587245920
   65.000000000   169.493203183
   66.000000000   167.561426105
   67.000000000   165.821379434
   68.000000000   164.299712935
   69.000000000   163.019658878
   70.000000000   162.000511561
   71.000000000   161.257196972
   72.000000000   160.799935076
   73.000000000   160.634019569
   74.000000000   160.759707585
   75.000000000   161.172224423
   76.000000000   161.861888762
   77.000000000   162.814342909
   78.000000000   164.010879423
   79.000000000   165.428842126
   80.000000000   167.042120834
   81.000000000   168.821719700
   82.000000000   170.736354186
   83.000000000   172.753075978
   84.000000000   174.837907343
   85.000000000   176.956471246
   86.000000000   179.074608920
   87.000000000   181.158975923
   88.000000000   183.177600972
   89.000000000   185.100405850
   90.000000000   186.899683768
   91.000000000   188.550439161
   92.000000000   190.030594101
   93.000000000   191.321385354
   94.000000000   192.407783264
   95.000000000   193.278688200
   96.000000000   193.927054633
   97.000000000   194.347930941
   98.000000000   194.525470431
   99.000000000   194.436767113
  100.000000000   194.077319354
  101.000000000   193.477693241
  102.000000000   192.707074040
  103.000000000   191.855396665
  104.000000000   190.997698844
  105.000000000   190.162197033
  106.000000000   189.325650731
  107.000000000   188.439372348
  108.000000000   187.465661852
  109.000000000   186.400512172
  110.000000000   185.274073434
  111.000000000   184.136466496
  112.000000000   183.031057478
  113.000000000   181.983837118
  114.000000000   181.014733631
  115.000000000   180.141904958
  116.000000000   179.381409291
  117.000000000   178.746918580
  118.000000000   178.249478399
  119.000000000   177.897320725
  120.000000000   177.695749558
  121.000000000   177.647074188
  122.000000000   177.750589004
  123.000000000   178.002623962
  124.000000000   178.396642745
  125.000000000   178.923401122
  126.000000000   179.571158037
  127.000000000   180.325907270
  128.000000000   181.171654798
  129.000000000   182.090730909
  130.000000000   183.064116050
  131.000000000   184.071792775
  132.000000000   185.093100092
  133.000000000   186.107102572
  134.000000000   187.092953030
  135.000000000   188.030238310
  136.000000000   188.899329168
  137.000000000   189.681714255
  138.000000000   190.360325990
  139.000000000   190.919855659
  140.000000000   191.347037930
  141.000000000   191.630892666
  142.000000000   191.762952791
  143.000000000   191.737478236
  144.000000000   191.551626167
  145.000000000   191.205573245
  146.000000000   190.702589902
  147.000000000   190.049069337
  148.000000000   189.250572487
  149.000000000   188.299476984
  150.000000000   187.183570336
  151.000000000   185.912347508
  152.000000000   184.531177026
  153.000000000   183.121026410
  154.000000000   181.775920491
  155.000000000   180.565752922
  156.000000000   179.508285751
  157.000000000   178.571331762
  158.000000000   177.703056686
  159.000000000   176.867304412
  160.000000000   176.061806256
  161.000000000   175.314771077
  162.000000000   174.668068584
  163.000000000   174.150867672
  164.000000000   173.774583115
  165.000000000   173.545686583
  166.000000000   173.467891970
  167.000000000   173.542104338
  168.000000000   173.766455443
  169.000000000   174.136421562
  170.000000000   174.644978414
  171.000000000   175.282821718
  172.000000000   176.038659311
  173.000000000   176.899531044
  174.000000000   177.851162727
  175.000000000   178.878321380
  176.000000000   179.965172244
  177.000000000   181.095643567
  178.000000000   182.253757907
  179.000000000   183.423942895
  180.000000000   184.591315763
  181.000000000   185.741927343
  182.000000000   186.862962744
  183.000000000   187.942912450
  184.000000000   188.971706292
  185.000000000   189.940789435
  186.000000000   190.843175327
  187.000000000   191.673464252
  188.000000000   192.427824297
  189.000000000   193.103946041
  190.000000000   193.700975836
  191.000000000   194.219431045
  192.000000000   194.661105442
  193.000000000   195.028961108
  194.000000000   195.327013187
  195.000000000   195.560218828
  196.000000000   195.734352077
  197.000000000   195.855888447
  198.000000000   195.931740032
  199.000000000   195.957949981
  200.000000000   195.915179596
  201.000000000   195.789725303
  202.000000000   195.595727630
  203.000000000   195.384493547
  204.000000000   195.234351795
  205.000000000   195.217984699
  206.000000000   195.365624130
  207.000000000   195.650438420
  208.000000000   196.006912573
  209.000000000   196.368493565
  210.000000000   196.697967677
  211.000000000   196.995183596
  212.000000000   197.286221138
  213.000000000   197.599503963
  214.000000000   197.946327569
  215.000000000   198.326874999
  216.000000000   198.740108774
  217.000000000   199.183852494
  218.000000000   199.654981616
  219.000000000   200.149689497
  220.000000000   200.663740636
  221.000000000   201.192664909
  222.000000000   201.731864969
  223.000000000   202.276634874
  224.000000000   202.822105622
  225.000000000   203.363178377
  226.000000000   203.894208128
  227.000000000   204.408521746
  228.000000000   204.898656031
  229.000000000   205.356862572
  230.000000000   205.775286252
  231.000000000   206.146181485
  232.000000000   206.462121997
  233.000000000   206.716204500
  234.000000000   206.902254070
  235.000000000   207.015039844
  236.000000000   207.050473293
  237.000000000   207.005800386
  238.000000000   206.879746243
  239.000000000   206.672605439
  240.000000000   206.386325567
  241.000000000   206.024549792
  242.000000000   205.592588753
  243.000000000   205.097358389
  244.000000000   204.547294618
  245.000000000   203.952198175
  246.000000000   203.323027159
  247.000000000   202.671683285
  248.000000000   202.010774794
  249.000000000   201.349802963
  250.000000000   200.681943109
  251.000000000   199.991356581
  252.000000000   199.280024109
  253.000000000   198.583232632
  254.000000000   197.970732095
  255.000000000   197.524919066
  256.000000000   197.302753520
  257.000000000   197.305773608
  258.000000000   197.481040815
  259.000000000   197.752233788
  260.000000000   198.057274955
  261.000000000   198.368781608
  262.000000000   198.691761300
  263.000000000   199.047303489
  264.000000000   199.445802048
  265.000000000   199.881059180
  266.000000000   200.343743453
  267.000000000   200.824510392
  268.000000000   201.314212802
  269.000000000   201.804103876
  270.000000000   202.286012828
  271.000000000   202.752498255
  272.000000000   203.196997583
  273.000000000   203.613923649
  274.000000000   203.998732756
  275.000000000   204.348019123
  276.000000000   204.659578623
  277.000000000   204.932413698
  278.000000000   205.166724318
  279.000000000   205.363871311
  280.000000000   205.526310499
  281.000000000   205.657484588
  282.000000000   205.761700879
  283.000000000   205.844004061
  284.000000000   205.910003460
  285.000000000   205.965688514
  286.000000000   206.017241138
  287.000000000   206.070851667
  288.000000000   206.132519056
  289.000000000   206.207863677
  290.000000000   206.301966682
  291.000000000   206.419226822
  292.000000000   206.563241706
  293.000000000   206.736718631
  294.000000000   206.941426101
  295.000000000   207.178185417
  296.000000000   207.446895659
  297.000000000   207.746579615
  298.000000000   208.075469309
  299.000000000   208.431127055
  300.000000000   208.805489196
  301.000000000   209.174005343
  302.000000000   209.506844343
  303.000000000   209.794623015
  304.000000000   210.061423955
  305.000000000   210.363165606
  306.000000000   210.764306578
  307.000000000   211.301954199
  308.000000000   211.961134751
  309.000000000   212.680208221
  310.000000000   213.382231711
  311.000000000   214.009106931
  312.000000000   214.538066926
  313.000000000   214.977567548
  314.000000000   215.350170035
  315.000000000   215.667506735
  316.000000000   215.927676802
  317.000000000   216.128126000
  318.000000000   216.267130373
  319.000000000   216.343755419
  320.000000000   216.357833700
  321.000000000   216.309915848
  322.000000000   216.201220439
  323.000000000   216.033601309
  324.000000000   215.809506446
  325.000000000   215.531938563
  326.000000000   215.204427406
  327.000000000   214.830989165
  328.000000000   214.416082917
  329.000000000   213.964573389
  330.000000000   213.481682794
  331.000000000   212.972920980
  332.000000000   212.444021172
  333.000000000   211.900879346
  334.000000000   211.349463394
  335.000000000   210.795704904
  336.000000000   210.245391044
  337.000000000   209.704055429
  338.000000000   209.176848844
  339.000000000   208.668403940
  340.000000000   208.182709334
  341.000000000   207.722995403
  342.000000000   207.291633330
  343.000000000   206.890050762
  344.000000000   206.518675364
  345.000000000   206.176913182
  346.000000000   205.863157330
  347.000000000   205.574836485
  348.000000000   205.308503515
  349.000000000   205.059950110
  350.000000000   204.824361224
  351.000000000   204.596494186
  352.000000000   204.363308838
  353.000000000   204.097646846
  354.000000000   203.774207145
  355.000000000   203.390841694
  356.000000000   202.976610696
  357.000000000   202.584836290
  358.000000000   202.268339418
  359.000000000   202.048978900
  360.000000000   201.902349237
  361.000000000   201.769347247
  362.000000000   201.585879644
  363.000000000   201.309998846
  364.000000000   200.932116659
  365.000000000   200.469004984
  366.000000000   199.944666822
  367.000000000   199.371257587
  368.000000000   198.752777544
  369.000000000   198.094576039
  370.000000000   197.403279224
  371.000000000   196.686647449
  372.000000000   195.953396300
  373.000000000   195.212991576
  374.000000000   194.475448172
  375.000000000   193.751117084
  376.000000000   193.050450229
  377.000000000   192.383770478
  378.000000000   191.761062891
  379.000000000   191.191762681
  380.000000000   190.683535955
  381.000000000   190.241803959
  382.000000000   189.871361619
  383.000000000   189.577392266
  384.000000000   189.365466210
  385.000000000   189.241337708
  386.000000000   189.210438439
  387.000000000   189.277110173
  388.000000000   189.443645722
  389.000000000   189.709383460
  390.000000000   190.070134078
  391.000000000   190.518095659
  392.000000000   191.042311615
  393.000000000   191.629580767
  394.000000000   192.265603505
  395.000000000   192.936101652
  396.000000000   193.627718324
  397.000000000   194.328617980
  398.000000000   195.028759085
  399.000000000   195.719923796
  400.000000000   196.394328756
  401.000000000   197.043452256
  402.000000000   197.659013524
  403.000000000   198.233784597
  404.000000000   198.760259017
  405.000000000   199.220223650
  406.000000000   199.589046143
  407.000000000   199.857149590
  408.000000000   200.041591293
  409.000000000   200.185842921
  410.000000000   200.344172409
  411.000000000   200.555378251
  412.000000000   200.821706543
  413.000000000   201.108008193
  414.000000000   201.361782576
  415.000000000   201.539699460
  416.000000000   201.624296120
  417.000000000   201.625215784
  418.000000000   201.568325778
  419.000000000   201.473740262
  420.000000000   201.350486769
  421.000000000   201.207023942
  422.000000000   201.052841144
  423.000000000   200.898264404
  424.000000000   200.754232369
  425.000000000   200.632039689
  426.000000000   200.543050777
  427.000000000   200.498405697
  428.000000000   200.508717868
  429.000000000   200.583781948
  430.000000000   200.732300918
  431.000000000   200.961616271
  432.000000000   201.277467249
  433.000000000   201.683804734
  434.000000000   202.182650685
  435.000000000   202.774003968
  436.000000000   203.455786825
  437.000000000   204.223843426
  438.000000000   205.071996145
  439.000000000   205.992142276
  440.000000000   206.974397356
  441.000000000   208.007290003
  442.000000000   209.077999565
  443.000000000   210.172612981
  444.000000000   211.276405676
  445.000000000   212.374152274
  446.000000000   213.450441848
  447.000000000   214.489993546
  448.000000000   215.477971641
  449.000000000   216.400303726
  450.000000000   217.243995247
  451.000000000   217.997432670
  452.000000000   218.650651438
  453.000000000   219.195565243
  454.000000000   219.626182516
  455.000000000   219.938771140
  456.000000000   220.131962864
  457.000000000   220.199758798
  458.000000000   220.127768821
  459.000000000   219.908830957
  460.000000000   219.559070519
  461.000000000   219.120545122
  462.000000000   218.651330513
  463.000000000   218.203843299
  464.000000000   217.802782257
  465.000000000   217.437451645
  466.000000000   217.073897688
  467.000000000   216.677991782
  468.000000000   216.234382677
  469.000000000   215.752432206
  470.000000000   215.260300023
  471.000000000   214.784712485
  472.000000000   214.340362880
  473.000000000   213.938028873
  474.000000000   213.587967703
  475.000000000   213.299691100
  476.000000000   213.081761355
  477.000000000   212.941591403
  478.000000000   212.885276725
  479.000000000   212.917478678
  480.000000000   213.041334296
  481.000000000   213.258404874
  482.000000000   213.568656454
  483.000000000   213.970476833
  484.000000000   214.460743299
  485.000000000   215.034915879
  486.000000000   215.687161660
  487.000000000   216.410492743
  488.000000000   217.196902495
  489.000000000   218.037527226
  490.000000000   218.922818374
  491.000000000   219.842700482
  492.000000000   220.786723258
  493.000000000   221.744219666
  494.000000000   222.704468848
  495.000000000   223.656839897
  496.000000000   224.590939074
  497.000000000   225.496748949
  498.000000000   226.364745027
  499.000000000   227.186025071
