    0.000000000    12.239000320
    1.000000000    12.239000320
    2.000000000    12.239000320
    3.000000000    12.239000320
    4.000000000    12.239000320
    5.000000000    12.239000320
    6.000000000    12.239000320
    7.000000000    12.239000320
    8.000000000    12.239000320
    9.000000000    12.239000320
   10.000000000    12.239000320
   11.000000000    12.239000320
   12.000000000    12.239000320
   13.000000000    12.239000320
   14.000000000    12.239000320
   15.000000000    12.239000320
   16.000000000    12.239000320
   17.000000000    12.239000320
   18.000000000    12.239000320
   19.000000000    12.239000320
   20.000000000    12.239000320
   21.000000000    12.239000320
   22.000000000    12.239000320
   23.000000000    12.239000320
   24.000000000    12.239000320
   25.000000000    12.239000320
   26.000000000    12.239000320
   27.000000000    12.239000320
   28.000000000    12.239000320
   29.000000000    12.239000320
   30.000000000    12.239000320
   31.000000000    12.239000320
   32.000000000    12.239000320
   33.000000000    12.239000320
   34.000000000    12.239000320
   35.000000000    12.239000320
   36.000000000    12.239000320
   37.000000000    12.239000320
   38.000000000    12.239000320
   39.000000000    12.239000320
   40.000000000    12.239000320
   41.000000000    12.239000320
   42.000000000    12.239000320
   43.000000000    12.239000320
   44.000000000    12.239000320
   45.000000000    12.239000320
   46.000000000    12.239000320
   47.000000000    12.239000320
   48.000000000    12.239000320
   49.000000000    12.239000320
   50.000000000    12.239000320
   51.000000000    12.239000320
   52.000000000    12.239000320
   53.000000000    12.239000320
   54.000000000    12.239000320
   55.000000000    12.239000320
   56.000000000    12.239000320
   57.000000000    12.239000320
   58.000000000    12.239000320
   59.000000000    12.239000320
   60.000000000    12.239000320
   61.000000000    12.239000320
   62.000000000    12.239000320
   63.000000000    12.239000320
   64.000000000    12.239000320
   65.000000000    12.239000320
   66.000000000    12.239000320
   67.000000000    12.239000320
   68.000000000    12.239000320
   69.000000000    12.239000320
   70.000000000    12.239000320
   71.000000000    12.239000320
   72.000000000    12.239000320
   73.000000000    12.239000320
   74.000000000    12.239000320
   75.000000000    12.239000320
   76.000000000    12.239000320
   77.000000000    12.239000320
   78.000000000    12.239000320
   79.000000000    12.239000320
   80.000000000    12.239000320
   81.000000000    12.239000320
   82.000000000    12.239000320
   83.000000000    12.239000320
   84.000000000    12.239000320
   85.000000000    12.239000320
   86.000000000    12.239000320
   87.000000000    12.239000320
   88.000000000    12.239000320
   89.000000000    12.239000320
   90.000000000    12.239000320
   91.000000000    12.239000320
   92.000000000    12.239000320
   93.000000000    12.239000320
   94.000000000    12.239000320
   95.000000000    12.239000320
   96.000000000    12.239000320
   97.000000000    12.239000320
   98.000000000    12.239000320
   99.000000000    12.239000320
  100.000000000    12.239000320
  101.000000000    12.239000320
  102.000000000    12.239000320
  103.000000000    12.239000320
  104.000000000    12.239000320
  105.000000000    12.239000320
  106.000000000    12.239000320
  107.000000000    12.239000320
  108.000000000    12.239000320
  109.000000000    12.239000320
  110.000000000    12.239000320
  111.000000000    12.239000320
  112.000000000    12.239000320
  113.000000000    12.239000320
  114.000000000    12.239000320
  115.000000000    12.239000320
  116.000000000    12.239000320
  117.000000000    12.239000320
  118.000000000    12.239000320
  119.000000000    12.239000320
  120.000000000    12.239000320
  121.000000000    12.239000320
  122.000000000    12.239000320
  123.000000000    12.239000320
  124.000000000    12.239000320
  125.000000000    12.239000320
  126.000000000    12.239000320
  127.000000000    12.239000320
  128.000000000    12.239000320
  129.000000000    12.239000320
  130.000000000    12.239000320
  131.000000000    12.239000320
  132.000000000    12.239000320
  133.000000000    12.239000320
  134.000000000    12.239000320
  135.000000000    12.239000320
  136.000000000    12.239000320
  137.000000000    12.239000320
  138.000000000    12.239000320
  139.000000000    12.239000320
  140.000000000    12.239000320
  141.000000000    12.239000320
  142.000000000    12.239000320
  143.000000000    12.239000320
  144.000000000    12.239000320
  145.000000000    12.239000320
  146.000000000    12.239000320
  147.000000000    12.239000320
  148.000000000    12.239000320
  149.000000000    12.239000320
  150.000000000    12.239000320
  151.000000000    12.239000320
  152.000000000    12.239000320
  153.000000000    12.239000320
  154.000000000    12.239000320
  155.000000000    12.239000320
  156.000000000    12.239000320
  157.000000000    12.239000320
  158.000000000    12.239000320
  159.000000000    12.239000320
  160.000000000    12.239000320
  161.000000000    12.239000320
  162.000000000    12.239000320
  163.000000000    12.239000320
  164.000000000    12.239000320
  165.000000000    12.239000320
  166.000000000    12.239000320
  167.000000000    12.239000320
  168.000000000    12.239000320
  169.000000000    12.239000320
  170.000000000    12.239000320
  171.000000000    12.239000320
  172.000000000    12.239000320
  173.000000000    12.239000320
  174.000000000    12.239000320
  175.000000000    12.239000320
  176.000000000    12.239000320
  177.000000000    12.239000320
  178.000000000    12.239000320
  179.000000000    12.239000320
  180.000000000    12.239000320
  181.000000000    12.239000320
  182.000000000    12.239000320
  183.000000000    12.239000320
  184.000000000    12.239000320
  185.000000000    12.239000320
  186.000000000    12.239000320
  187.000000000    12.239000320
  188.000000000    12.239000320
  189.000000000    12.239000320
  190.000000000    12.239000320
  191.000000000    12.239000320
  192.000000000    12.239000320
  193.000000000    12.239000320
  194.000000000    12.239000320
  195.000000000    12.239000320
  196.000000000    12.239000320
  197.000000000    12.239000320
  198.000000000    12.239000320
  199.000000000    12.239000320
  200.000000000    12.239000320
  201.000000000    12.239000320
  202.000000000    12.239000320
  203.000000000    12.239000320
  204.000000000    12.239000320
  205.000000000    12.239000320
  206.000000000    12.239000320
  207.000000000    12.239000320
  208.000000000    12.239000320
  209.000000000    12.239000320
  210.000000000    12.239000320
  211.000000000    12.239000320
  212.000000000    12.239000320
  213.000000000    12.239000320
  214.000000000    12.239000320
  215.000000000    12.239000320
  216.000000000    12.239000320
  217.000000000    12.239000320
  218.000000000    12.239000320
  219.000000000    12.239000320
  220.000000000    12.239000320
  221.000000000    12.239000320
  222.000000000    12.239000320
  223.000000000    12.239000320
  224.000000000    12.239000320
  225.000000000    12.239000320
  226.000000000    12.239000320
  227.000000000    12.239000320
  228.000000000    12.239000320
  229.000000000    12.239000320
  230.000000000    12.239000320
  231.000000000    12.239000320
  232.000000000    12.239000320
  233.000000000    12.239000320
  234.000000000    12.239000320
  235.000000000    12.239000320
  236.000000000    12.239000320
  237.000000000    12.239000320
  238.000000000    12.239000320
  239.000000000    12.239000320
  240.000000000    12.239000320
  241.000000000    12.239000320
  242.000000000    12.239000320
  243.000000000    12.239000320
  244.000000000    12.239000320
  245.000000000    12.239000320
  246.000000000    12.239000320
  247.000000000    12.239000320
  248.000000000    12.239000320
  249.000000000    12.239000320
  250.000000000    12.239000320
  251.000000000    12.239000320
  252.000000000    12.239000320
  253.000000000    12.239000320
  254.000000000    12.239000320
  255.000000000    12.239000320
  256.000000000    12.239000320
  257.000000000    12.239000320
  258.000000000    12.239000320
  259.000000000    12.239000320
  260.000000000    12.239000320
  261.000000000    12.239000320
  262.000000000    12.239000320
  263.000000000    12.239000320
  264.000000000    12.239000320
  265.000000000    12.239000320
  266.000000000    12.239000320
  267.000000000    12.239000320
  268.000000000    12.239000320
  269.000000000    12.239000320
  270.000000000    12.239000320
  271.000000000    12.239000320
  272.000000000    12.239000320
  273.000000000    12.239000320
  274.000000000    12.239000320
  275.000000000    12.239000320
  276.000000000    12.239000320
  277.000000000    12.239000320
  278.000000000    12.239000320
  279.000000000    12.239000320
  280.000000000    12.239000320
  281.000000000    12.239000320
  282.000000000    12.239000320
  283.000000000    12.239000320
  284.000000000    12.239000320
  285.000000000    12.239000320
  286.000000000    12.239000320
  287.000000000    12.239000320
  288.000000000    12.239000320
  289.000000000    12.239000320
  290.000000000    12.239000320
  291.000000000    12.239000320
  292.000000000    12.239000320
  293.000000000    12.239000320
  294.000000000    12.239000320
  295.000000000    12.239000320
  296.000000000    12.239000320
  297.000000000    12.239000320
  298.000000000    12.239000320
  299.000000000    12.239000320
  300.000000000    12.239000320
  301.000000000    12.239000320
  302.000000000    12.239000320
  303.000000000    12.239000320
  304.000000000    12.239000320
  305.000000000    12.239000320
  306.000000000    12.239000320
  307.000000000    12.239000320
  308.000000000    12.239000320
  309.000000000    12.239000320
  310.000000000    12.239000320
  311.000000000    12.239000320
  312.000000000    12.239000320
  313.000000000    12.239000320
  314.000000000    12.239000320
  315.000000000    12.239000320
  316.000000000    12.239000320
  317.000000000    12.239000320
  318.000000000    12.239000320
  319.000000000    12.239000320
  320.000000000    12.239000320
  321.000000000    12.239000320
  322.000000000    12.239000320
  323.000000000    12.239000320
  324.000000000    12.239000320
  325.000000000    12.239000320
  326.000000000    12.239000320
  327.000000000    12.239000320
  328.000000000    12.239000320
  329.000000000    12.239000320
  330.000000000    12.239000320
  331.000000000    12.239000320
  332.000000000    12.239000320
  333.000000000    12.239000320
  334.000000000    12.239000320
  335.000000000    12.239000320
  336.000000000    12.239000320
  337.000000000    12.239000320
  338.000000000    12.239000320
  339.000000000    12.239000320
  340.000000000    12.239000320
  341.000000000    12.239000320
  342.000000000    12.239000320
  343.000000000    12.239000320
  344.000000000    12.239000320
  345.000000000    12.239000320
  346.000000000    12.239000320
  347.000000000    12.239000320
  348.000000000    12.239000320
  349.000000000    12.239000320
  350.000000000    12.239000320
  351.000000000    12.239000320
  352.000000000    12.239000320
  353.000000000    12.239000320
  354.000000000    12.239000320
  355.000000000    12.239000320
  356.000000000    12.239000320
  357.000000000    12.239000320
  358.000000000    12.239000320
  359.000000000    12.239000320
  360.000000000    12.239000320
  361.000000000    12.239000320
  362.000000000    12.239000320
  363.000000000    12.239000320
  364.000000000    12.239000320
  365.000000000    12.239000320
  366.000000000    12.239000320
  367.000000000    12.239000320
  368.000000000    12.239000320
  369.000000000    12.239000320
  370.000000000    12.239000320
  371.000000000    12.239000320
  372.000000000    12.239000320
  373.000000000    12.239000320
  374.000000000    12.239000320
  375.000000000    12.239000320
  376.000000000    12.239000320
  377.000000000    12.239000320
  378.000000000    12.239000320
  379.000000000    12.239000320
  380.000000000    12.239000320
  381.000000000    12.239000320
  382.000000000    12.239000320
  383.000000000    12.239000320
  384.000000000    12.239000320
  385.000000000    12.239000320
  386.000000000    12.239000320
  387.000000000    12.239000320
  388.000000000    12.239000320
  389.000000000    12.239000320
  390.000000000    12.239000320
  391.000000000    12.239000320
  392.000000000    12.239000320
  393.000000000    12.239000320
  394.000000000    12.239000320
  395.000000000    12.239000320
  396.000000000    12.239000320
  397.000000000    12.239000320
  398.000000000    12.239000320
  399.000000000    12.239000320
  400.000000000    12.239000320
  401.000000000    12.239000320
  402.000000000    12.239000320
  403.000000000    12.239000320
  404.000000000    12.239000320
  405.000000000    12.239000320
  406.000000000    12.239000320
  407.000000000    12.239000320
  408.000000000    12.239000320
  409.000000000    12.239000320
  410.000000000    12.239000320
  411.000000000    12.239000320
  412.000000000    12.239000320
  413.000000000    12.239000320
  414.000000000    12.239000320
  415.000000000    12.239000320
  416.000000000    12.239000320
  417.000000000    12.239000320
  418.000000000    12.239000320
  419.000000000    12.239000320
  420.000000000    12.239000320
  421.000000000    12.239000320
  422.000000000    12.239000320
  423.000000000    12.239000320
  424.000000000    12.239000320
  425.000000000    12.239000320
  426.000000000    12.239000320
  427.000000000    12.239000320
  428.000000000    12.239000320
  429.000000000    12.239000320
  430.000000000    12.239000320
  431.000000000    12.239000320
  432.000000000    12.239000320
  433.000000000    12.239000320
  434.000000000    12.239000320
  435.000000000    12.239000320
  436.000000000    12.239000320
  437.000000000    12.239000320
  438.000000000    12.239000320
  439.000000000    12.239000320
  440.000000000    12.239000320
  441.000000000    12.239000320
  442.000000000    12.239000320
  443.000000000    12.239000320
  444.000000000    12.239000320
  445.000000000    12.239000320
  446.000000000    12.239000320
  447.000000000    12.239000320
  448.000000000    12.239000320
  449.000000000    12.239000320
  450.000000000    12.239000320
  451.000000000    12.239000320
  452.000000000    12.239000320
  453.000000000    12.239000320
  454.000000000    12.239000320
  455.000000000    12.239000320
  456.000000000    12.239000320
  457.000000000    12.239000320
  458.000000000    12.239000320
  459.000000000    12.239000320
  460.000000000    12.239000320
  461.000000000    12.239000320
  462.000000000    12.239000320
  463.000000000    12.239000320
  464.000000000    12.239000320
  465.000000000    12.239000320
  466.000000000    12.239000320
  467.000000000    12.239000320
  468.000000000    12.239000320
  469.000000000    12.239000320
  470.000000000    12.239000320
  471.000000000    12.239000320
  472.000000000    12.239000320
  473.000000000    12.239000320
  474.000000000    12.239000320
  475.000000000    12.239000320
  476.000000000    12.239000320
  477.000000000    12.239000320
  478.000000000    12.239000320
  479.000000000    12.239000320
  480.000000000    12.239000320
  481.000000000    12.239000320
  482.000000000    12.239000320
  483.000000000    12.239000320
  484.000000000    12.239000320
  485.000000000    12.239000320
  486.000000000    12.239000320
  487.000000000    12.239000320
  488.000000000    12.239000320
  489.000000000    12.239000320
  490.000000000    12.239000320
  491.000000000    12.239000320
  492.000000000    12.239000320
  493.000000000    12.239000320
  494.000000000    12.239000320
  495.000000000    12.239000320
  496.000000000    12.239000320
  497.000000000    12.239000320
  498.000000000    12.239000320
  499.000000000    12.239000320
