    0.000000000     1.698775927
    1.000000000     1.698775927
    2.000000000     1.698775927
    3.000000000     1.698775927
    4.000000000     1.698775927
    5.000000000     1.698775927
    6.000000000     1.698775927
    7.000000000     1.698775927
    8.000000000     1.698775927
    9.000000000     1.698775927
   10.000000000     1.698775927
   11.000000000     1.698775927
   12.000000000     1.698775927
   13.000000000     1.698775927
   14.000000000     1.698775927
   15.000000000     1.698775927
   16.000000000     1.698775927
   17.000000000     1.698775927
   18.000000000     1.698775927
   19.000000000     1.698775927
   20.000000000     1.698775927
   21.000000000     1.698775927
   22.000000000     1.698775927
   23.000000000     1.698775927
   24.000000000     1.698775927
   25.000000000     1.698775927
   26.000000000     1.698775927
   27.000000000     1.698775927
   28.000000000     1.698775927
   29.000000000     1.698775927
   30.000000000     1.698775927
   31.000000000     1.698775927
   32.000000000     1.698775927
   33.000000000     1.698775927
   34.000000000     1.698775927
   35.000000000     1.698775927
   36.000000000     1.698775927
   37.000000000     1.698775927
   38.000000000     1.698775927
   39.000000000     1.698775927
   40.000000000     1.698775927
   41.000000000     1.698775927
   42.000000000     1.698775927
   43.000000000     1.698775927
   44.000000000     1.698775927
   45.000000000     1.698775927
   46.000000000     1.698775927
   47.000000000     1.698775927
   48.000000000     1.698775927
   49.000000000     1.698775927
   50.000000000     1.698775927
   51.000000000     1.698775927
   52.000000000     1.698775927
   53.000000000     1.698775927
   54.000000000     1.698775927
   55.000000000     1.698775927
   56.000000000     1.698775927
   57.000000000     1.698775927
   58.000000000     1.698775927
   59.000000000     1.698775927
   60.000000000     1.698775927
   61.000000000     1.698775927
   62.000000000     1.698775927
   63.000000000     1.698775927
   64.000000000     1.698775927
   65.000000000     1.698775927
   66.000000000     1.698775927
   67.000000000     1.698775927
   68.000000000     1.698775927
   69.000000000     1.698775927
   70.000000000     1.698775927
   71.000000000     1.698775927
   72.000000000     1.698775927
   73.000000000     1.698775927
   74.000000000     1.698775927
   75.000000000     1.698775927
   76.000000000     1.698775927
   77.000000000     1.698775927
   78.000000000     1.698775927
   79.000000000     1.698775927
   80.000000000     1.698775927
   81.000000000     1.698775927
   82.000000000     1.698775927
   83.000000000     1.698775927
   84.000000000     1.698775927
   85.000000000     1.698775927
   86.000000000     1.698775927
   87.000000000     1.698775927
   88.000000000     1.698775927
   89.000000000     1.698775927
   90.000000000     1.698775927
   91.000000000     1.698775927
   92.000000000     1.698775927
   93.000000000     1.698775927
   94.000000000     1.698775927
   95.000000000     1.698775927
   96.000000000     1.698775927
   97.000000000     1.698775927
   98.000000000     1.698775927
   99.000000000     1.698775927
  100.000000000     1.698775927
  101.000000000     1.698775927
  102.000000000     1.698775927
  103.000000000     1.698775927
  104.000000000     1.698775927
  105.000000000     1.698775927
  106.000000000     1.698775927
  107.000000000     1.698775927
  108.000000000     1.698775927
  109.000000000     1.698775927
  110.000000000     1.698775927
  111.000000000     1.698775927
  112.000000000     1.698775927
  113.000000000     1.698775927
  114.000000000     1.698775927
  115.000000000     1.698775927
  116.000000000     1.698775927
  117.000000000     1.698775927
  118.000000000     1.698775927
  119.000000000     1.698775927
  120.000000000     1.698775927
  121.000000000     1.698775927
  122.000000000     1.698775927
  123.000000000     1.698775927
  124.000000000     1.698775927
  125.000000000     1.698775927
  126.000000000     1.698775927
  127.000000000     1.698775927
  128.000000000     1.698775927
  129.000000000     1.698775927
  130.000000000     1.698775927
  131.000000000     1.698775927
  132.000000000     1.698775927
  133.000000000     1.698775927
  134.000000000     1.698775927
  135.000000000     1.698775927
  136.000000000     1.698775927
  137.000000000     1.698775927
  138.000000000     1.698775927
  139.000000000     1.698775927
  140.000000000     1.698775927
  141.000000000     1.698775927
  142.000000000     1.698775927
  143.000000000     1.698775927
  144.000000000     1.698775927
  145.000000000     1.698775927
  146.000000000     1.698775927
  147.000000000     1.698775927
  148.000000000     1.698775927
  149.000000000     1.698775927
  150.000000000     1.698775927
  151.000000000     1.698775927
  152.000000000     1.698775927
  153.000000000     1.698775927
  154.000000000     1.698775927
  155.000000000     1.698775927
  156.000000000     1.698775927
  157.000000000     1.698775927
  158.000000000     1.698775927
  159.000000000     1.698775927
  160.000000000     1.698775927
  161.000000000     1.698775927
  162.000000000     1.698775927
  163.000000000     1.698775927
  164.000000000     1.698775927
  165.000000000     1.698775927
  166.000000000     1.698775927
  167.000000000     1.698775927
  168.000000000     1.698775927
  169.000000000     1.698775927
  170.000000000     1.698775927
  171.000000000     1.698775927
  172.000000000     1.698775927
  173.000000000     1.698775927
  174.000000000     1.698775927
  175.000000000     1.698775927
  176.000000000     1.698775927
  177.000000000     1.698775927
  178.000000000     1.698775927
  179.000000000     1.698775927
  180.000000000     1.698775927
  181.000000000     1.698775927
  182.000000000     1.698775927
  183.000000000     1.698775927
  184.000000000     1.698775927
  185.000000000     1.698775927
  186.000000000     1.698775927
  187.000000000     1.698775927
  188.000000000     1.698775927
  189.000000000     1.698775927
  190.000000000     1.698775927
  191.000000000     1.698775927
  192.000000000     1.698775927
  193.000000000     1.698775927
  194.000000000     1.698775927
  195.000000000     1.698775927
  196.000000000     1.698775927
  197.000000000     1.698775927
  198.000000000     1.698775927
  199.000000000     1.698775927
  200.000000000     1.698775927
  201.000000000     1.698775927
  202.000000000     1.698775927
  203.000000000     1.698775927
  204.000000000     1.698775927
  205.000000000     1.698775927
  206.000000000     1.698775927
  207.000000000     1.698775927
  208.000000000     1.698775927
  209.000000000     1.698775927
  210.000000000     1.698775927
  211.000000000     1.698775927
  212.000000000     1.698775927
  213.000000000     1.698775927
  214.000000000     1.698775927
  215.000000000     1.698775927
  216.000000000     1.698775927
  217.000000000     1.698775927
  218.000000000     1.698775927
  219.000000000     1.698775927
  220.000000000     1.698775927
  221.000000000     1.698775927
  222.000000000     1.698775927
  223.000000000     1.698775927
  224.000000000     1.698775927
  225.000000000     1.698775927
  226.000000000     1.698775927
  227.000000000     1.698775927
  228.000000000     1.698775927
  229.000000000     1.698775927
  230.000000000     1.698775927
  231.000000000     1.698775927
  232.000000000     1.698775927
  233.000000000     1.698775927
  234.000000000     1.698775927
  235.000000000     1.698775927
  236.000000000     1.698775927
  237.000000000     1.698775927
  238.000000000     1.698775927
  239.000000000     1.698775927
  240.000000000     1.698775927
  241.000000000     1.698775927
  242.000000000     1.698775927
  243.000000000     1.698775927
  244.000000000     1.698775927
  245.000000000     1.698775927
  246.000000000     1.698775927
  247.000000000     1.698775927
  248.000000000     1.698775927
  249.000000000     1.698775927
  250.000000000     1.698775927
  251.000000000     1.698775927
  252.000000000     1.698775927
  253.000000000     1.698775927
  254.000000000     1.698775927
  255.000000000     1.698775927
  256.000000000     1.698775927
  257.000000000     1.698775927
  258.000000000     1.698775927
  259.000000000     1.698775927
  260.000000000     1.698775927
  261.000000000     1.698775927
  262.000000000     1.698775927
  263.000000000     1.698775927
  264.000000000     1.698775927
  265.000000000     1.698775927
  266.000000000     1.698775927
  267.000000000     1.698775927
  268.000000000     1.698775927
  269.000000000     1.698775927
  270.000000000     1.698775927
  271.000000000     1.698775927
  272.000000000     1.698775927
  273.000000000     1.698775927
  274.000000000     1.698775927
  275.000000000     1.698775927
  276.000000000     1.698775927
  277.000000000     1.698775927
  278.000000000     1.698775927
  279.000000000     1.698775927
  280.000000000     1.698775927
  281.000000000     1.698775927
  282.000000000     1.698775927
  283.000000000     1.698775927
  284.000000000     1.698775927
  285.000000000     1.698775927
  286.000000000     1.698775927
  287.000000000     1.698775927
  288.000000000     1.698775927
  289.000000000     1.698775927
  290.000000000     1.698775927
  291.000000000     1.698775927
  292.000000000     1.698775927
  293.000000000     1.698775927
  294.000000000     1.698775927
  295.000000000     1.698775927
  296.000000000     1.698775927
  297.000000000     1.698775927
  298.000000000     1.698775927
  299.000000000     1.698775927
  300.000000000     1.698775927
  301.000000000     1.698775927
  302.000000000     1.698775927
  303.000000000     1.698775927
  304.000000000     1.698775927
  305.000000000     1.698775927
  306.000000000     1.698775927
  307.000000000     1.698775927
  308.000000000     1.698775927
  309.000000000     1.698775927
  310.000000000     1.698775927
  311.000000000     1.698775927
  312.000000000     1.698775927
  313.000000000     1.698775927
  314.000000000     1.698775927
  315.000000000     1.698775927
  316.000000000     1.698775927
  317.000000000     1.698775927
  318.000000000     1.698775927
  319.000000000     1.698775927
  320.000000000     1.698775927
  321.000000000     1.698775927
  322.000000000     1.698775927
  323.000000000     1.698775927
  324.000000000     1.698775927
  325.000000000     1.698775927
  326.000000000     1.698775927
  327.000000000     1.698775927
  328.000000000     1.698775927
  329.000000000     1.698775927
  330.000000000     1.698775927
  331.000000000     1.698775927
  332.000000000     1.698775927
  333.000000000     1.698775927
  334.000000000     1.698775927
  335.000000000     1.698775927
  336.000000000     1.698775927
  337.000000000     1.698775927
  338.000000000     1.698775927
  339.000000000     1.698775927
  340.000000000     1.698775927
  341.000000000     1.698775927
  342.000000000     1.698775927
  343.000000000     1.698775927
  344.000000000     1.698775927
  345.000000000     1.698775927
  346.000000000     1.698775927
  347.000000000     1.698775927
  348.000000000     1.698775927
  349.000000000     1.698775927
  350.000000000     1.698775927
  351.000000000     1.698775927
  352.000000000     1.698775927
  353.000000000     1.698775927
  354.000000000     1.698775927
  355.000000000     1.698775927
  356.000000000     1.698775927
  357.000000000     1.698775927
  358.000000000     1.698775927
  359.000000000     1.698775927
  360.000000000     1.698775927
  361.000000000     1.698775927
  362.000000000     1.698775927
  363.000000000     1.698775927
  364.000000000     1.698775927
  365.000000000     1.698775927
  366.000000000     1.698775927
  367.000000000     1.698775927
  368.000000000     1.698775927
  369.000000000     1.698775927
  370.000000000     1.698775927
  371.000000000     1.698775927
  372.000000000     1.698775927
  373.000000000     1.698775927
  374.000000000     1.698775927
  375.000000000     1.698775927
  376.000000000     1.698775927
  377.000000000     1.698775927
  378.000000000     1.698775927
  379.000000000     1.698775927
  380.000000000     1.698775927
  381.000000000     1.698775927
  382.000000000     1.698775927
  383.000000000     1.698775927
  384.000000000     1.698775927
  385.000000000     1.698775927
  386.000000000     1.698775927
  387.000000000     1.698775927
  388.000000000     1.698775927
  389.000000000     1.698775927
  390.000000000     1.698775927
  391.000000000     1.698775927
  392.000000000     1.698775927
  393.000000000     1.698775927
  394.000000000     1.698775927
  395.000000000     1.698775927
  396.000000000     1.698775927
  397.000000000     1.698775927
  398.000000000     1.698775927
  399.000000000     1.698775927
  400.000000000     1.698775927
  401.000000000     1.698775927
  402.000000000     1.698775927
  403.000000000     1.698775927
  404.000000000     1.698775927
  405.000000000     1.698775927
  406.000000000     1.698775927
  407.000000000     1.698775927
  408.000000000     1.698775927
  409.000000000     1.698775927
  410.000000000     1.698775927
  411.000000000     1.698775927
  412.000000000     1.698775927
  413.000000000     1.698775927
  414.000000000     1.698775927
  415.000000000     1.698775927
  416.000000000     1.698775927
  417.000000000     1.698775927
  418.000000000     1.698775927
  419.000000000     1.698775927
  420.000000000     1.698775927
  421.000000000     1.698775927
  422.000000000     1.698775927
  423.000000000     1.698775927
  424.000000000     1.698775927
  425.000000000     1.698775927
  426.000000000     1.698775927
  427.000000000     1.698775927
  428.000000000     1.698775927
  429.000000000     1.698775927
  430.000000000     1.698775927
  431.000000000     1.698775927
  432.000000000     1.698775927
  433.000000000     1.698775927
  434.000000000     1.698775927
  435.000000000     1.698775927
  436.000000000     1.698775927
  437.000000000     1.698775927
  438.000000000     1.698775927
  439.000000000     1.698775927
  440.000000000     1.698775927
  441.000000000     1.698775927
  442.000000000     1.698775927
  443.000000000     1.698775927
  444.000000000     1.698775927
  445.000000000     1.698775927
  446.000000000     1.698775927
  447.000000000     1.698775927
  448.000000000     1.698775927
  449.000000000     1.698775927
  450.000000000     1.698775927
  451.000000000     1.698775927
  452.000000000     1.698775927
  453.000000000     1.698775927
  454.000000000     1.698775927
  455.000000000     1.698775927
  456.000000000     1.698775927
  457.000000000     1.698775927
  458.000000000     1.698775927
  459.000000000     1.698775927
  460.000000000     1.698775927
  461.000000000     1.698775927
  462.000000000     1.698775927
  463.000000000     1.698775927
  464.000000000     1.698775927
  465.000000000     1.698775927
  466.000000000     1.698775927
  467.000000000     1.698775927
  468.000000000     1.698775927
  469.000000000     1.698775927
  470.000000000     1.698775927
  471.000000000     1.698775927
  472.000000000     1.698775927
  473.000000000     1.698775927
  474.000000000     1.698775927
  475.000000000     1.698775927
  476.000000000     1.698775927
  477.000000000     1.698775927
  478.000000000     1.698775927
  479.000000000     1.698775927
  480.000000000     1.698775927
  481.000000000     1.698775927
  482.000000000     1.698775927
  483.000000000     1.698775927
  484.000000000     1.698775927
  485.000000000     1.698775927
  486.000000000     1.698775927
  487.000000000     1.698775927
  488.000000000     1.698775927
  489.000000000     1.698775927
  490.000000000     1.698775927
  491.000000000     1.698775927
  492.000000000     1.698775927
  493.000000000     1.698775927
  494.000000000     1.698775927
  495.000000000     1.698775927
  496.000000000     1.698775927
  497.000000000     1.698775927
  498.000000000     1.698775927
  499.000000000     1.698775927
