    0.000000000     6.105926525
    1.000000000     6.110051361
    2.000000000     6.119381539
    3.000000000     6.129133590
    4.000000000     6.138765165
    5.000000000     6.148136754
    6.000000000     6.157193614
    7.000000000     6.165784930
    8.000000000     6.173783661
    9.000000000     6.181025145
   10.000000000     6.187364425
   11.000000000     6.192692341
   12.000000000     6.196859096
   13.000000000     6.199743890
   14.000000000     6.201161159
   15.000000000     6.201024341
   16.000000000     6.199233176
   17.000000000     6.195704359
   18.000000000     6.190302906
   19.000000000     6.182982272
   20.000000000     6.173720220
   21.000000000     6.162549014
   22.000000000     6.149438706
   23.000000000     6.134399982
   24.000000000     6.117497828
   25.000000000     6.098833928
   26.000000000     6.078511550
   27.000000000     6.056659783
   28.000000000     6.033452516
   29.000000000     6.009047724
   30.000000000     5.983635253
   31.000000000     5.957412123
   32.000000000     5.930595767
   33.000000000     5.903397902
   34.000000000     5.876048106
   35.000000000     5.848756342
   36.000000000     5.821733468
   37.000000000     5.795211083
   38.000000000     5.770829683
   39.000000000     5.753341656
   40.000000000     5.742505153
   41.000000000     5.736690898
   42.000000000     5.733004703
   43.000000000     5.727695033
   44.000000000     5.717163607
   45.000000000     5.699056712
   46.000000000     5.673196485
   47.000000000     5.641669255
   48.000000000     5.608138894
   49.000000000     5.576637560
   50.000000000     5.550549054
   51.000000000     5.532060108
   52.000000000     5.522146914
   53.000000000     5.517224450
   54.000000000     5.514654149
   55.000000000     5.514410050
   56.000000000     5.516443411
   57.000000000     5.520668628
   58.000000000     5.527010595
   59.000000000     5.535400478
   60.000000000     5.545717629
   61.000000000     5.557843245
   62.000000000     5.571704408
   63.000000000     5.587127755
   64.000000000     5.603982387
   65.000000000     5.622141211
   66.000000000     5.641450169
   67.000000000     5.661798640
   68.000000000     5.683073651
   69.000000000     5.705150755
   70.000000000     5.727927546
   71.000000000     5.751302938
   72.000000000     5.775173366
   73.000000000     5.799453809
   74.000000000     5.824136219
   75.000000000     5.849117268
   76.000000000     5.874354682
   77.000000000     5.899807121
   78.000000000     5.925445185
   79.000000000     5.951269516
   80.000000000     5.977202782
   81.000000000     6.003221457
   82.000000000     6.029306034
   83.000000000     6.055444010
   84.000000000     6.081588867
   85.000000000     6.107725655
   86.000000000     6.133845559
   87.000000000     6.159890495
   88.000000000     6.185807263
   89.000000000     6.213424330
   90.000000000     6.246720518
   91.000000000     6.284930800
   92.000000000     6.326032452
   93.000000000     6.366884924
   94.000000000     6.403667588
   95.000000000     6.432852550
   96.000000000     6.452209408
   97.000000000     6.461679010
   98.000000000     6.463242390
   99.000000000     6.460267621
  100.000000000     6.456363245
  101.000000000     6.454507155
  102.000000000     6.456535885
  103.000000000     6.463057455
  104.000000000     6.469867656
  105.000000000     6.474994146
  106.000000000     6.478520456
  107.000000000     6.482009053
  108.000000000     6.485826769
  109.000000000     6.489821626
  110.000000000     6.493606077
  111.000000000     6.496704571
  112.000000000     6.498411375
  113.000000000     6.497869567
  114.000000000     6.494136159
  115.000000000     6.486261768
  116.000000000     6.473438282
  117.000000000     6.455148721
  118.000000000     6.431203354
  119.000000000     6.401828261
  120.000000000     6.367584267
  121.000000000     6.329332841
  122.000000000     6.288104877
  123.000000000     6.244932183
  124.000000000     6.200800272
  125.000000000     6.156542467
  126.000000000     6.112796099
  127.000000000     6.070106646
  128.000000000     6.028934803
  129.000000000     5.989075964
  130.000000000     5.949368154
  131.000000000     5.910175123
  132.000000000     5.872005798
  133.000000000     5.835443451
  134.000000000     5.801068585
  135.000000000     5.769435336
  136.000000000     5.741028656
  137.000000000     5.716120301
  138.000000000     5.694801941
  139.000000000     5.676968364
  140.000000000     5.662323746
  141.000000000     5.677754607
  142.000000000     5.760234278
  143.000000000     5.899360831
  144.000000000     6.054813395
  145.000000000     6.155129946
  146.000000000     6.147664963
  147.000000000     6.029911507
  148.000000000     5.851470986
  149.000000000     5.684563639
  150.000000000     5.590869138
  151.000000000     5.561630412
  152.000000000     5.536822252
  153.000000000     5.518282345
  154.000000000     5.508013288
  155.000000000     5.506928543
  156.000000000     5.511893903
  157.000000000     5.520126094
  158.000000000     5.530908716
  159.000000000     5.543424790
  160.000000000     5.556894669
  161.000000000     5.570574405
  162.000000000     5.583854139
  163.000000000     5.596247692
  164.000000000     5.607445563
  165.000000000     5.617383348
  166.000000000     5.625936623
  167.000000000     5.633201372
  168.000000000     5.639306296
  169.000000000     5.644422174
  170.000000000     5.648754064
  171.000000000     5.652537770
  172.000000000     5.655989224
  173.000000000     5.659298526
  174.000000000     5.662677965
  175.000000000     5.666262441
  176.000000000     5.670218454
  177.000000000     5.674660811
  178.000000000     5.679629084
  179.000000000     5.685169273
  180.000000000     5.691315797
  181.000000000     5.698086268
  182.000000000     5.705450998
  183.000000000     5.713360019
  184.000000000     5.721774691
  185.000000000     5.730612496
  186.000000000     5.739768232
  187.000000000     5.749159247
  188.000000000     5.758643270
  189.000000000     5.768101323
  190.000000000     5.777394513
  191.000000000     5.786355012
  192.000000000     5.794841640
  193.000000000     5.802659788
  194.000000000     5.809647435
  195.000000000     5.817245401
  196.000000000     5.827527889
  197.000000000     5.839499772
  198.000000000     5.851610850
  199.000000000     5.861792126
  200.000000000     5.867743750
  201.000000000     5.867573242
  202.000000000     5.860309797
  203.000000000     5.846214279
  204.000000000     5.826698153
  205.000000000     5.803822209
  206.000000000     5.779744128
  207.000000000     5.756217725
  208.000000000     5.734396396
  209.000000000     5.714456416
  210.000000000     5.693712903
  211.000000000     5.671634855
  212.000000000     5.648300544
  213.000000000     5.623835886
  214.000000000     5.598393940
  215.000000000     5.572082049
  216.000000000     5.545064379
  217.000000000     5.517485332
  218.000000000     5.489609966
  219.000000000     5.461599387
  220.000000000     5.433600793
  221.000000000     5.405747027
  222.000000000     5.378201377
  223.000000000     5.351092164
  224.000000000     5.324553045
  225.000000000     5.298726127
  226.000000000     5.273679883
  227.000000000     5.249517578
  228.000000000     5.226371593
  229.000000000     5.204334356
  230.000000000     5.183441060
  231.000000000     5.163702104
  232.000000000     5.145150270
  233.000000000     5.127819903
  234.000000000     5.111712643
  235.000000000     5.096876313
  236.000000000     5.083298592
  237.000000000     5.070909512
  238.000000000     5.059639405
  239.000000000     5.049423424
  240.000000000     5.040213849
  241.000000000     5.031950502
  242.000000000     5.024559212
  243.000000000     5.017929836
  244.000000000     5.012002139
  245.000000000     5.006673506
  246.000000000     5.001830670
  247.000000000     4.997386646
  248.000000000     4.993257086
  249.000000000     4.989346666
  250.000000000     4.985990093
  251.000000000     4.984867828
  252.000000000     4.985632080
  253.000000000     4.987416330
  254.000000000     4.989024795
  255.000000000     4.989160184
  256.000000000     4.986789765
  257.000000000     4.981250908
  258.000000000     4.972577650
  259.000000000     4.961504309
  260.000000000     4.949219050
  261.000000000     4.936912028
  262.000000000     4.925661258
  263.000000000     4.916191571
  264.000000000     4.908863411
  265.000000000     4.902321318
  266.000000000     4.895760015
  267.000000000     4.889210685
  268.000000000     4.882688944
  269.000000000     4.876183905
  270.000000000     4.869721844
  271.000000000     4.863208967
  272.000000000     4.856621349
  273.000000000     4.850045336
  274.000000000     4.843633232
  275.000000000     4.837628360
  276.000000000     4.832433209
  277.000000000     4.828368403
  278.000000000     4.825871517
  279.000000000     4.825377199
  280.000000000     4.827320666
  281.000000000     4.832143195
  282.000000000     4.840139773
  283.000000000     4.851475225
  284.000000000     4.866172055
  285.000000000     4.884116806
  286.000000000     4.904999274
  287.000000000     4.928374160
  288.000000000     4.953640455
  289.000000000     4.980084289
  290.000000000     5.012057961
  291.000000000     5.053960541
  292.000000000     5.098100031
  293.000000000     5.136374794
  294.000000000     5.162330472
  295.000000000     5.173255024
  296.000000000     5.171185318
  297.000000000     5.162351992
  298.000000000     5.155491067
  299.000000000     5.157526659
  300.000000000     5.159750487
  301.000000000     5.160616357
  302.000000000     5.160679185
  303.000000000     5.160475603
  304.000000000     5.160541328
  305.000000000     5.161342960
  306.000000000     5.163828879
  307.000000000     5.168751715
  308.000000000     5.175964851
  309.000000000     5.185085234
  310.000000000     5.195482223
  311.000000000     5.206511973
  312.000000000     5.217562125
  313.000000000     5.228301041
  314.000000000     5.238683950
  315.000000000     5.248874663
  316.000000000     5.259155946
  317.000000000     5.269837193
  318.000000000     5.281120039
  319.000000000     5.292918951
  320.000000000     5.304899673
  321.000000000     5.316201376
  322.000000000     5.326527490
  323.000000000     5.335716190
  324.000000000     5.343704235
  325.000000000     5.350355454
  326.000000000     5.355542514
  327.000000000     5.359178158
  328.000000000     5.361153437
  329.000000000     5.361385408
  330.000000000     5.359930001
  331.000000000     5.356687965
  332.000000000     5.351576334
  333.000000000     5.344566014
  334.000000000     5.335622813
  335.000000000     5.324796067
  336.000000000     5.312137080
  337.000000000     5.297734269
  338.000000000     5.281752079
  339.000000000     5.264342778
  340.000000000     5.245723880
  341.000000000     5.226047765
  342.000000000     5.205532626
  343.000000000     5.184403513
  344.000000000     5.162895839
  345.000000000     5.141101945
  346.000000000     5.119119648
  347.000000000     5.097000862
  348.000000000     5.074801231
  349.000000000     5.052783564
  350.000000000     5.035730778
  351.000000000     5.022347065
  352.000000000     5.008962087
  353.000000000     4.992691116
  354.000000000     4.971823960
  355.000000000     4.946225609
  356.000000000     4.917271696
  357.000000000     4.887614198
  358.000000000     4.860665960
  359.000000000     4.840067130
  360.000000000     4.823360714
  361.000000000     4.808621472
  362.000000000     4.796166336
  363.000000000     4.786007017
  364.000000000     4.777997346
  365.000000000     4.771918906
  366.000000000     4.767477838
  367.000000000     4.764430643
  368.000000000     4.762606989
  369.000000000     4.761956009
  370.000000000     4.762522341
  371.000000000     4.764351844
  372.000000000     4.767504361
  373.000000000     4.772013266
  374.000000000     4.777813142
  375.000000000     4.784665473
  376.000000000     4.792236842
  377.000000000     4.800400040
  378.000000000     4.809066106
  379.000000000     4.818128341
  380.000000000     4.827533468
  381.000000000     4.837187912
  382.000000000     4.846958918
  383.000000000     4.856746568
  384.000000000     4.866402250
  385.000000000     4.875818065
  386.000000000     4.884938270
  387.000000000     4.893675784
  388.000000000     4.901875057
  389.000000000     4.909434454
  390.000000000     4.916309176
  391.000000000     4.922503577
  392.000000000     4.928025051
  393.000000000     4.932984648
  394.000000000     4.937530665
  395.000000000     4.941876402
  396.000000000     4.946265631
  397.000000000     4.950995133
  398.000000000     4.956437453
  399.000000000     4.962946213
  400.000000000     4.970869789
  401.000000000     4.980509352
  402.000000000     4.992163805
  403.000000000     5.006082779
  404.000000000     5.022559850
  405.000000000     5.041728422
  406.000000000     5.063651187
  407.000000000     5.088299466
  408.000000000     5.115657565
  409.000000000     5.145569633
  410.000000000     5.177853109
  411.000000000     5.212145484
  412.000000000     5.248086871
  413.000000000     5.285311671
  414.000000000     5.324012546
  415.000000000     5.363998221
  416.000000000     5.404879781
  417.000000000     5.445948628
  418.000000000     5.486585116
  419.000000000     5.526103466
  420.000000000     5.564028045
  421.000000000     5.606497143
  422.000000000     5.651507856
  423.000000000     5.692103271
  424.000000000     5.723332881
  425.000000000     5.743429821
  426.000000000     5.754162885
  427.000000000     5.759977497
  428.000000000     5.766401564
  429.000000000     5.778436982
  430.000000000     5.793283806
  431.000000000     5.807189906
  432.000000000     5.820180335
  433.000000000     5.832082411
  434.000000000     5.842591879
  435.000000000     5.851268788
  436.000000000     5.857566708
  437.000000000     5.860798079
  438.000000000     5.860235216
  439.000000000     5.855231688
  440.000000000     5.845277549
  441.000000000     5.830041114
  442.000000000     5.809209119
  443.000000000     5.782669635
  444.000000000     5.750459206
  445.000000000     5.712727217
  446.000000000     5.669735198
  447.000000000     5.621733632
  448.000000000     5.569080253
  449.000000000     5.512143826
  450.000000000     5.451177375
  451.000000000     5.386513062
  452.000000000     5.318590525
  453.000000000     5.247719782
  454.000000000     5.174210305
  455.000000000     5.098430369
  456.000000000     5.020615963
  457.000000000     4.941288399
  458.000000000     4.861038321
  459.000000000     4.780579695
  460.000000000     4.700605171
  461.000000000     4.621907522
  462.000000000     4.545251016
  463.000000000     4.471391564
  464.000000000     4.401082163
  465.000000000     4.335105407
  466.000000000     4.274180472
  467.000000000     4.218926710
  468.000000000     4.169857944
  469.000000000     4.127477773
  470.000000000     4.092125690
  471.000000000     4.064207371
  472.000000000     4.043713984
  473.000000000     4.030475329
  474.000000000     4.024371125
  475.000000000     4.025229328
  476.000000000     4.032819445
  477.000000000     4.046890302
  478.000000000     4.067029038
  479.000000000     4.092665274
  480.000000000     4.123119596
  481.000000000     4.157551996
  482.000000000     4.195094383
  483.000000000     4.247176853
  484.000000000     4.324226018
  485.000000000     4.405175541
  486.000000000     4.470373129
  487.000000000     4.507772001
  488.000000000     4.516976104
  489.000000000     4.508598304
  490.000000000     4.499060885
  491.000000000     4.504126071
  492.000000000     4.531962457
  493.000000000     4.564867509
  494.000000000     4.598341453
  495.000000000     4.632282782
  496.000000000     4.666538258
  497.000000000     4.700896231
  498.000000000     4.735121729
  499.000000000     4.768961460
