    0.000000000   300.000000000
    1.000000000   299.903488250
    2.000000000   299.387246119
    3.000000000   298.476225777
    4.000000000   297.185853155
    5.000000000   295.535640362
    6.000000000   293.550177366
    7.000000000   291.258717386
    8.000000000   288.694667723
    9.000000000   285.894991111
   10.000000000   282.899566301
   11.000000000   279.750493480
   12.000000000   276.491359524
   13.000000000   273.166471141
   14.000000000   269.820059090
   15.000000000   266.495496048
   16.000000000   263.234522577
   17.000000000   260.076505065
   18.000000000   257.057743669
   19.000000000   254.210836410
   20.000000000   251.564124743
   21.000000000   249.141231336
   22.000000000   246.960694165
   23.000000000   245.035713942
   24.000000000   243.374019863
   25.000000000   241.977853483
   26.000000000   240.844066090
   27.000000000   239.964336128
   28.000000000   239.325496790
   29.000000000   238.909947603
   30.000000000   238.696145760
   31.000000000   238.659167537
   32.000000000   238.771325739
   33.000000000   239.002812152
   34.000000000   239.322350665
   35.000000000   239.697860640
   36.000000000   240.097109935
   37.000000000   240.488331340
   38.000000000   240.836645191
   39.000000000   241.091861023
   40.000000000   241.197275906
   41.000000000   241.116691977
   42.000000000   240.850682639
   43.000000000   240.439928141
   44.000000000   239.946054800
   45.000000000   239.414552529
   46.000000000   238.842288138
   47.000000000   238.173578188
   48.000000000   237.327969464
   49.000000000   236.238944876
   50.000000000   234.878640674
   51.000000000   233.259414206
   52.000000000   231.420212077
   53.000000000   229.400866956
   54.000000000   227.227440619
   55.000000000   224.921787944
   56.000000000   222.508706384
   57.000000000   220.015549045
   58.000000000   217.471788898
   59.000000000   214.908547883
   60.000000000   212.358085946
   61.000000000   209.853254398
   62.000000000   207.426944666
   63.000000000   205.111519845
   64.000000000   202.938231195
   65.000000000   200.936670515
   66.000000000   199.134235737
   67.000000000   197.555630400
   68.000000000   196.222421340
   69.000000000   195.152643043
   70.000000000   194.360468991
   71.000000000   193.855960420
   72.000000000   193.644896018
   73.000000000   193.728679488
   74.000000000   194.104335007
   75.000000000   194.764593202
   76.000000000   195.698050033
   77.000000000   196.889403812
   78.000000000   198.319762545
   79.000000000   199.967005448
   80.000000000   201.806184193
   81.000000000   203.809969629
   82.000000000   205.949156004
   83.000000000   208.193179878
   84.000000000   210.510650610
   85.000000000   212.869883540
   86.000000000   215.239430541
   87.000000000   217.588608247
   88.000000000   219.888005237
   89.000000000   222.104764573
   90.000000000   224.191968911
   91.000000000   226.099690266
   92.000000000   227.800362522
   93.000000000   229.302603039
   94.000000000   230.651946260
   95.000000000   231.910456007
   96.000000000   233.121580970
   97.000000000   234.282038891
   98.000000000   235.341419794
   99.000000000   236.229882042
  100.000000000   236.893591772
  101.000000000   237.315860788
  102.000000000   237.517125401
  103.000000000   237.541486923
  104.000000000   237.431141963
  105.000000000   237.214968766
  106.000000000   236.919069839
  107.000000000   236.569325853
  108.000000000   236.190506143
  109.000000000   235.808659797
  110.000000000   235.452315016
  111.000000000   235.153174419
  112.000000000   234.946634194
  113.000000000   234.871650323
  114.000000000   234.969562124
  115.000000000   235.281592021
  116.000000000   235.845279882
  117.000000000   236.690696910
  118.000000000   237.837321580
  119.000000000   239.292398614
  120.000000000   241.051088454
  121.000000000   243.097992156
  122.000000000   245.409157728
  123.000000000   247.953604301
  124.000000000   250.693723254
  125.000000000   253.584430635
  126.000000000   256.571432085
  127.000000000   259.589215436
  128.000000000   262.559392724
  129.000000000   265.389513731
  130.000000000   267.972131842
  131.000000000   270.188393213
  132.000000000   271.914639852
  133.000000000   273.028366005
  134.000000000   273.415405978
  135.000000000   272.977842799
  136.000000000   271.642187462
  137.000000000   269.367217751
  138.000000000   266.151178001
  139.000000000   262.038426951
  140.000000000   257.125207866
  141.000000000   251.349336908
  142.000000000   244.361306892
  143.000000000   235.918829587
  144.000000000   226.911149736
  145.000000000   220.068250078
  146.000000000   218.307282910
  147.000000000   222.015027113
  148.000000000   228.668924731
  149.000000000   235.208188883
  150.000000000   240.477581848
  151.000000000   245.084039544
  152.000000000   249.408993788
  153.000000000   253.228492081
  154.000000000   256.385800148
  155.000000000   258.797133319
  156.000000000   260.429469343
  157.000000000   261.282883048
  158.000000000   261.392455379
  159.000000000   260.827555716
  160.000000000   259.683002872
  161.000000000   258.069775597
  162.000000000   256.106017103
  163.000000000   253.908815778
  164.000000000   251.587435534
  165.000000000   249.238370726
  166.000000000   246.942487192
  167.000000000   244.763942435
  168.000000000   242.750428756
  169.000000000   240.934404247
  170.000000000   239.334946271
  171.000000000   237.959881666
  172.000000000   236.807968133
  173.000000000   235.870988388
  174.000000000   235.135644850
  175.000000000   234.585180572
  176.000000000   234.200729820
  177.000000000   233.962441762
  178.000000000   233.850393227
  179.000000000   233.845251455
  180.000000000   233.928748558
  181.000000000   234.084034762
  182.000000000   234.295912651
  183.000000000   234.550987946
  184.000000000   234.837745504
  185.000000000   235.146570067
  186.000000000   235.469734472
  187.000000000   235.801344140
  188.000000000   236.137258163
  189.000000000   236.475007621
  190.000000000   236.813689485
  191.000000000   237.153846767
  192.000000000   237.497341323
  193.000000000   237.847201356
  194.000000000   238.207469809
  195.000000000   238.577572752
  196.000000000   238.945099273
  197.000000000   239.297480348
  198.000000000   239.640476876
  199.000000000   240.005291262
  200.000000000   240.444938857
  201.000000000   241.016296987
  202.000000000   241.754792329
  203.000000000   242.657119494
  204.000000000   243.684071191
  205.000000000   244.781361199
  206.000000000   245.904142912
  207.000000000   247.031234715
  208.000000000   248.165149093
  209.000000000   249.322239805
  210.000000000   250.512332029
  211.000000000   251.732448097
  212.000000000   252.976817498
  213.000000000   254.239394086
  214.000000000   255.513916034
  215.000000000   256.793925095
  216.000000000   258.072782313
  217.000000000   259.343690892
  218.000000000   260.599480771
  219.000000000   261.832616307
  220.000000000   263.035497005
  221.000000000   264.200570870
  222.000000000   265.320396664
  223.000000000   266.387721138
  224.000000000   267.395563734
  225.000000000   268.337327153
  226.000000000   269.206904327
  227.000000000   269.998785171
  228.000000000   270.708195153
  229.000000000   271.331232883
  230.000000000   271.865021350
  231.000000000   272.307854505
  232.000000000   272.659325486
  233.000000000   272.920454481
  234.000000000   273.093787561
  235.000000000   273.183480682
  236.000000000   273.195365409
  237.000000000   273.136983761
  238.000000000   273.017591948
  239.000000000   272.848115524
  240.000000000   272.641070925
  241.000000000   272.410457900
  242.000000000   272.171621379
  243.000000000   271.941074208
  244.000000000   271.736276736
  245.000000000   271.575386820
  246.000000000   271.476992386
  247.000000000   271.459822429
  248.000000000   271.542454448
  249.000000000   271.743018777
  250.000000000   272.076711673
  251.000000000   272.546527204
  252.000000000   273.148916858
  253.000000000   273.891994429
  254.000000000   274.803659081
  255.000000000   275.930743123
  256.000000000   277.325968181
  257.000000000   279.026404052
  258.000000000   281.035391499
  259.000000000   283.319952999
  260.000000000   285.825431379
  261.000000000   288.497266326
  262.000000000   291.296800857
  263.000000000   294.204874662
  264.000000000   297.215812684
  265.000000000   300.319789020
  266.000000000   303.491962527
  267.000000000   306.699094230
  268.000000000   309.903668255
  269.000000000   313.063489583
  270.000000000   316.131278980
  271.000000000   319.053975031
  272.000000000   321.772364194
  273.000000000   324.221601309
  274.000000000   326.332220892
  275.000000000   328.031765714
  276.000000000   329.247287800
  277.000000000   329.908996926
  278.000000000   329.954828952
  279.000000000   329.335365545
  280.000000000   328.018782994
  281.000000000   325.995277896
  282.000000000   323.280404535
  283.000000000   319.917044103
  284.000000000   315.976206096
  285.000000000   311.556979298
  286.000000000   306.785983542
  287.000000000   301.816527804
  288.000000000   296.826705238
  289.000000000   292.015413341
  290.000000000   287.483495551
  291.000000000   283.248176917
  292.000000000   279.659647874
  293.000000000   277.472502327
  294.000000000   277.383499345
  295.000000000   279.571818621
  296.000000000   283.568076167
  297.000000000   288.554260588
  298.000000000   293.861194016
  299.000000000   299.293150662
  300.000000000   304.834233666
  301.000000000   310.321309454
  302.000000000   315.578851793
  303.000000000   320.463914462
  304.000000000   324.866114779
  305.000000000   328.705317571
  306.000000000   331.922719767
  307.000000000   334.473030539
  308.000000000   336.334312699
  309.000000000   337.520885507
  310.000000000   338.085352935
  311.000000000   338.110821750
  312.000000000   337.691954916
  313.000000000   336.912202502
  314.000000000   335.829710999
  315.000000000   334.479976109
  316.000000000   332.891715016
  317.000000000   331.104112701
  318.000000000   329.175264247
  319.000000000   327.179582211
  320.000000000   325.196284247
  321.000000000   323.290682379
  322.000000000   321.510659305
  323.000000000   319.894491464
  324.000000000   318.470741712
  325.000000000   317.257637151
  326.000000000   316.262675133
  327.000000000   315.482473639
  328.000000000   314.903101723
  329.000000000   314.500748115
  330.000000000   314.242655522
  331.000000000   314.088586866
  332.000000000   313.992673691
  333.000000000   313.905501490
  334.000000000   313.776489575
  335.000000000   313.556484435
  336.000000000   313.200406656
  337.000000000   312.669770789
  338.000000000   311.935030979
  339.000000000   310.977403441
  340.000000000   309.789989544
  341.000000000   308.378302547
  342.000000000   306.760074683
  343.000000000   304.964384906
  344.000000000   303.030281345
  345.000000000   301.004924147
  346.000000000   298.941447040
  347.000000000   296.896678001
  348.000000000   294.928775245
  349.000000000   293.093451867
  350.000000000   291.419643069
  351.000000000   289.940355517
  352.000000000   288.738274928
  353.000000000   287.919881623
  354.000000000   287.565269940
  355.000000000   287.690104662
  356.000000000   288.236897868
  357.000000000   289.099408920
  358.000000000   290.167461273
  359.000000000   291.371677549
  360.000000000   292.672209544
  361.000000000   294.003220965
  362.000000000   295.272518240
  363.000000000   296.394177004
  364.000000000   297.306727792
  365.000000000   297.980373236
  366.000000000   298.412653822
  367.000000000   298.612069832
  368.000000000   298.578725303
  369.000000000   298.295467738
  370.000000000   297.736416500
  371.000000000   296.886865688
  372.000000000   295.761154897
  373.000000000   294.408770412
  374.000000000   292.908388042
  375.000000000   291.350977995
  376.000000000   289.819549275
  377.000000000   288.387083636
  378.000000000   287.121891061
  379.000000000   286.085071713
  380.000000000   285.328290123
  381.000000000   284.892017547
  382.000000000   284.804360445
  383.000000000   285.080533654
  384.000000000   285.722870350
  385.000000000   286.721367048
  386.000000000   288.054720149
  387.000000000   289.691826646
  388.000000000   291.593680063
  389.000000000   293.715462152
  390.000000000   296.008795426
  391.000000000   298.424107932
  392.000000000   300.912962517
  393.000000000   303.430262726
  394.000000000   305.936192470
  395.000000000   308.397694928
  396.000000000   310.789325697
  397.000000000   313.093390565
  398.000000000   315.299337456
  399.000000000   317.402366078
  400.000000000   319.401361529
  401.000000000   321.296442890
  402.000000000   323.086318499
  403.000000000   324.765708302
  404.000000000   326.323116091
  405.000000000   327.739250239
  406.000000000   328.986231183
  407.000000000   330.027898814
  408.000000000   330.821054854
  409.000000000   331.317609568
  410.000000000   331.467847131
  411.000000000   331.224327992
  412.000000000   330.546299089
  413.000000000   329.404405945
  414.000000000   327.784585022
  415.000000000   325.687397138
  416.000000000   323.128396767
  417.000000000   320.156203203
  418.000000000   316.873667081
  419.000000000   313.443881035
  420.000000000   310.077578801
  421.000000000   306.849413650
  422.000000000   303.860292978
  423.000000000   301.604793811
  424.000000000   300.808846568
  425.000000000   301.957971026
  426.000000000   304.954408460
  427.000000000   309.164232278
  428.000000000   313.827698081
  429.000000000   318.541980012
  430.000000000   323.259802044
  431.000000000   327.880386095
  432.000000000   332.203701352
  433.000000000   336.064135722
  434.000000000   339.338099647
  435.000000000   341.947957703
  436.000000000   343.862806109
  437.000000000   345.096550298
  438.000000000   345.703407882
  439.000000000   345.770882162
  440.000000000   345.410787508
  441.000000000   344.749088548
  442.000000000   343.915594952
  443.000000000   343.034822753
  444.000000000   342.218364122
  445.000000000   341.559255781
  446.000000000   341.128738423
  447.000000000   340.975099702
  448.000000000   341.124214538
  449.000000000   341.581214109
  450.000000000   342.333101489
  451.000000000   343.351905301
  452.000000000   344.598025099
  453.000000000   346.023684887
  454.000000000   347.576334499
  455.000000000   349.201804354
  456.000000000   350.847256402
  457.000000000   352.464027934
  458.000000000   354.010009731
  459.000000000   355.451454296
  460.000000000   356.763981496
  461.000000000   357.932686721
  462.000000000   358.951487062
  463.000000000   359.821519562
  464.000000000   360.548608965
  465.000000000   361.139998086
  466.000000000   361.600626380
  467.000000000   361.929315201
  468.000000000   362.113169149
  469.000000000   362.114432475
  470.000000000   361.870990445
  471.000000000   361.284763178
  472.000000000   360.267431770
  473.000000000   358.815643934
  474.000000000   357.004913472
  475.000000000   354.936588936
  476.000000000   352.670882518
  477.000000000   350.182286232
  478.000000000   347.365040291
  479.000000000   344.086957659
  480.000000000   340.263217104
  481.000000000   335.916351924
  482.000000000   331.203051481
  483.000000000   326.056053539
  484.000000000   320.044754359
  485.000000000   313.680751064
  486.000000000   309.077755482
  487.000000000   308.610445007
  488.000000000   313.092218240
  489.000000000   321.086847715
  490.000000000   330.046232250
  491.000000000   338.158198518
  492.000000000   345.303150483
  493.000000000   351.926105162
  494.000000000   357.958101578
  495.000000000   363.232373140
  496.000000000   367.646353656
  497.000000000   371.157074858
  498.000000000   373.774170285
  499.000000000   375.551652331
