    0.000000000    13.358706116
    1.000000000    13.358706116
    2.000000000    13.358706116
    3.000000000    13.358706116
    4.000000000    13.358706116
    5.000000000    13.358706116
    6.000000000    13.358706116
    7.000000000    13.358706116
    8.000000000    13.358706116
    9.000000000    13.358706116
   10.000000000    13.358706116
   11.000000000    13.358706116
   12.000000000    13.358706116
   13.000000000    13.358706116
   14.000000000    13.358706116
   15.000000000    13.358706116
   16.000000000    13.358706116
   17.000000000    13.358706116
   18.000000000    13.358706116
   19.000000000    13.358706116
   20.000000000    13.358706116
   21.000000000    13.358706116
   22.000000000    13.358706116
   23.000000000    13.358706116
   24.000000000    13.358706116
   25.000000000    13.358706116
   26.000000000    13.358706116
   27.000000000    13.358706116
   28.000000000    13.358706116
   29.000000000    13.358706116
   30.000000000    13.358706116
   31.000000000    13.358706116
   32.000000000    13.358706116
   33.000000000    13.358706116
   34.000000000    13.358706116
   35.000000000    13.358706116
   36.000000000    13.358706116
   37.000000000    13.358706116
   38.000000000    13.358706116
   39.000000000    13.358706116
   40.000000000    13.358706116
   41.000000000    13.358706116
   42.000000000    13.358706116
   43.000000000    13.358706116
   44.000000000    13.358706116
   45.000000000    13.358706116
   46.000000000    13.358706116
   47.000000000    13.358706116
   48.000000000    13.358706116
   49.000000000    13.358706116
   50.000000000    13.358706116
   51.000000000    13.358706116
   52.000000000    13.358706116
   53.000000000    13.358706116
   54.000000000    13.358706116
   55.000000000    13.358706116
   56.000000000    13.358706116
   57.000000000    13.358706116
   58.000000000    13.358706116
   59.000000000    13.358706116
   60.000000000    13.358706116
   61.000000000    13.358706116
   62.000000000    13.358706116
   63.000000000    13.358706116
   64.000000000    13.358706116
   65.000000000    13.358706116
   66.000000000    13.358706116
   67.000000000    13.358706116
   68.000000000    13.358706116
   69.000000000    13.358706116
   70.000000000    13.358706116
   71.000000000    13.358706116
   72.000000000    13.358706116
   73.000000000    13.358706116
   74.000000000    13.358706116
   75.000000000    13.358706116
   76.000000000    13.358706116
   77.000000000    13.358706116
   78.000000000    13.358706116
   79.000000000    13.358706116
   80.000000000    13.358706116
   81.000000000    13.358706116
   82.000000000    13.358706116
   83.000000000    13.358706116
   84.000000000    13.358706116
   85.000000000    13.358706116
   86.000000000    13.358706116
   87.000000000    13.358706116
   88.000000000    13.358706116
   89.000000000    13.358706116
   90.000000000    13.358706116
   91.000000000    13.358706116
   92.000000000    13.358706116
   93.000000000    13.358706116
   94.000000000    13.358706116
   95.000000000    13.358706116
   96.000000000    13.358706116
   97.000000000    13.358706116
   98.000000000    13.358706116
   99.000000000    13.358706116
  100.000000000    13.358706116
  101.000000000    13.358706116
  102.000000000    13.358706116
  103.000000000    13.358706116
  104.000000000    13.358706116
  105.000000000    13.358706116
  106.000000000    13.358706116
  107.000000000    13.358706116
  108.000000000    13.358706116
  109.000000000    13.358706116
  110.000000000    13.358706116
  111.000000000    13.358706116
  112.000000000    13.358706116
  113.000000000    13.358706116
  114.000000000    13.358706116
  115.000000000    13.358706116
  116.000000000    13.358706116
  117.000000000    13.358706116
  118.000000000    13.358706116
  119.000000000    13.358706116
  120.000000000    13.358706116
  121.000000000    13.358706116
  122.000000000    13.358706116
  123.000000000    13.358706116
  124.000000000    13.358706116
  125.000000000    13.358706116
  126.000000000    13.358706116
  127.000000000    13.358706116
  128.000000000    13.358706116
  129.000000000    13.358706116
  130.000000000    13.358706116
  131.000000000    13.358706116
  132.000000000    13.358706116
  133.000000000    13.358706116
  134.000000000    13.358706116
  135.000000000    13.358706116
  136.000000000    13.358706116
  137.000000000    13.358706116
  138.000000000    13.358706116
  139.000000000    13.358706116
  140.000000000    13.358706116
  141.000000000    13.358706116
  142.000000000    13.358706116
  143.000000000    13.358706116
  144.000000000    13.358706116
  145.000000000    13.358706116
  146.000000000    13.358706116
  147.000000000    13.358706116
  148.000000000    13.358706116
  149.000000000    13.358706116
  150.000000000    13.358706116
  151.000000000    13.358706116
  152.000000000    13.358706116
  153.000000000    13.358706116
  154.000000000    13.358706116
  155.000000000    13.358706116
  156.000000000    13.358706116
  157.000000000    13.358706116
  158.000000000    13.358706116
  159.000000000    13.358706116
  160.000000000    13.358706116
  161.000000000    13.358706116
  162.000000000    13.358706116
  163.000000000    13.358706116
  164.000000000    13.358706116
  165.000000000    13.358706116
  166.000000000    13.358706116
  167.000000000    13.358706116
  168.000000000    13.358706116
  169.000000000    13.358706116
  170.000000000    13.358706116
  171.000000000    13.358706116
  172.000000000    13.358706116
  173.000000000    13.358706116
  174.000000000    13.358706116
  175.000000000    13.358706116
  176.000000000    13.358706116
  177.000000000    13.358706116
  178.000000000    13.358706116
  179.000000000    13.358706116
  180.000000000    13.358706116
  181.000000000    13.358706116
  182.000000000    13.358706116
  183.000000000    13.358706116
  184.000000000    13.358706116
  185.000000000    13.358706116
  186.000000000    13.358706116
  187.000000000    13.358706116
  188.000000000    13.358706116
  189.000000000    13.358706116
  190.000000000    13.358706116
  191.000000000    13.358706116
  192.000000000    13.358706116
  193.000000000    13.358706116
  194.000000000    13.358706116
  195.000000000    13.358706116
  196.000000000    13.358706116
  197.000000000    13.358706116
  198.000000000    13.358706116
  199.000000000    13.358706116
  200.000000000    13.358706116
  201.000000000    13.358706116
  202.000000000    13.358706116
  203.000000000    13.358706116
  204.000000000    13.358706116
  205.000000000    13.358706116
  206.000000000    13.358706116
  207.000000000    13.358706116
  208.000000000    13.358706116
  209.000000000    13.358706116
  210.000000000    13.358706116
  211.000000000    13.358706116
  212.000000000    13.358706116
  213.000000000    13.358706116
  214.000000000    13.358706116
  215.000000000    13.358706116
  216.000000000    13.358706116
  217.000000000    13.358706116
  218.000000000    13.358706116
  219.000000000    13.358706116
  220.000000000    13.358706116
  221.000000000    13.358706116
  222.000000000    13.358706116
  223.000000000    13.358706116
  224.000000000    13.358706116
  225.000000000    13.358706116
  226.000000000    13.358706116
  227.000000000    13.358706116
  228.000000000    13.358706116
  229.000000000    13.358706116
  230.000000000    13.358706116
  231.000000000    13.358706116
  232.000000000    13.358706116
  233.000000000    13.358706116
  234.000000000    13.358706116
  235.000000000    13.358706116
  236.000000000    13.358706116
  237.000000000    13.358706116
  238.000000000    13.358706116
  239.000000000    13.358706116
  240.000000000    13.358706116
  241.000000000    13.358706116
  242.000000000    13.358706116
  243.000000000    13.358706116
  244.000000000    13.358706116
  245.000000000    13.358706116
  246.000000000    13.358706116
  247.000000000    13.358706116
  248.000000000    13.358706116
  249.000000000    13.358706116
  250.000000000    13.358706116
  251.000000000    13.358706116
  252.000000000    13.358706116
  253.000000000    13.358706116
  254.000000000    13.358706116
  255.000000000    13.358706116
  256.000000000    13.358706116
  257.000000000    13.358706116
  258.000000000    13.358706116
  259.000000000    13.358706116
  260.000000000    13.358706116
  261.000000000    13.358706116
  262.000000000    13.358706116
  263.000000000    13.358706116
  264.000000000    13.358706116
  265.000000000    13.358706116
  266.000000000    13.358706116
  267.000000000    13.358706116
  268.000000000    13.358706116
  269.000000000    13.358706116
  270.000000000    13.358706116
  271.000000000    13.358706116
  272.000000000    13.358706116
  273.000000000    13.358706116
  274.000000000    13.358706116
  275.000000000    13.358706116
  276.000000000    13.358706116
  277.000000000    13.358706116
  278.000000000    13.358706116
  279.000000000    13.358706116
  280.000000000    13.358706116
  281.000000000    13.358706116
  282.000000000    13.358706116
  283.000000000    13.358706116
  284.000000000    13.358706116
  285.000000000    13.358706116
  286.000000000    13.358706116
  287.000000000    13.358706116
  288.000000000    13.358706116
  289.000000000    13.358706116
  290.000000000    13.358706116
  291.000000000    13.358706116
  292.000000000    13.358706116
  293.000000000    13.358706116
  294.000000000    13.358706116
  295.000000000    13.358706116
  296.000000000    13.358706116
  297.000000000    13.358706116
  298.000000000    13.358706116
  299.000000000    13.358706116
  300.000000000    13.358706116
  301.000000000    13.358706116
  302.000000000    13.358706116
  303.000000000    13.358706116
  304.000000000    13.358706116
  305.000000000    13.358706116
  306.000000000    13.358706116
  307.000000000    13.358706116
  308.000000000    13.358706116
  309.000000000    13.358706116
  310.000000000    13.358706116
  311.000000000    13.358706116
  312.000000000    13.358706116
  313.000000000    13.358706116
  314.000000000    13.358706116
  315.000000000    13.358706116
  316.000000000    13.358706116
  317.000000000    13.358706116
  318.000000000    13.358706116
  319.000000000    13.358706116
  320.000000000    13.358706116
  321.000000000    13.358706116
  322.000000000    13.358706116
  323.000000000    13.358706116
  324.000000000    13.358706116
  325.000000000    13.358706116
  326.000000000    13.358706116
  327.000000000    13.358706116
  328.000000000    13.358706116
  329.000000000    13.358706116
  330.000000000    13.358706116
  331.000000000    13.358706116
  332.000000000    13.358706116
  333.000000000    13.358706116
  334.000000000    13.358706116
  335.000000000    13.358706116
  336.000000000    13.358706116
  337.000000000    13.358706116
  338.000000000    13.358706116
  339.000000000    13.358706116
  340.000000000    13.358706116
  341.000000000    13.358706116
  342.000000000    13.358706116
  343.000000000    13.358706116
  344.000000000    13.358706116
  345.000000000    13.358706116
  346.000000000    13.358706116
  347.000000000    13.358706116
  348.000000000    13.358706116
  349.000000000    13.358706116
  350.000000000    13.358706116
  351.000000000    13.358706116
  352.000000000    13.358706116
  353.000000000    13.358706116
  354.000000000    13.358706116
  355.000000000    13.358706116
  356.000000000    13.358706116
  357.000000000    13.358706116
  358.000000000    13.358706116
  359.000000000    13.358706116
  360.000000000    13.358706116
  361.000000000    13.358706116
  362.000000000    13.358706116
  363.000000000    13.358706116
  364.000000000    13.358706116
  365.000000000    13.358706116
  366.000000000    13.358706116
  367.000000000    13.358706116
  368.000000000    13.358706116
  369.000000000    13.358706116
  370.000000000    13.358706116
  371.000000000    13.358706116
  372.000000000    13.358706116
  373.000000000    13.358706116
  374.000000000    13.358706116
  375.000000000    13.358706116
  376.000000000    13.358706116
  377.000000000    13.358706116
  378.000000000    13.358706116
  379.000000000    13.358706116
  380.000000000    13.358706116
  381.000000000    13.358706116
  382.000000000    13.358706116
  383.000000000    13.358706116
  384.000000000    13.358706116
  385.000000000    13.358706116
  386.000000000    13.358706116
  387.000000000    13.358706116
  388.000000000    13.358706116
  389.000000000    13.358706116
  390.000000000    13.358706116
  391.000000000    13.358706116
  392.000000000    13.358706116
  393.000000000    13.358706116
  394.000000000    13.358706116
  395.000000000    13.358706116
  396.000000000    13.358706116
  397.000000000    13.358706116
  398.000000000    13.358706116
  399.000000000    13.358706116
  400.000000000    13.358706116
  401.000000000    13.358706116
  402.000000000    13.358706116
  403.000000000    13.358706116
  404.000000000    13.358706116
  405.000000000    13.358706116
  406.000000000    13.358706116
  407.000000000    13.358706116
  408.000000000    13.358706116
  409.000000000    13.358706116
  410.000000000    13.358706116
  411.000000000    13.358706116
  412.000000000    13.358706116
  413.000000000    13.358706116
  414.000000000    13.358706116
  415.000000000    13.358706116
  416.000000000    13.358706116
  417.000000000    13.358706116
  418.000000000    13.358706116
  419.000000000    13.358706116
  420.000000000    13.358706116
  421.000000000    13.358706116
  422.000000000    13.358706116
  423.000000000    13.358706116
  424.000000000    13.358706116
  425.000000000    13.358706116
  426.000000000    13.358706116
  427.000000000    13.358706116
  428.000000000    13.358706116
  429.000000000    13.358706116
  430.000000000    13.358706116
  431.000000000    13.358706116
  432.000000000    13.358706116
  433.000000000    13.358706116
  434.000000000    13.358706116
  435.000000000    13.358706116
  436.000000000    13.358706116
  437.000000000    13.358706116
  438.000000000    13.358706116
  439.000000000    13.358706116
  440.000000000    13.358706116
  441.000000000    13.358706116
  442.000000000    13.358706116
  443.000000000    13.358706116
  444.000000000    13.358706116
  445.000000000    13.358706116
  446.000000000    13.358706116
  447.000000000    13.358706116
  448.000000000    13.358706116
  449.000000000    13.358706116
  450.000000000    13.358706116
  451.000000000    13.358706116
  452.000000000    13.358706116
  453.000000000    13.358706116
  454.000000000    13.358706116
  455.000000000    13.358706116
  456.000000000    13.358706116
  457.000000000    13.358706116
  458.000000000    13.358706116
  459.000000000    13.358706116
  460.000000000    13.358706116
  461.000000000    13.358706116
  462.000000000    13.358706116
  463.000000000    13.358706116
  464.000000000    13.358706116
  465.000000000    13.358706116
  466.000000000    13.358706116
  467.000000000    13.358706116
  468.000000000    13.358706116
  469.000000000    13.358706116
  470.000000000    13.358706116
  471.000000000    13.358706116
  472.000000000    13.358706116
  473.000000000    13.358706116
  474.000000000    13.358706116
  475.000000000    13.358706116
  476.000000000    13.358706116
  477.000000000    13.358706116
  478.000000000    13.358706116
  479.000000000    13.358706116
  480.000000000    13.358706116
  481.000000000    13.358706116
  482.000000000    13.358706116
  483.000000000    13.358706116
  484.000000000    13.358706116
  485.000000000    13.358706116
  486.000000000    13.358706116
  487.000000000    13.358706116
  488.000000000    13.358706116
  489.000000000    13.358706116
  490.000000000    13.358706116
  491.000000000    13.358706116
  492.000000000    13.358706116
  493.000000000    13.358706116
  494.000000000    13.358706116
  495.000000000    13.358706116
  496.000000000    13.358706116
  497.000000000    13.358706116
  498.000000000    13.358706116
  499.000000000    13.358706116
