    0.000000000     1.710913852
    1.000000000     1.710913852
    2.000000000     1.710913852
    3.000000000     1.710913852
    4.000000000     1.710913852
    5.000000000     1.710913852
    6.000000000     1.710913852
    7.000000000     1.710913852
    8.000000000     1.710913852
    9.000000000     1.710913852
   10.000000000     1.710913852
   11.000000000     1.710913852
   12.000000000     1.710913852
   13.000000000     1.710913852
   14.000000000     1.710913852
   15.000000000     1.710913852
   16.000000000     1.710913852
   17.000000000     1.710913852
   18.000000000     1.710913852
   19.000000000     1.710913852
   20.000000000     1.710913852
   21.000000000     1.710913852
   22.000000000     1.710913852
   23.000000000     1.710913852
   24.000000000     1.710913852
   25.000000000     1.710913852
   26.000000000     1.710913852
   27.000000000     1.710913852
   28.000000000     1.710913852
   29.000000000     1.710913852
   30.000000000     1.710913852
   31.000000000     1.710913852
   32.000000000     1.710913852
   33.000000000     1.710913852
   34.000000000     1.710913852
   35.000000000     1.710913852
   36.000000000     1.710913852
   37.000000000     1.710913852
   38.000000000     1.710913852
   39.000000000     1.710913852
   40.000000000     1.710913852
   41.000000000     1.710913852
   42.000000000     1.710913852
   43.000000000     1.710913852
   44.000000000     1.710913852
   45.000000000     1.710913852
   46.000000000     1.710913852
   47.000000000     1.710913852
   48.000000000     1.710913852
   49.000000000     1.710913852
   50.000000000     1.710913852
   51.000000000     1.710913852
   52.000000000     1.710913852
   53.000000000     1.710913852
   54.000000000     1.710913852
   55.000000000     1.710913852
   56.000000000     1.710913852
   57.000000000     1.710913852
   58.000000000     1.710913852
   59.000000000     1.710913852
   60.000000000     1.710913852
   61.000000000     1.710913852
   62.000000000     1.710913852
   63.000000000     1.710913852
   64.000000000     1.710913852
   65.000000000     1.710913852
   66.000000000     1.710913852
   67.000000000     1.710913852
   68.000000000     1.710913852
   69.000000000     1.710913852
   70.000000000     1.710913852
   71.000000000     1.710913852
   72.000000000     1.710913852
   73.000000000     1.710913852
   74.000000000     1.710913852
   75.000000000     1.710913852
   76.000000000     1.710913852
   77.000000000     1.710913852
   78.000000000     1.710913852
   79.000000000     1.710913852
   80.000000000     1.710913852
   81.000000000     1.710913852
   82.000000000     1.710913852
   83.000000000     1.710913852
   84.000000000     1.710913852
   85.000000000     1.710913852
   86.000000000     1.710913852
   87.000000000     1.710913852
   88.000000000     1.710913852
   89.000000000     1.710913852
   90.000000000     1.710913852
   91.000000000     1.710913852
   92.000000000     1.710913852
   93.000000000     1.710913852
   94.000000000     1.710913852
   95.000000000     1.710913852
   96.000000000     1.710913852
   97.000000000     1.710913852
   98.000000000     1.710913852
   99.000000000     1.710913852
  100.000000000     1.710913852
  101.000000000     1.710913852
  102.000000000     1.710913852
  103.000000000     1.710913852
  104.000000000     1.710913852
  105.000000000     1.710913852
  106.000000000     1.710913852
  107.000000000     1.710913852
  108.000000000     1.710913852
  109.000000000     1.710913852
  110.000000000     1.710913852
  111.000000000     1.710913852
  112.000000000     1.710913852
  113.000000000     1.710913852
  114.000000000     1.710913852
  115.000000000     1.710913852
  116.000000000     1.710913852
  117.000000000     1.710913852
  118.000000000     1.710913852
  119.000000000     1.710913852
  120.000000000     1.710913852
  121.000000000     1.710913852
  122.000000000     1.710913852
  123.000000000     1.710913852
  124.000000000     1.710913852
  125.000000000     1.710913852
  126.000000000     1.710913852
  127.000000000     1.710913852
  128.000000000     1.710913852
  129.000000000     1.710913852
  130.000000000     1.710913852
  131.000000000     1.710913852
  132.000000000     1.710913852
  133.000000000     1.710913852
  134.000000000     1.710913852
  135.000000000     1.710913852
  136.000000000     1.710913852
  137.000000000     1.710913852
  138.000000000     1.710913852
  139.000000000     1.710913852
  140.000000000     1.710913852
  141.000000000     1.710913852
  142.000000000     1.710913852
  143.000000000     1.710913852
  144.000000000     1.710913852
  145.000000000     1.710913852
  146.000000000     1.710913852
  147.000000000     1.710913852
  148.000000000     1.710913852
  149.000000000     1.710913852
  150.000000000     1.710913852
  151.000000000     1.710913852
  152.000000000     1.710913852
  153.000000000     1.710913852
  154.000000000     1.710913852
  155.000000000     1.710913852
  156.000000000     1.710913852
  157.000000000     1.710913852
  158.000000000     1.710913852
  159.000000000     1.710913852
  160.000000000     1.710913852
  161.000000000     1.710913852
  162.000000000     1.710913852
  163.000000000     1.710913852
  164.000000000     1.710913852
  165.000000000     1.710913852
  166.000000000     1.710913852
  167.000000000     1.710913852
  168.000000000     1.710913852
  169.000000000     1.710913852
  170.000000000     1.710913852
  171.000000000     1.710913852
  172.000000000     1.710913852
  173.000000000     1.710913852
  174.000000000     1.710913852
  175.000000000     1.710913852
  176.000000000     1.710913852
  177.000000000     1.710913852
  178.000000000     1.710913852
  179.000000000     1.710913852
  180.000000000     1.710913852
  181.000000000     1.710913852
  182.000000000     1.710913852
  183.000000000     1.710913852
  184.000000000     1.710913852
  185.000000000     1.710913852
  186.000000000     1.710913852
  187.000000000     1.710913852
  188.000000000     1.710913852
  189.000000000     1.710913852
  190.000000000     1.710913852
  191.000000000     1.710913852
  192.000000000     1.710913852
  193.000000000     1.710913852
  194.000000000     1.710913852
  195.000000000     1.710913852
  196.000000000     1.710913852
  197.000000000     1.710913852
  198.000000000     1.710913852
  199.000000000     1.710913852
  200.000000000     1.710913852
  201.000000000     1.710913852
  202.000000000     1.710913852
  203.000000000     1.710913852
  204.000000000     1.710913852
  205.000000000     1.710913852
  206.000000000     1.710913852
  207.000000000     1.710913852
  208.000000000     1.710913852
  209.000000000     1.710913852
  210.000000000     1.710913852
  211.000000000     1.710913852
  212.000000000     1.710913852
  213.000000000     1.710913852
  214.000000000     1.710913852
  215.000000000     1.710913852
  216.000000000     1.710913852
  217.000000000     1.710913852
  218.000000000     1.710913852
  219.000000000     1.710913852
  220.000000000     1.710913852
  221.000000000     1.710913852
  222.000000000     1.710913852
  223.000000000     1.710913852
  224.000000000     1.710913852
  225.000000000     1.710913852
  226.000000000     1.710913852
  227.000000000     1.710913852
  228.000000000     1.710913852
  229.000000000     1.710913852
  230.000000000     1.710913852
  231.000000000     1.710913852
  232.000000000     1.710913852
  233.000000000     1.710913852
  234.000000000     1.710913852
  235.000000000     1.710913852
  236.000000000     1.710913852
  237.000000000     1.710913852
  238.000000000     1.710913852
  239.000000000     1.710913852
  240.000000000     1.710913852
  241.000000000     1.710913852
  242.000000000     1.710913852
  243.000000000     1.710913852
  244.000000000     1.710913852
  245.000000000     1.710913852
  246.000000000     1.710913852
  247.000000000     1.710913852
  248.000000000     1.710913852
  249.000000000     1.710913852
  250.000000000     1.710913852
  251.000000000     1.710913852
  252.000000000     1.710913852
  253.000000000     1.710913852
  254.000000000     1.710913852
  255.000000000     1.710913852
  256.000000000     1.710913852
  257.000000000     1.710913852
  258.000000000     1.710913852
  259.000000000     1.710913852
  260.000000000     1.710913852
  261.000000000     1.710913852
  262.000000000     1.710913852
  263.000000000     1.710913852
  264.000000000     1.710913852
  265.000000000     1.710913852
  266.000000000     1.710913852
  267.000000000     1.710913852
  268.000000000     1.710913852
  269.000000000     1.710913852
  270.000000000     1.710913852
  271.000000000     1.710913852
  272.000000000     1.710913852
  273.000000000     1.710913852
  274.000000000     1.710913852
  275.000000000     1.710913852
  276.000000000     1.710913852
  277.000000000     1.710913852
  278.000000000     1.710913852
  279.000000000     1.710913852
  280.000000000     1.710913852
  281.000000000     1.710913852
  282.000000000     1.710913852
  283.000000000     1.710913852
  284.000000000     1.710913852
  285.000000000     1.710913852
  286.000000000     1.710913852
  287.000000000     1.710913852
  288.000000000     1.710913852
  289.000000000     1.710913852
  290.000000000     1.710913852
  291.000000000     1.710913852
  292.000000000     1.710913852
  293.000000000     1.710913852
  294.000000000     1.710913852
  295.000000000     1.710913852
  296.000000000     1.710913852
  297.000000000     1.710913852
  298.000000000     1.710913852
  299.000000000     1.710913852
  300.000000000     1.710913852
  301.000000000     1.710913852
  302.000000000     1.710913852
  303.000000000     1.710913852
  304.000000000     1.710913852
  305.000000000     1.710913852
  306.000000000     1.710913852
  307.000000000     1.710913852
  308.000000000     1.710913852
  309.000000000     1.710913852
  310.000000000     1.710913852
  311.000000000     1.710913852
  312.000000000     1.710913852
  313.000000000     1.710913852
  314.000000000     1.710913852
  315.000000000     1.710913852
  316.000000000     1.710913852
  317.000000000     1.710913852
  318.000000000     1.710913852
  319.000000000     1.710913852
  320.000000000     1.710913852
  321.000000000     1.710913852
  322.000000000     1.710913852
  323.000000000     1.710913852
  324.000000000     1.710913852
  325.000000000     1.710913852
  326.000000000     1.710913852
  327.000000000     1.710913852
  328.000000000     1.710913852
  329.000000000     1.710913852
  330.000000000     1.710913852
  331.000000000     1.710913852
  332.000000000     1.710913852
  333.000000000     1.710913852
  334.000000000     1.710913852
  335.000000000     1.710913852
  336.000000000     1.710913852
  337.000000000     1.710913852
  338.000000000     1.710913852
  339.000000000     1.710913852
  340.000000000     1.710913852
  341.000000000     1.710913852
  342.000000000     1.710913852
  343.000000000     1.710913852
  344.000000000     1.710913852
  345.000000000     1.710913852
  346.000000000     1.710913852
  347.000000000     1.710913852
  348.000000000     1.710913852
  349.000000000     1.710913852
  350.000000000     1.710913852
  351.000000000     1.710913852
  352.000000000     1.710913852
  353.000000000     1.710913852
  354.000000000     1.710913852
  355.000000000     1.710913852
  356.000000000     1.710913852
  357.000000000     1.710913852
  358.000000000     1.710913852
  359.000000000     1.710913852
  360.000000000     1.710913852
  361.000000000     1.710913852
  362.000000000     1.710913852
  363.000000000     1.710913852
  364.000000000     1.710913852
  365.000000000     1.710913852
  366.000000000     1.710913852
  367.000000000     1.710913852
  368.000000000     1.710913852
  369.000000000     1.710913852
  370.000000000     1.710913852
  371.000000000     1.710913852
  372.000000000     1.710913852
  373.000000000     1.710913852
  374.000000000     1.710913852
  375.000000000     1.710913852
  376.000000000     1.710913852
  377.000000000     1.710913852
  378.000000000     1.710913852
  379.000000000     1.710913852
  380.000000000     1.710913852
  381.000000000     1.710913852
  382.000000000     1.710913852
  383.000000000     1.710913852
  384.000000000     1.710913852
  385.000000000     1.710913852
  386.000000000     1.710913852
  387.000000000     1.710913852
  388.000000000     1.710913852
  389.000000000     1.710913852
  390.000000000     1.710913852
  391.000000000     1.710913852
  392.000000000     1.710913852
  393.000000000     1.710913852
  394.000000000     1.710913852
  395.000000000     1.710913852
  396.000000000     1.710913852
  397.000000000     1.710913852
  398.000000000     1.710913852
  399.000000000     1.710913852
  400.000000000     1.710913852
  401.000000000     1.710913852
  402.000000000     1.710913852
  403.000000000     1.710913852
  404.000000000     1.710913852
  405.000000000     1.710913852
  406.000000000     1.710913852
  407.000000000     1.710913852
  408.000000000     1.710913852
  409.000000000     1.710913852
  410.000000000     1.710913852
  411.000000000     1.710913852
  412.000000000     1.710913852
  413.000000000     1.710913852
  414.000000000     1.710913852
  415.000000000     1.710913852
  416.000000000     1.710913852
  417.000000000     1.710913852
  418.000000000     1.710913852
  419.000000000     1.710913852
  420.000000000     1.710913852
  421.000000000     1.710913852
  422.000000000     1.710913852
  423.000000000     1.710913852
  424.000000000     1.710913852
  425.000000000     1.710913852
  426.000000000     1.710913852
  427.000000000     1.710913852
  428.000000000     1.710913852
  429.000000000     1.710913852
  430.000000000     1.710913852
  431.000000000     1.710913852
  432.000000000     1.710913852
  433.000000000     1.710913852
  434.000000000     1.710913852
  435.000000000     1.710913852
  436.000000000     1.710913852
  437.000000000     1.710913852
  438.000000000     1.710913852
  439.000000000     1.710913852
  440.000000000     1.710913852
  441.000000000     1.710913852
  442.000000000     1.710913852
  443.000000000     1.710913852
  444.000000000     1.710913852
  445.000000000     1.710913852
  446.000000000     1.710913852
  447.000000000     1.710913852
  448.000000000     1.710913852
  449.000000000     1.710913852
  450.000000000     1.710913852
  451.000000000     1.710913852
  452.000000000     1.710913852
  453.000000000     1.710913852
  454.000000000     1.710913852
  455.000000000     1.710913852
  456.000000000     1.710913852
  457.000000000     1.710913852
  458.000000000     1.710913852
  459.000000000     1.710913852
  460.000000000     1.710913852
  461.000000000     1.710913852
  462.000000000     1.710913852
  463.000000000     1.710913852
  464.000000000     1.710913852
  465.000000000     1.710913852
  466.000000000     1.710913852
  467.000000000     1.710913852
  468.000000000     1.710913852
  469.000000000     1.710913852
  470.000000000     1.710913852
  471.000000000     1.710913852
  472.000000000     1.710913852
  473.000000000     1.710913852
  474.000000000     1.710913852
  475.000000000     1.710913852
  476.000000000     1.710913852
  477.000000000     1.710913852
  478.000000000     1.710913852
  479.000000000     1.710913852
  480.000000000     1.710913852
  481.000000000     1.710913852
  482.000000000     1.710913852
  483.000000000     1.710913852
  484.000000000     1.710913852
  485.000000000     1.710913852
  486.000000000     1.710913852
  487.000000000     1.710913852
  488.000000000     1.710913852
  489.000000000     1.710913852
  490.000000000     1.710913852
  491.000000000     1.710913852
  492.000000000     1.710913852
  493.000000000     1.710913852
  494.000000000     1.710913852
  495.000000000     1.710913852
  496.000000000     1.710913852
  497.000000000     1.710913852
  498.000000000     1.710913852
  499.000000000     1.710913852
