    0.000000000  2464.556978547
    1.000000000  2464.556978547
    2.000000000  2464.556978547
    3.000000000  2464.556978547
    4.000000000  2464.556978547
    5.000000000  2464.556978547
    6.000000000  2464.556978547
    7.000000000  2464.556978547
    8.000000000  2464.556978547
    9.000000000  2464.556978547
   10.000000000  2464.556978547
   11.000000000  2464.556978547
   12.000000000  2464.556978547
   13.000000000  2464.556978547
   14.000000000  2464.556978547
   15.000000000  2464.556978547
   16.000000000  2464.556978547
   17.000000000  2464.556978547
   18.000000000  2464.556978547
   19.000000000  2464.556978547
   20.000000000  2464.556978547
   21.000000000  2464.556978547
   22.000000000  2464.556978547
   23.000000000  2464.556978547
   24.000000000  2464.556978547
   25.000000000  2464.556978547
   26.000000000  2464.556978547
   27.000000000  2464.556978547
   28.000000000  2464.556978547
   29.000000000  2464.556978547
   30.000000000  2464.556978547
   31.000000000  2464.556978547
   32.000000000  2464.556978547
   33.000000000  2464.556978547
   34.000000000  2464.556978547
   35.000000000  2464.556978547
   36.000000000  2464.556978547
   37.000000000  2464.556978547
   38.000000000  2464.556978547
   39.000000000  2464.556978547
   40.000000000  2464.556978547
   41.000000000  2464.556978547
   42.000000000  2464.556978547
   43.000000000  2464.556978547
   44.000000000  2464.556978547
   45.000000000  2464.556978547
   46.000000000  2464.556978547
   47.000000000  2464.556978547
   48.000000000  2464.556978547
   49.000000000  2464.556978547
   50.000000000  2464.556978547
   51.000000000  2464.556978547
   52.000000000  2464.556978547
   53.000000000  2464.556978547
   54.000000000  2464.556978547
   55.000000000  2464.556978547
   56.000000000  2464.556978547
   57.000000000  2464.556978547
   58.000000000  2464.556978547
   59.000000000  2464.556978547
   60.000000000  2464.556978547
   61.000000000  2464.556978547
   62.000000000  2464.556978547
   63.000000000  2464.556978547
   64.000000000  2464.556978547
   65.000000000  2464.556978547
   66.000000000  2464.556978547
   67.000000000  2464.556978547
   68.000000000  2464.556978547
   69.000000000  2464.556978547
   70.000000000  2464.556978547
   71.000000000  2464.556978547
   72.000000000  2464.556978547
   73.000000000  2464.556978547
   74.000000000  2464.556978547
   75.000000000  2464.556978547
   76.000000000  2464.556978547
   77.000000000  2464.556978547
   78.000000000  2464.556978547
   79.000000000  2464.556978547
   80.000000000  2464.556978547
   81.000000000  2464.556978547
   82.000000000  2464.556978547
   83.000000000  2464.556978547
   84.000000000  2464.556978547
   85.000000000  2464.556978547
   86.000000000  2464.556978547
   87.000000000  2464.556978547
   88.000000000  2464.556978547
   89.000000000  2464.556978547
   90.000000000  2464.556978547
   91.000000000  2464.556978547
   92.000000000  2464.556978547
   93.000000000  2464.556978547
   94.000000000  2464.556978547
   95.000000000  2464.556978547
   96.000000000  2464.556978547
   97.000000000  2464.556978547
   98.000000000  2464.556978547
   99.000000000  2464.556978547
  100.000000000  2464.556978547
  101.000000000  2464.556978547
  102.000000000  2464.556978547
  103.000000000  2464.556978547
  104.000000000  2464.556978547
  105.000000000  2464.556978547
  106.000000000  2464.556978547
  107.000000000  2464.556978547
  108.000000000  2464.556978547
  109.000000000  2464.556978547
  110.000000000  2464.556978547
  111.000000000  2464.556978547
  112.000000000  2464.556978547
  113.000000000  2464.556978547
  114.000000000  2464.556978547
  115.000000000  2464.556978547
  116.000000000  2464.556978547
  117.000000000  2464.556978547
  118.000000000  2464.556978547
  119.000000000  2464.556978547
  120.000000000  2464.556978547
  121.000000000  2464.556978547
  122.000000000  2464.556978547
  123.000000000  2464.556978547
  124.000000000  2464.556978547
  125.000000000  2464.556978547
  126.000000000  2464.556978547
  127.000000000  2464.556978547
  128.000000000  2464.556978547
  129.000000000  2464.556978547
  130.000000000  2464.556978547
  131.000000000  2464.556978547
  132.000000000  2464.556978547
  133.000000000  2464.556978547
  134.000000000  2464.556978547
  135.000000000  2464.556978547
  136.000000000  2464.556978547
  137.000000000  2464.556978547
  138.000000000  2464.556978547
  139.000000000  2464.556978547
  140.000000000  2464.556978547
  141.000000000  2464.556978547
  142.000000000  2464.556978547
  143.000000000  2464.556978547
  144.000000000  2464.556978547
  145.000000000  2464.556978547
  146.000000000  2464.556978547
  147.000000000  2464.556978547
  148.000000000  2464.556978547
  149.000000000  2464.556978547
  150.000000000  2464.556978547
  151.000000000  2464.556978547
  152.000000000  2464.556978547
  153.000000000  2464.556978547
  154.000000000  2464.556978547
  155.000000000  2464.556978547
  156.000000000  2464.556978547
  157.000000000  2464.556978547
  158.000000000  2464.556978547
  159.000000000  2464.556978547
  160.000000000  2464.556978547
  161.000000000  2464.556978547
  162.000000000  2464.556978547
  163.000000000  2464.556978547
  164.000000000  2464.556978547
  165.000000000  2464.556978547
  166.000000000  2464.556978547
  167.000000000  2464.556978547
  168.000000000  2464.556978547
  169.000000000  2464.556978547
  170.000000000  2464.556978547
  171.000000000  2464.556978547
  172.000000000  2464.556978547
  173.000000000  2464.556978547
  174.000000000  2464.556978547
  175.000000000  2464.556978547
  176.000000000  2464.556978547
  177.000000000  2464.556978547
  178.000000000  2464.556978547
  179.000000000  2464.556978547
  180.000000000  2464.556978547
  181.000000000  2464.556978547
  182.000000000  2464.556978547
  183.000000000  2464.556978547
  184.000000000  2464.556978547
  185.000000000  2464.556978547
  186.000000000  2464.556978547
  187.000000000  2464.556978547
  188.000000000  2464.556978547
  189.000000000  2464.556978547
  190.000000000  2464.556978547
  191.000000000  2464.556978547
  192.000000000  2464.556978547
  193.000000000  2464.556978547
  194.000000000  2464.556978547
  195.000000000  2464.556978547
  196.000000000  2464.556978547
  197.000000000  2464.556978547
  198.000000000  2464.556978547
  199.000000000  2464.556978547
  200.000000000  2464.556978547
  201.000000000  2464.556978547
  202.000000000  2464.556978547
  203.000000000  2464.556978547
  204.000000000  2464.556978547
  205.000000000  2464.556978547
  206.000000000  2464.556978547
  207.000000000  2464.556978547
  208.000000000  2464.556978547
  209.000000000  2464.556978547
  210.000000000  2464.556978547
  211.000000000  2464.556978547
  212.000000000  2464.556978547
  213.000000000  2464.556978547
  214.000000000  2464.556978547
  215.000000000  2464.556978547
  216.000000000  2464.556978547
  217.000000000  2464.556978547
  218.000000000  2464.556978547
  219.000000000  2464.556978547
  220.000000000  2464.556978547
  221.000000000  2464.556978547
  222.000000000  2464.556978547
  223.000000000  2464.556978547
  224.000000000  2464.556978547
  225.000000000  2464.556978547
  226.000000000  2464.556978547
  227.000000000  2464.556978547
  228.000000000  2464.556978547
  229.000000000  2464.556978547
  230.000000000  2464.556978547
  231.000000000  2464.556978547
  232.000000000  2464.556978547
  233.000000000  2464.556978547
  234.000000000  2464.556978547
  235.000000000  2464.556978547
  236.000000000  2464.556978547
  237.000000000  2464.556978547
  238.000000000  2464.556978547
  239.000000000  2464.556978547
  240.000000000  2464.556978547
  241.000000000  2464.556978547
  242.000000000  2464.556978547
  243.000000000  2464.556978547
  244.000000000  2464.556978547
  245.000000000  2464.556978547
  246.000000000  2464.556978547
  247.000000000  2464.556978547
  248.000000000  2464.556978547
  249.000000000  2464.556978547
  250.000000000  2464.556978547
  251.000000000  2464.556978547
  252.000000000  2464.556978547
  253.000000000  2464.556978547
  254.000000000  2464.556978547
  255.000000000  2464.556978547
  256.000000000  2464.556978547
  257.000000000  2464.556978547
  258.000000000  2464.556978547
  259.000000000  2464.556978547
  260.000000000  2464.556978547
  261.000000000  2464.556978547
  262.000000000  2464.556978547
  263.000000000  2464.556978547
  264.000000000  2464.556978547
  265.000000000  2464.556978547
  266.000000000  2464.556978547
  267.000000000  2464.556978547
  268.000000000  2464.556978547
  269.000000000  2464.556978547
  270.000000000  2464.556978547
  271.000000000  2464.556978547
  272.000000000  2464.556978547
  273.000000000  2464.556978547
  274.000000000  2464.556978547
  275.000000000  2464.556978547
  276.000000000  2464.556978547
  277.000000000  2464.556978547
  278.000000000  2464.556978547
  279.000000000  2464.556978547
  280.000000000  2464.556978547
  281.000000000  2464.556978547
  282.000000000  2464.556978547
  283.000000000  2464.556978547
  284.000000000  2464.556978547
  285.000000000  2464.556978547
  286.000000000  2464.556978547
  287.000000000  2464.556978547
  288.000000000  2464.556978547
  289.000000000  2464.556978547
  290.000000000  2464.556978547
  291.000000000  2464.556978547
  292.000000000  2464.556978547
  293.000000000  2464.556978547
  294.000000000  2464.556978547
  295.000000000  2464.556978547
  296.000000000  2464.556978547
  297.000000000  2464.556978547
  298.000000000  2464.556978547
  299.000000000  2464.556978547
  300.000000000  2464.556978547
  301.000000000  2464.556978547
  302.000000000  2464.556978547
  303.000000000  2464.556978547
  304.000000000  2464.556978547
  305.000000000  2464.556978547
  306.000000000  2464.556978547
  307.000000000  2464.556978547
  308.000000000  2464.556978547
  309.000000000  2464.556978547
  310.000000000  2464.556978547
  311.000000000  2464.556978547
  312.000000000  2464.556978547
  313.000000000  2464.556978547
  314.000000000  2464.556978547
  315.000000000  2464.556978547
  316.000000000  2464.556978547
  317.000000000  2464.556978547
  318.000000000  2464.556978547
  319.000000000  2464.556978547
  320.000000000  2464.556978547
  321.000000000  2464.556978547
  322.000000000  2464.556978547
  323.000000000  2464.556978547
  324.000000000  2464.556978547
  325.000000000  2464.556978547
  326.000000000  2464.556978547
  327.000000000  2464.556978547
  328.000000000  2464.556978547
  329.000000000  2464.556978547
  330.000000000  2464.556978547
  331.000000000  2464.556978547
  332.000000000  2464.556978547
  333.000000000  2464.556978547
  334.000000000  2464.556978547
  335.000000000  2464.556978547
  336.000000000  2464.556978547
  337.000000000  2464.556978547
  338.000000000  2464.556978547
  339.000000000  2464.556978547
  340.000000000  2464.556978547
  341.000000000  2464.556978547
  342.000000000  2464.556978547
  343.000000000  2464.556978547
  344.000000000  2464.556978547
  345.000000000  2464.556978547
  346.000000000  2464.556978547
  347.000000000  2464.556978547
  348.000000000  2464.556978547
  349.000000000  2464.556978547
  350.000000000  2464.556978547
  351.000000000  2464.556978547
  352.000000000  2464.556978547
  353.000000000  2464.556978547
  354.000000000  2464.556978547
  355.000000000  2464.556978547
  356.000000000  2464.556978547
  357.000000000  2464.556978547
  358.000000000  2464.556978547
  359.000000000  2464.556978547
  360.000000000  2464.556978547
  361.000000000  2464.556978547
  362.000000000  2464.556978547
  363.000000000  2464.556978547
  364.000000000  2464.556978547
  365.000000000  2464.556978547
  366.000000000  2464.556978547
  367.000000000  2464.556978547
  368.000000000  2464.556978547
  369.000000000  2464.556978547
  370.000000000  2464.556978547
  371.000000000  2464.556978547
  372.000000000  2464.556978547
  373.000000000  2464.556978547
  374.000000000  2464.556978547
  375.000000000  2464.556978547
  376.000000000  2464.556978547
  377.000000000  2464.556978547
  378.000000000  2464.556978547
  379.000000000  2464.556978547
  380.000000000  2464.556978547
  381.000000000  2464.556978547
  382.000000000  2464.556978547
  383.000000000  2464.556978547
  384.000000000  2464.556978547
  385.000000000  2464.556978547
  386.000000000  2464.556978547
  387.000000000  2464.556978547
  388.000000000  2464.556978547
  389.000000000  2464.556978547
  390.000000000  2464.556978547
  391.000000000  2464.556978547
  392.000000000  2464.556978547
  393.000000000  2464.556978547
  394.000000000  2464.556978547
  395.000000000  2464.556978547
  396.000000000  2464.556978547
  397.000000000  2464.556978547
  398.000000000  2464.556978547
  399.000000000  2464.556978547
  400.000000000  2464.556978547
  401.000000000  2464.556978547
  402.000000000  2464.556978547
  403.000000000  2464.556978547
  404.000000000  2464.556978547
  405.000000000  2464.556978547
  406.000000000  2464.556978547
  407.000000000  2464.556978547
  408.000000000  2464.556978547
  409.000000000  2464.556978547
  410.000000000  2464.556978547
  411.000000000  2464.556978547
  412.000000000  2464.556978547
  413.000000000  2464.556978547
  414.000000000  2464.556978547
  415.000000000  2464.556978547
  416.000000000  2464.556978547
  417.000000000  2464.556978547
  418.000000000  2464.556978547
  419.000000000  2464.556978547
  420.000000000  2464.556978547
  421.000000000  2464.556978547
  422.000000000  2464.556978547
  423.000000000  2464.556978547
  424.000000000  2464.556978547
  425.000000000  2464.556978547
  426.000000000  2464.556978547
  427.000000000  2464.556978547
  428.000000000  2464.556978547
  429.000000000  2464.556978547
  430.000000000  2464.556978547
  431.000000000  2464.556978547
  432.000000000  2464.556978547
  433.000000000  2464.556978547
  434.000000000  2464.556978547
  435.000000000  2464.556978547
  436.000000000  2464.556978547
  437.000000000  2464.556978547
  438.000000000  2464.556978547
  439.000000000  2464.556978547
  440.000000000  2464.556978547
  441.000000000  2464.556978547
  442.000000000  2464.556978547
  443.000000000  2464.556978547
  444.000000000  2464.556978547
  445.000000000  2464.556978547
  446.000000000  2464.556978547
  447.000000000  2464.556978547
  448.000000000  2464.556978547
  449.000000000  2464.556978547
  450.000000000  2464.556978547
  451.000000000  2464.556978547
  452.000000000  2464.556978547
  453.000000000  2464.556978547
  454.000000000  2464.556978547
  455.000000000  2464.556978547
  456.000000000  2464.556978547
  457.000000000  2464.556978547
  458.000000000  2464.556978547
  459.000000000  2464.556978547
  460.000000000  2464.556978547
  461.000000000  2464.556978547
  462.000000000  2464.556978547
  463.000000000  2464.556978547
  464.000000000  2464.556978547
  465.000000000  2464.556978547
  466.000000000  2464.556978547
  467.000000000  2464.556978547
  468.000000000  2464.556978547
  469.000000000  2464.556978547
  470.000000000  2464.556978547
  471.000000000  2464.556978547
  472.000000000  2464.556978547
  473.000000000  2464.556978547
  474.000000000  2464.556978547
  475.000000000  2464.556978547
  476.000000000  2464.556978547
  477.000000000  2464.556978547
  478.000000000  2464.556978547
  479.000000000  2464.556978547
  480.000000000  2464.556978547
  481.000000000  2464.556978547
  482.000000000  2464.556978547
  483.000000000  2464.556978547
  484.000000000  2464.556978547
  485.000000000  2464.556978547
  486.000000000  2464.556978547
  487.000000000  2464.556978547
  488.000000000  2464.556978547
  489.000000000  2464.556978547
  490.000000000  2464.556978547
  491.000000000  2464.556978547
  492.000000000  2464.556978547
  493.000000000  2464.556978547
  494.000000000  2464.556978547
  495.000000000  2464.556978547
  496.000000000  2464.556978547
  497.000000000  2464.556978547
  498.000000000  2464.556978547
  499.000000000  2464.556978547
