    0.000000000     6.128725045
    1.000000000     6.124691666
    2.000000000     6.120706739
    3.000000000     6.116302792
    4.000000000     6.111416567
    5.000000000     6.106019906
    6.000000000     6.100090505
    7.000000000     6.093616386
    8.000000000     6.086582756
    9.000000000     6.078870638
   10.000000000     6.070462380
   11.000000000     6.061298701
   12.000000000     6.051341884
   13.000000000     6.040488902
   14.000000000     6.028714381
   15.000000000     6.015934658
   16.000000000     6.002137720
   17.000000000     5.987252083
   18.000000000     5.971231247
   19.000000000     5.954075529
   20.000000000     5.935794481
   21.000000000     5.916404875
   22.000000000     5.895921883
   23.000000000     5.874388204
   24.000000000     5.851872870
   25.000000000     5.828484896
   26.000000000     5.804332682
   27.000000000     5.779505591
   28.000000000     5.754141256
   29.000000000     5.728400018
   30.000000000     5.702432834
   31.000000000     5.676419000
   32.000000000     5.650577603
   33.000000000     5.625068643
   34.000000000     5.600082036
   35.000000000     5.575763645
   36.000000000     5.552273647
   37.000000000     5.529816415
   38.000000000     5.508738826
   39.000000000     5.489770611
   40.000000000     5.472999226
   41.000000000     5.458320423
   42.000000000     5.445463362
   43.000000000     5.433985107
   44.000000000     5.423453728
   45.000000000     5.413496874
   46.000000000     5.404019760
   47.000000000     5.395318445
   48.000000000     5.387881075
   49.000000000     5.382217619
   50.000000000     5.378804514
   51.000000000     5.377977482
   52.000000000     5.379843075
   53.000000000     5.383844286
   54.000000000     5.389480587
   55.000000000     5.396676829
   56.000000000     5.405273623
   57.000000000     5.415106509
   58.000000000     5.426013959
   59.000000000     5.437836565
   60.000000000     5.450392163
   61.000000000     5.463522473
   62.000000000     5.477084622
   63.000000000     5.490857081
   64.000000000     5.504700183
   65.000000000     5.518414615
   66.000000000     5.531835688
   67.000000000     5.544800325
   68.000000000     5.557190042
   69.000000000     5.568862044
   70.000000000     5.579712347
   71.000000000     5.589622491
   72.000000000     5.598523350
   73.000000000     5.606354330
   74.000000000     5.613104510
   75.000000000     5.618724872
   76.000000000     5.623206035
   77.000000000     5.626559006
   78.000000000     5.628805081
   79.000000000     5.629986342
   80.000000000     5.630136142
   81.000000000     5.629311865
   82.000000000     5.627585518
   83.000000000     5.625042416
   84.000000000     5.621751338
   85.000000000     5.617789856
   86.000000000     5.613238860
   87.000000000     5.608139031
   88.000000000     5.602580697
   89.000000000     5.597158975
   90.000000000     5.593029149
   91.000000000     5.590174270
   92.000000000     5.588222581
   93.000000000     5.586383634
   94.000000000     5.583592402
   95.000000000     5.578784918
   96.000000000     5.571213191
   97.000000000     5.560693356
   98.000000000     5.547668456
   99.000000000     5.533073801
  100.000000000     5.518064239
  101.000000000     5.503638876
  102.000000000     5.490570100
  103.000000000     5.479168464
  104.000000000     5.468149497
  105.000000000     5.456902563
  106.000000000     5.445946107
  107.000000000     5.441866213
  108.000000000     5.446464387
  109.000000000     5.459166459
  110.000000000     5.478837232
  111.000000000     5.503677595
  112.000000000     5.531095414
  113.000000000     5.557905400
  114.000000000     5.580694935
  115.000000000     5.596042361
  116.000000000     5.601139927
  117.000000000     5.594293605
  118.000000000     5.575185431
  119.000000000     5.545016048
  120.000000000     5.506309650
  121.000000000     5.462587850
  122.000000000     5.417845310
  123.000000000     5.376116378
  124.000000000     5.341041026
  125.000000000     5.315602140
  126.000000000     5.301942129
  127.000000000     5.301508547
  128.000000000     5.315149123
  129.000000000     5.341043794
  130.000000000     5.373224095
  131.000000000     5.411359940
  132.000000000     5.455018176
  133.000000000     5.503596670
  134.000000000     5.556263819
  135.000000000     5.611990811
  136.000000000     5.669729474
  137.000000000     5.728141823
  138.000000000     5.785833960
  139.000000000     5.841456303
  140.000000000     5.893598334
  141.000000000     6.114135822
  142.000000000     6.708552605
  143.000000000     7.586815179
  144.000000000     8.505299273
  145.000000000     9.071770681
  146.000000000     9.020188797
  147.000000000     8.356321694
  148.000000000     7.360904018
  149.000000000     6.443827418
  150.000000000     5.976625352
  151.000000000     5.904660609
  152.000000000     5.832945023
  153.000000000     5.756779050
  154.000000000     5.679102430
  155.000000000     5.602261682
  156.000000000     5.525618646
  157.000000000     5.448535620
  158.000000000     5.372169728
  159.000000000     5.297649519
  160.000000000     5.226225699
  161.000000000     5.158724553
  162.000000000     5.095850630
  163.000000000     5.038240241
  164.000000000     4.986226022
  165.000000000     4.939937694
  166.000000000     4.899397941
  167.000000000     4.864479601
  168.000000000     4.834968010
  169.000000000     4.810569098
  170.000000000     4.790988674
  171.000000000     4.775917372
  172.000000000     4.765000691
  173.000000000     4.757912562
  174.000000000     4.754382872
  175.000000000     4.754131644
  176.000000000     4.756937129
  177.000000000     4.762648017
  178.000000000     4.770940023
  179.000000000     4.781622533
  180.000000000     4.794535782
  181.000000000     4.809543800
  182.000000000     4.826478462
  183.000000000     4.845244128
  184.000000000     4.865689116
  185.000000000     4.887668272
  186.000000000     4.911071510
  187.000000000     4.935770167
  188.000000000     4.961645673
  189.000000000     4.988589009
  190.000000000     5.016451184
  191.000000000     5.045134307
  192.000000000     5.074487366
  193.000000000     5.104384048
  194.000000000     5.134686861
  195.000000000     5.167789258
  196.000000000     5.207369668
  197.000000000     5.252386317
  198.000000000     5.300867972
  199.000000000     5.349689161
  200.000000000     5.394903367
  201.000000000     5.432903399
  202.000000000     5.461443359
  203.000000000     5.480303575
  204.000000000     5.491422247
  205.000000000     5.498180379
  206.000000000     5.504405362
  207.000000000     5.513517427
  208.000000000     5.527962399
  209.000000000     5.548424942
  210.000000000     5.569536813
  211.000000000     5.590011381
  212.000000000     5.609830258
  213.000000000     5.628961631
  214.000000000     5.647419170
  215.000000000     5.665166007
  216.000000000     5.682158591
  217.000000000     5.698480420
  218.000000000     5.715670256
  219.000000000     5.733979622
  220.000000000     5.753234962
  221.000000000     5.773295872
  222.000000000     5.794030345
  223.000000000     5.815197377
  224.000000000     5.836606889
  225.000000000     5.857970565
  226.000000000     5.879015165
  227.000000000     5.899495521
  228.000000000     5.919107147
  229.000000000     5.937520517
  230.000000000     5.954471731
  231.000000000     5.969603038
  232.000000000     5.982584029
  233.000000000     5.993092829
  234.000000000     6.000799235
  235.000000000     6.005423616
  236.000000000     6.006676178
  237.000000000     6.004278236
  238.000000000     5.997998375
  239.000000000     5.987644812
  240.000000000     5.973074277
  241.000000000     5.954186971
  242.000000000     5.930931859
  243.000000000     5.903240590
  244.000000000     5.871186788
  245.000000000     5.834855801
  246.000000000     5.794363425
  247.000000000     5.749902576
  248.000000000     5.701659603
  249.000000000     5.649894927
  250.000000000     5.596555476
  251.000000000     5.549339874
  252.000000000     5.508164369
  253.000000000     5.470601008
  254.000000000     5.432668759
  255.000000000     5.389434753
  256.000000000     5.336213404
  257.000000000     5.269977005
  258.000000000     5.190506291
  259.000000000     5.100634061
  260.000000000     5.005574052
  261.000000000     4.911457388
  262.000000000     4.824046730
  263.000000000     4.747865806
  264.000000000     4.685840541
  265.000000000     4.632380204
  266.000000000     4.584463879
  267.000000000     4.542882987
  268.000000000     4.508396098
  269.000000000     4.481796917
  270.000000000     4.463771085
  271.000000000     4.453155111
  272.000000000     4.449753905
  273.000000000     4.454039571
  274.000000000     4.466248724
  275.000000000     4.486455963
  276.000000000     4.514578511
  277.000000000     4.550078665
  278.000000000     4.592204465
  279.000000000     4.640060272
  280.000000000     4.692545352
  281.000000000     4.748540065
  282.000000000     4.807028325
  283.000000000     4.867154459
  284.000000000     4.928180503
  285.000000000     4.989606572
  286.000000000     5.050976098
  287.000000000     5.111739206
  288.000000000     5.171330887
  289.000000000     5.229087224
  290.000000000     5.323937938
  291.000000000     5.489831189
  292.000000000     5.667169992
  293.000000000     5.801243675
  294.000000000     5.855039005
  295.000000000     5.819566891
  296.000000000     5.716361929
  297.000000000     5.590547219
  298.000000000     5.498504788
  299.000000000     5.481173341
  300.000000000     5.475457391
  301.000000000     5.468467803
  302.000000000     5.461057225
  303.000000000     5.453815772
  304.000000000     5.447197814
  305.000000000     5.441468535
  306.000000000     5.442439510
  307.000000000     5.456278481
  308.000000000     5.480354811
  309.000000000     5.510311961
  310.000000000     5.540235461
  311.000000000     5.563704548
  312.000000000     5.575410727
  313.000000000     5.572750425
  314.000000000     5.556680919
  315.000000000     5.531373248
  316.000000000     5.502896076
  317.000000000     5.477595122
  318.000000000     5.460661962
  319.000000000     5.455367497
  320.000000000     5.460358336
  321.000000000     5.466035967
  322.000000000     5.471280824
  323.000000000     5.475691573
  324.000000000     5.478900608
  325.000000000     5.480577403
  326.000000000     5.480411879
  327.000000000     5.478154355
  328.000000000     5.473533152
  329.000000000     5.466332756
  330.000000000     5.456440316
  331.000000000     5.443663993
  332.000000000     5.427924095
  333.000000000     5.409126442
  334.000000000     5.387232941
  335.000000000     5.362249531
  336.000000000     5.334280392
  337.000000000     5.303467240
  338.000000000     5.270035736
  339.000000000     5.234175866
  340.000000000     5.196117694
  341.000000000     5.156155367
  342.000000000     5.114596469
  343.000000000     5.071683869
  344.000000000     5.027653570
  345.000000000     4.982822146
  346.000000000     4.937377656
  347.000000000     4.891446170
  348.000000000     4.845231705
  349.000000000     4.798988537
  350.000000000     4.754162300
  351.000000000     4.710342624
  352.000000000     4.666573620
  353.000000000     4.622247634
  354.000000000     4.577172544
  355.000000000     4.531582947
  356.000000000     4.486026309
  357.000000000     4.441360476
  358.000000000     4.398537096
  359.000000000     4.358519973
  360.000000000     4.320789560
  361.000000000     4.292892198
  362.000000000     4.279325301
  363.000000000     4.276830394
  364.000000000     4.280197330
  365.000000000     4.282643335
  366.000000000     4.277054742
  367.000000000     4.257995586
  368.000000000     4.223262863
  369.000000000     4.174693393
  370.000000000     4.117474807
  371.000000000     4.058578815
  372.000000000     4.004860543
  373.000000000     3.961713373
  374.000000000     3.932584025
  375.000000000     3.914021338
  376.000000000     3.897412145
  377.000000000     3.882630412
  378.000000000     3.869659920
  379.000000000     3.858526833
  380.000000000     3.849283694
  381.000000000     3.841939798
  382.000000000     3.836489504
  383.000000000     3.832916429
  384.000000000     3.831225540
  385.000000000     3.831417608
  386.000000000     3.833520242
  387.000000000     3.837599451
  388.000000000     3.843663226
  389.000000000     3.851780044
  390.000000000     3.862111220
  391.000000000     3.874771262
  392.000000000     3.889905659
  393.000000000     3.907799366
  394.000000000     3.928736582
  395.000000000     3.953086775
  396.000000000     3.981228681
  397.000000000     4.013611617
  398.000000000     4.050726191
  399.000000000     4.093062114
  400.000000000     4.141113978
  401.000000000     4.195219704
  402.000000000     4.255710357
  403.000000000     4.322853753
  404.000000000     4.396761526
  405.000000000     4.477378824
  406.000000000     4.564571224
  407.000000000     4.658022042
  408.000000000     4.757032244
  409.000000000     4.860816770
  410.000000000     4.968503742
  411.000000000     5.079143594
  412.000000000     5.191765885
  413.000000000     5.305496238
  414.000000000     5.421118001
  415.000000000     5.543673720
  416.000000000     5.679187273
  417.000000000     5.823712042
  418.000000000     5.971186983
  419.000000000     6.113735952
  420.000000000     6.244184203
  421.000000000     6.418662261
  422.000000000     6.624871387
  423.000000000     6.802756494
  424.000000000     6.905426706
  425.000000000     6.910304058
  426.000000000     6.826082364
  427.000000000     6.690859372
  428.000000000     6.562235540
  429.000000000     6.502205807
  430.000000000     6.476089817
  431.000000000     6.438086187
  432.000000000     6.388680309
  433.000000000     6.328463537
  434.000000000     6.258123922
  435.000000000     6.178565298
  436.000000000     6.090965358
  437.000000000     5.996654659
  438.000000000     5.897198916
  439.000000000     5.794280245
  440.000000000     5.689519609
  441.000000000     5.584477939
  442.000000000     5.480327274
  443.000000000     5.377911818
  444.000000000     5.277818445
  445.000000000     5.180379613
  446.000000000     5.085707916
  447.000000000     4.993725913
  448.000000000     4.904357222
  449.000000000     4.817431559
  450.000000000     4.732687274
  451.000000000     4.649942829
  452.000000000     4.569134506
  453.000000000     4.490205930
  454.000000000     4.413095299
  455.000000000     4.337733420
  456.000000000     4.263880546
  457.000000000     4.191821591
  458.000000000     4.121926071
  459.000000000     4.054735098
  460.000000000     3.990776423
  461.000000000     3.930629658
  462.000000000     3.874907466
  463.000000000     3.824304515
  464.000000000     3.779537428
  465.000000000     3.741383071
  466.000000000     3.710582909
  467.000000000     3.687796382
  468.000000000     3.675472778
  469.000000000     3.683398386
  470.000000000     3.711356508
  471.000000000     3.756000458
  472.000000000     3.811448545
  473.000000000     3.870244747
  474.000000000     3.925244749
  475.000000000     3.971484267
  476.000000000     4.007538883
  477.000000000     4.035813236
  478.000000000     4.061471538
  479.000000000     4.090662216
  480.000000000     4.128765099
  481.000000000     4.179327939
  482.000000000     4.243377705
  483.000000000     4.383019511
  484.000000000     4.673115944
  485.000000000     5.015072770
  486.000000000     5.297447344
  487.000000000     5.429100127
  488.000000000     5.373781514
  489.000000000     5.166648520
  490.000000000     4.901642720
  491.000000000     4.699517607
  492.000000000     4.653427786
  493.000000000     4.635458996
  494.000000000     4.610404050
  495.000000000     4.579190175
  496.000000000     4.542936196
  497.000000000     4.502944654
  498.000000000     4.460914819
  499.000000000     4.420011221
