284
      12.239000        0.000000        0.000000        0.000000       15.074000        0.000000       -2.809764        0.000000       13.358706
Al   10.642200000    7.366040000    6.514440000
Al    0.209242000    0.107734000    0.367172000
Al    1.482130000    6.532750000    5.809510000
Al    7.639500000    8.278680000    7.258760000
Al    9.407290000   13.966500000    0.648058000
Al    0.455842000    1.210790000   12.981900000
Al    4.468020000    7.604380000    6.355300000
Al    6.471120000    0.323284000    0.142918000
C   11.674500000   12.646200000    1.587580000
C   -1.978140000    2.680480000   12.198400000
C   -1.035420000    5.074700000    5.089830000
C   10.065600000    9.616490000    7.941260000
C   -0.027582400    8.504240000    4.262260000
C    9.169990000    6.325540000    8.907640000
C   10.399200000    1.140620000    2.210070000
C   -1.961130000   14.025000000   10.079600000
C    7.152160000   13.536900000    2.271080000
C    2.742540000    1.416490000   10.902100000
C    3.832400000    6.229320000    4.192620000
C    5.249330000    8.743090000    8.949860000
C    5.932010000   10.163600000    5.840520000
C    3.344460000    5.004340000    7.295610000
C    5.367390000    2.722260000    1.110840000
C    4.779950000   12.105800000   12.590800000
C   11.474700000   10.351700000    2.556690000
C   -1.965510000    4.802580000   10.739700000
C   11.168600000    3.046220000    3.699140000
C    9.801120000   11.698000000    9.246460000
C    6.535850000   12.706300000    3.352680000
C    3.242750000    2.189090000    9.710620000
C    4.704500000    5.232310000    3.648090000
C    4.829770000    9.614690000    9.993250000
C   -0.061392500   11.457300000    2.177780000
C    9.738440000    3.839130000   11.535400000
C   10.574400000    4.114410000    4.311540000
C   -1.723340000   10.840100000    8.460840000
C    0.159906000    9.655000000    3.408980000
C    9.162350000    5.526060000   10.149700000
C   10.128800000    2.180010000    3.247280000
C   -1.574630000   12.860900000    9.412420000
C    7.019040000   11.674900000    4.095740000
C    2.653210000    2.935510000    8.747140000
C    4.371940000    4.107760000    3.005630000
C    5.588310000   10.348600000   10.857700000
C    1.398790000   10.208400000    3.237040000
C    8.068880000    5.189140000   10.879000000
C    8.948690000    2.627600000    3.813480000
C   -0.362549000   12.577500000    8.794020000
C    5.931620000   11.328100000    4.955650000
C    3.644740000    3.825580000    8.167290000
C    5.471850000    3.708240000    2.181480000
C    4.603090000   11.134400000   11.554100000
C    4.891800000   12.174100000    4.641970000
C    4.825850000    3.472090000    8.762310000
C    6.542830000    4.506190000    2.577210000
C    3.359460000   10.757900000   11.139600000
H    0.540040000    7.172580000    7.854380000
H    8.666730000    8.067140000    5.184740000
H    7.855810000   14.558100000   11.993700000
H    2.206850000    0.063921900    1.795440000
H    2.395600000    8.719530000    6.716120000
H    6.545760000    6.409270000    6.240690000
H    5.704010000    0.407216000   12.322000000
H    4.115510000   13.392600000    1.488560000
H   10.449000000   10.080100000    2.245560000
H   -0.972156000    5.181490000   10.587200000
H   -0.044853300    2.856360000    3.523450000
H    8.784010000   11.516700000    9.646930000
H    7.933720000   11.097700000    3.945800000
H    1.574470000    2.954780000    8.464260000
H    3.409210000    3.624430000    2.897790000
H    6.668110000   10.552500000   10.929700000
H    2.362940000    9.939070000    3.659030000
H    7.076130000    5.613080000   11.125600000
H    7.985730000    2.192720000    3.818770000
H    0.580167000   13.060200000    8.903380000
H    3.881270000   12.024900000    5.041860000
H    5.793760000    3.858440000    8.785250000
H    7.487720000    4.639190000    2.090400000
H    2.394020000   11.189800000   11.373300000
H    6.541480000   11.224700000    7.723450000
H    6.673530000   12.732100000    7.809930000
H   -0.195652000    7.201470000    1.549770000
H   -0.274465000    6.048630000    2.542770000
H    5.196630000    6.613880000   10.216700000
H    5.931460000    6.238390000    8.828580000
H    6.650560000    8.395530000   12.050100000
H    4.543100000    7.527050000   11.983000000
H    9.831080000   13.380600000    4.614030000
H   11.163500000   13.982100000    4.164040000
H    4.742270000    0.577714000    8.223980000
H    4.966310000   14.999300000    9.606890000
H    2.715230000    4.701340000    0.722876000
H    1.730160000    5.657330000    1.408810000
H   -1.470790000    1.987700000    8.821190000
H    9.479500000    2.573520000    7.908940000
H    2.759570000   11.543200000    7.096770000
H    1.755380000   11.319700000    6.047620000
H    3.339500000   13.833200000   10.560100000
H    1.884960000   13.288100000   10.383100000
H   -0.925615000   14.634300000   12.008000000
H   -0.551500000    0.500639000    9.741150000
H    2.782720000    8.498240000    1.062480000
H    2.894230000    7.103380000    1.672770000
H    3.725530000    0.808310000    6.181950000
H    4.875040000    1.852740000    6.268950000
H   10.283200000   14.618800000    6.645110000
H    9.769690000    1.019690000    6.583680000
H   -0.982237000    4.082690000    8.542360000
H    0.213908000    4.959300000    8.031010000
H   10.431000000    7.322060000    0.355217000
H    9.129200000    7.223850000   12.980300000
H    0.780866000    8.498140000    9.411020000
H    2.283030000    7.855660000    9.131740000
H   -1.710310000    9.608120000   10.675700000
H   -1.187810000    8.225090000   10.544400000
H    6.232530000   12.515600000    9.736840000
H    6.474960000   12.699100000   11.370400000
H    8.662420000    6.438810000    1.217340000
H    9.210810000    5.560730000    2.385710000
H    2.567570000    1.513560000    4.123820000
H    1.798400000    2.470430000    5.076490000
H   -1.142150000    6.523970000   13.050800000
H   -1.270440000    8.058390000   12.705500000
H    8.795190000    8.591920000    0.065120600
H    8.218760000    9.361860000    2.171160000
H    5.041930000    0.472206000    3.044690000
H    4.487740000    0.704841000    4.445010000
H    1.194540000    3.680890000   11.867200000
H    1.311130000    5.198700000   11.363100000
H    4.752100000    3.785130000   12.916400000
H    2.800340000    4.344920000   11.448000000
H    5.704510000    3.343520000    4.882870000
H    5.583270000    4.061620000    6.204270000
H    5.948670000    8.187960000    0.782041000
H    6.020260000    6.729660000    1.317420000
H    3.821130000    6.188650000   11.622900000
H    2.846030000    7.457500000   11.792400000
H    6.200330000    0.433860000    5.648210000
H    7.366240000   14.966200000    4.778190000
H    8.154520000    4.069710000   12.978600000
H   10.492800000    4.896790000    0.886313000
H    1.040230000   13.565900000    5.576620000
H   -0.019785200   12.350600000    5.254320000
H   -1.027510000   10.278600000    5.951210000
H   10.281000000   10.827600000    4.738480000
H    1.229010000    2.705940000    1.851230000
H    0.146593000    3.809460000    1.509030000
H    0.744442000    0.639839000    4.617870000
H   -0.721610000    0.711052000    5.280660000
H    4.574600000    9.916880000    0.318118000
H    0.066548600    9.726650000   12.166800000
H    1.271860000   12.909100000   12.671000000
H    0.032857700   12.567800000   11.757800000
H    5.514020000    9.039960000    3.372570000
H    4.061310000    9.053350000    2.954740000
H    0.283600000    6.957880000   11.948900000
H    1.173380000    7.159210000   10.566300000
H    6.182310000    2.540310000   12.484500000
H    5.718740000    2.702970000   11.855400000
H    1.705810000    0.759543000    6.579120000
H    0.293571000    0.180322000    6.834300000
H    7.404140000    0.939562000    9.314320000
H    8.515120000    1.988810000    9.762770000
H    5.721300000   11.233500000    0.364596000
H    2.828660000   12.331000000    1.536960000
H    0.578210000    0.986690000    8.497480000
H    0.500824000    1.629690000   10.057200000
H    7.262720000   14.894000000    7.014970000
H    6.270320000   14.689300000    8.274600000
H    5.310430000   10.260300000    1.634570000
H    7.409130000    9.972000000    0.937398000
H    8.745970000    3.233820000    5.744420000
H    7.539110000    2.861110000    6.625380000
H    9.068440000    9.154590000   12.419200000
H   -1.740820000    9.861420000   12.810000000
H   -1.954270000   12.887300000   13.138300000
H   -2.339590000   11.571800000   12.339800000
H    4.512670000   12.337200000    7.581650000
H    3.159680000   13.013300000    8.170270000
H    8.569990000   13.207600000    6.989790000
H    9.750100000   12.299000000    6.360880000
H    7.246600000    8.213050000    3.412400000
H    8.672930000    7.679880000    3.024930000
O    0.158278000    7.048820000    6.882260000
O    8.902460000    7.752060000    6.078160000
O    8.043910000   14.574000000   12.973000000
O    2.169220000    0.990358000    1.519170000
O    2.718930000    7.841870000    6.494800000
O    6.293520000    7.348860000    6.344420000
O    5.402200000   15.030800000   13.119900000
O    4.670990000    0.057945300    0.036406800
O    8.308510000   13.185500000    1.916540000
O    1.516100000    1.449770000   11.265500000
O    2.651650000    5.854720000    4.473400000
O    6.483130000    8.863290000    8.664210000
O   10.523200000   12.566000000    1.165820000
O   -0.700958000    2.670950000   12.297100000
O    0.153959000    5.307080000    4.783410000
O    8.979440000    9.127980000    8.317050000
O    0.992780000    7.826090000    4.576200000
O    8.029990000    6.643540000    8.433640000
O    9.545960000    0.223080000    1.985730000
O   -0.945342000   14.723300000   10.560500000
O    0.276519000   13.660200000    1.559660000
O    9.467990000    1.764650000   12.522700000
O   10.477800000    5.589830000    6.011940000
O   -1.386440000    9.072860000    7.082460000
O   11.051000000    8.258360000    4.726760000
O   10.276200000    6.717200000    8.425700000
O   11.579900000    1.224030000    1.669830000
O    9.076160000   14.329000000   10.185100000
O    7.048970000    9.962480000    6.412270000
O    2.125640000    5.228360000    6.997960000
O    4.181690000    2.539020000    0.642213000
O    5.999580000   12.601200000   12.738000000
O    4.834840000    9.509530000    6.074680000
O    4.346970000    5.710350000    6.877790000
O    6.441720000    2.148730000    0.677710000
O    3.804120000   12.364100000   13.330000000
O    6.471890000   14.564000000    1.823120000
O    3.629980000    0.740513000   11.540700000
O    4.342510000    7.355150000    4.492530000
O    4.360270000    7.985810000    8.463160000
O    1.284850000   11.357700000    2.500920000
O    8.322840000    4.019790000   11.596700000
O    9.175520000    3.937810000    4.429270000
O   -0.408320000   11.314000000    8.284580000
O    5.224140000   13.116900000    3.722610000
O    4.627390000    2.373880000    9.591460000
O    6.109860000    5.345870000    3.610910000
O    3.450160000    9.772540000   10.174600000
O    6.015720000   12.027400000    8.039630000
O    0.425840000    6.578080000    2.075040000
O    5.566910000    5.839140000    9.678480000
O    5.965740000    7.976670000   12.641400000
O   10.621600000   13.173100000    4.086540000
O    5.018030000   14.839000000    8.649640000
O    2.380570000    5.618690000    0.662165000
O    9.880280000    2.552780000    8.831230000
O    2.173970000   10.754700000    6.717200000
O    2.659340000   13.638100000    9.888080000
O   -0.984018000    0.017175800   12.934700000
O    3.072650000    8.020660000    1.882270000
O    4.650440000    0.906969000    6.439820000
O   10.590000000    0.502516000    6.764420000
O   -0.174886000    4.063530000    7.957190000
O   11.274400000    7.743320000    0.177854000
O    1.299190000    7.703740000    9.165680000
O   -0.940879000    9.130650000   10.306600000
O    6.755880000   12.951700000   10.435300000
O    9.352680000    6.420280000    1.937340000
O    2.201880000    1.583270000    5.030620000
O   -1.517120000    7.131610000   12.328700000
O    8.335650000    9.834040000    1.302940000
O    4.806210000    1.190070000    3.672790000
O    1.695460000    4.260170000   11.252600000
O    3.945480000    4.673680000   11.511500000
O    5.887770000    3.191630000    5.834690000
O    6.526590000    7.539700000    1.226990000
O    3.756200000    7.180500000   11.465300000
O    7.190680000    0.322837000    5.634940000
O   11.039000000    4.130660000    0.656862000
O    0.931937000   12.599100000    5.277780000
O   10.916800000   11.086200000    5.417080000
O    1.046090000    3.663430000    1.929980000
O   -0.210814000    0.282774000    4.558410000
O   -0.270832000    9.431650000   13.068500000
O    0.986585000   12.806800000   11.757700000
O    4.818940000    9.677890000    3.156800000
O    1.144200000    6.731860000   11.490000000
O    4.511520000    4.738990000   12.825600000
O    1.220530000    0.171691000    7.158930000
O    7.531720000    1.712380000    9.961420000
O    3.664460000   12.607400000    1.110250000
O   -0.042310100    1.364880000    9.274900000
O    7.312610000   14.578400000    8.014980000
O    5.478680000   10.223400000    0.662374000
O    8.533240000    2.870560000    6.690730000
O    9.556870000    9.983000000   12.283200000
O   -1.777990000   12.384200000   12.321900000
O    3.569400000   12.639600000    7.362390000
O    9.171810000   13.132600000    6.239660000
O    8.199700000    8.402080000    3.524690000
