128
      12.239000        0.000000        0.000000        0.000000       15.074000        0.000000       -2.809764        0.000000       13.358706
Al   10.759200000    7.508530000    6.661970000
Al    0.011958500   15.032500000    0.041199300
Al    1.694220000    6.647410000    5.813680000
Al    7.770160000    8.457690000    7.557560000
Al    9.192230000   14.128200000    0.783731000
Al    0.231794000    1.014800000   12.537300000
Al    4.701440000    7.501680000    6.664540000
Al    3.321680000    0.003162860   13.339000000
C   11.529300000   12.518900000    1.377870000
C   -2.261290000    2.466270000   11.899200000
C   -0.794006000    5.060470000    5.247660000
C   10.146300000    9.954020000    8.270330000
C    0.134538000    8.606900000    4.339820000
C    9.339600000    6.654510000    9.065900000
C   10.643100000    1.060690000    2.269250000
C   -1.307950000   13.976600000   11.017700000
C    6.830350000   13.594400000    2.363190000
C    2.756900000    1.481160000   10.873900000
C    4.159040000    6.126080000    4.246690000
C    5.262530000    8.994930000    9.127070000
C    6.006630000   10.045000000    5.815410000
C    3.414610000    5.089820000    7.518790000
C    4.899300000    2.511490000    0.827828000
C    4.603630000   12.588700000   12.539100000
C   11.443700000   10.450700000    2.856450000
C   -2.143250000    4.632750000   10.523100000
C   -0.713190000    3.047480000    3.654040000
C   10.082500000   11.982800000    9.700830000
C    6.266180000   12.690000000    3.410570000
C    3.315340000    2.179490000    9.698020000
C    4.766530000    5.318800000    3.176610000
C    4.739980000    9.897740000   10.144700000
C   -0.113435000   11.397900000    2.125490000
C    9.432360000    3.695770000   11.286900000
C   10.905500000    3.909670000    4.557840000
C   -1.542760000   11.058400000    8.920940000
C    0.261087000    9.621410000    3.327440000
C    9.121030000    5.532840000   10.000600000
C   10.554200000    2.063020000    3.320080000
C   -1.109450000   12.855100000   10.159700000
C    6.838800000   11.618000000    4.001470000
C    2.689670000    2.925350000    8.752870000
C    4.095640000    4.378790000    2.445760000
C    5.409130000   10.748800000   11.000400000
C    1.458400000    9.993160000    2.714470000
C    7.896600000    5.156790000   10.534700000
C    9.414530000    2.232260000    4.093520000
C    0.107920000   12.544200000    9.559720000
C    5.812710000   11.068900000    4.834240000
C    3.677240000    3.820000000    8.245230000
C    5.099780000    3.670540000    1.724200000
C    4.390430000   11.407400000   11.732500000
C    4.663370000   11.825100000    4.653690000
C    4.921110000    3.395350000    8.700260000
C    6.348000000    4.258100000    2.064160000
C    3.157490000   10.809800000   11.451700000
H    0.444100000    7.171750000    7.922210000
H    8.666120000    8.277580000    5.455000000
H    7.639160000   14.268000000   12.087300000
H    1.824090000    0.875787000    1.171210000
H    2.592030000    8.561060000    7.041560000
H    6.805330000    6.391740000    6.695630000
H    5.508260000    1.055540000   13.138100000
H    1.269450000   13.915000000   13.149200000
H   10.347200000   10.286400000    2.990330000
H   -1.075710000    4.866830000   10.369000000
H    0.288988000    3.041230000    3.186080000
H    8.994500000   12.102900000    9.790450000
H    7.855460000   11.232800000    3.793510000
H    1.622060000    2.869620000    8.463760000
H    3.024480000    4.207810000    2.293840000
H    6.486130000   10.945100000   11.119700000
H    2.422720000    9.471590000    2.811250000
H    6.824420000    5.476780000   10.407900000
H    8.506890000    1.671730000    4.078130000
H    1.116070000   12.890000000    9.680350000
H    3.633140000   11.617300000    5.021050000
H    5.903460000    3.707170000    8.530220000
H    7.315990000    3.948090000    1.765540000
H    2.197490000   10.858800000   11.940100000
O    0.340620000    7.165720000    6.971310000
O    9.005530000    7.966990000    6.282080000
O    7.694270000   14.690500000   12.989600000
O    1.753060000    0.382237000    0.350983000
O    2.951760000    7.871990000    6.450140000
O    6.467650000    7.259410000    6.976140000
O    7.929030000    0.238076000    0.124949000
O    1.538840000   14.844100000   13.046900000
O    8.063980000   13.407500000    2.146070000
O    1.597760000    1.808200000   11.206200000
O    2.960780000    5.824000000    4.567220000
O    6.525350000    9.120310000    8.927750000
O   10.284900000   12.636600000    1.469300000
O   -0.996946000    2.426680000   11.979900000
O    0.413439000    5.274160000    5.080650000
O    8.910110000    9.795130000    8.393520000
O    1.188830000    7.882580000    4.499830000
O    8.308080000    7.420520000    8.960850000
O    9.646210000    0.255297000    2.147980000
O   -0.368628000   14.884100000   11.088400000
O    0.132391000   13.304100000    0.774941000
O    9.168870000    1.555460000   12.258300000
O   10.576800000    5.791160000    5.891140000
O   -1.319830000    9.173270000    7.621780000
O   -0.949774000    8.539600000    4.994600000
O   -1.769060000    6.759590000    8.471280000
O   11.760100000    0.962160000    1.677020000
O   -2.395230000   14.036100000   11.631800000
O    7.177150000    9.892870000    6.219400000
O    2.221690000    5.479230000    7.378200000
O    3.659300000    2.268940000    0.494191000
O    5.842060000   12.851600000   12.832400000
O    4.905600000    9.487430000    6.237750000
O    4.459640000    5.672570000    7.053940000
O    5.930720000    1.831130000    0.504305000
O    3.540200000   13.224100000   12.911400000
O    6.030690000   14.477700000    1.870740000
O    3.474690000    0.556432000   11.389100000
O    4.888670000    6.985280000    4.842750000
O    4.453130000    8.199900000    8.578770000
O    1.258980000   11.172800000    2.041120000
O    8.061130000    3.938170000   11.278900000
O    9.620260000    3.466930000    4.844020000
O   -0.204490000   11.367200000    8.807380000
O    4.919530000   12.879600000    3.763400000
O    4.720860000    2.312020000    9.612830000
O    6.146480000    5.317700000    2.990290000
O    3.372240000    9.841990000   10.413900000
