128
      11.897070        0.000000        0.000000        0.000000       15.009448        0.000000       -2.816105        0.000000       13.739188
Al    4.440740000    7.466450000    6.876010000
Al    5.968040000   14.959500000    0.044070000
Al    7.510640000    6.461080000    5.888050000
Al    1.562860000    8.642050000    7.819390000
Al    3.033340000   14.016500000    1.015310000
Al    6.093510000    0.906541000   12.892000000
Al   -1.365540000    7.451050000    6.834580000
Al    9.074720000   14.996900000   13.738200000
C    4.973000000    5.193390000    5.127230000
C    4.053280000    9.767720000    8.603220000
C    5.537680000   12.716700000    1.820920000
C    3.634080000    2.226550000   11.996100000
C   10.059600000    6.033090000    4.424660000
C   -0.918602000    9.101280000    9.315960000
C    0.525401000   13.488900000    2.451400000
C    8.616820000    1.561900000   11.417600000
C    4.419260000    1.245670000    2.113340000
C    4.702230000   13.709000000   11.626500000
C    6.053780000    8.735090000    4.778940000
C    2.909060000    6.324910000    9.065440000
C    5.146540000    3.009890000    3.768790000
C    3.940570000   11.901900000    9.948560000
C    5.370230000   10.781400000    3.471700000
C    3.776270000    4.284030000   10.393600000
C   10.683400000    2.463250000    0.818006000
C   -1.589160000   12.529200000   12.903200000
C   -0.320034000   10.079100000    5.982720000
C    9.291820000    4.949090000    7.704850000
C    9.865340000    4.266500000    2.563980000
C   -0.789139000   10.684600000   11.329200000
C    0.536529000   11.769100000    4.231820000
C    8.471650000    3.101990000    9.323070000
C    4.447050000    4.042360000    4.426210000
C    4.633940000   10.917800000    9.228630000
C    6.071210000   11.624900000    2.594690000
C    3.160000000    3.308980000   11.127400000
C   10.788000000    3.496150000    1.911680000
C   -1.680190000   11.716500000   11.740700000
C   -0.428847000   10.980700000    4.828240000
C    9.461720000    3.932900000    8.722980000
C   10.625600000    5.094060000    3.423840000
C   -1.482980000    9.943580000   10.379400000
C   -0.147546000   12.543500000    3.271730000
C    9.166540000    2.387420000   10.283800000
C    4.209070000    2.411320000    2.931870000
C    4.888710000   12.531200000   10.772800000
C    6.320380000   10.061600000    4.124540000
C    2.726200000    5.115210000    9.877840000
H    6.278480000    6.426800000    7.981400000
H    2.820030000    8.772150000    5.747990000
H    1.193200000   14.298000000   12.486500000
H    7.777060000    0.982406000    1.247420000
H    8.263400000    8.229910000    7.374020000
H    0.919631000    6.976130000    6.349550000
H   -0.659551000    0.899953000   13.419900000
H    9.603060000   14.118700000    0.479752000
H    0.911370000    3.212970000    2.517350000
H    8.295500000   12.245200000   10.852300000
H    9.439830000   10.573600000    4.275860000
H   -0.541970000    4.374940000    9.453360000
H    2.718570000    4.945180000    4.024660000
H    6.601400000   10.202400000    9.567800000
H    8.064600000   12.232600000    2.712510000
H    1.141830000    2.653830000   10.835100000
H    6.220360000    2.633770000    3.841570000
H    2.865990000   12.218800000    9.720820000
H    4.269400000   10.655000000    3.519410000
H    4.869160000    4.432350000   10.239000000
H    8.828620000    4.271610000    2.370740000
H    0.212615000   10.559400000   11.691500000
H    1.598720000   11.801400000    4.449510000
H    7.409600000    3.115460000    9.127740000
N    0.128108000    3.869020000    2.352710000
N    9.040560000   11.521700000   11.054200000
N   10.287800000   11.243900000    4.160090000
N   -1.238080000    3.617910000    9.257190000
N    3.147860000    3.995650000    3.970270000
N    5.949060000   11.021400000    9.649480000
N    7.399290000   11.428200000    2.846020000
N    1.811080000    3.447290000   10.874300000
N    3.008530000    3.008270000    3.053280000
N    6.145650000   12.129400000   10.463700000
N    7.565440000   10.426300000    3.774690000
N    1.516300000    4.647430000   10.194100000
N    0.034837900    4.897780000    3.322480000
N    9.130610000   10.332000000   10.322500000
N   10.416200000   12.301900000    3.268710000
N   -1.420420000    2.596150000   10.187400000
O    6.255720000    5.293960000    5.100600000
O    2.794810000    9.753950000    8.600150000
O    4.261720000   12.702400000    1.690840000
O    4.885200000    2.242080000   12.196100000
O    6.162800000    6.905380000    7.126440000
O    2.787660000    8.159980000    6.507020000
O    1.414790000   14.513500000   13.432800000
O    7.654920000    0.469302000    0.385633000
O    8.847520000    5.823170000    4.687630000
O    0.267557000    9.336820000    8.958690000
O    1.752430000   13.332500000    2.346310000
O    7.372850000    1.762710000   11.605300000
O    8.663900000    7.682820000    6.671000000
O    0.438669000    7.370520000    7.108900000
O    1.784490000    0.219334000    0.287035000
O    7.287620000   14.720400000   13.601200000
O    3.632670000    0.248667000    2.281880000
O    5.532820000   14.665200000   11.522100000
O    6.887290000    7.787840000    4.624780000
O    2.135810000    7.309050000    9.190820000
O    9.483410000    2.223630000    0.422420000
O   -0.463785000   12.519700000   13.553900000
O    0.841768000   10.061300000    6.531110000
O    8.193550000    5.010020000    7.122880000
O    4.136840000    5.997180000    5.632410000
O    4.808340000    8.804480000    8.216610000
O    6.357400000   13.561100000    1.351940000
O    2.813630000    1.408410000   12.498800000
O    5.421810000    1.288530000    1.358750000
O    3.693590000   13.694400000   12.374300000
O    4.983400000    8.706430000    5.463390000
O    3.864080000    6.226830000    8.242390000
O   11.737500000    1.924660000    0.455939000
O   -2.678350000   13.144900000   13.160500000
O   10.572100000    9.392920000    6.304180000
O   10.274900000    5.703390000    7.398380000
O   10.825600000    6.892930000    4.938600000
O   -1.643640000    8.218020000    8.753430000
O   -0.176348000   14.403700000    1.888550000
O    9.342810000    0.669696000   11.957700000
