128
      12.219991        0.000000        0.000000        0.000000       14.620911        0.000000       -2.565748        0.000000       13.745848
Al    7.935600000    8.193830000    5.966850000
Al    3.035710000    0.933425000    0.932126000
Al    1.798080000    6.431090000    7.761430000
Al    6.573460000   13.709100000   12.933000000
Al   10.907100000    7.251770000    6.854580000
Al    9.642440000    0.002724220   13.682900000
Al    4.835020000    7.336780000    6.891250000
Al    6.082330000    0.038060800    0.032420100
C   -0.617253000    5.906210000    9.348250000
C    9.007500000   13.236900000   11.298700000
C   10.377000000    8.746000000    4.488140000
C    0.597122000    1.393820000    2.442850000
C    5.493090000    9.768000000    5.445910000
C    5.545240000    2.516600000    1.429720000
C    4.264610000    4.854140000    8.287400000
C    4.163530000   12.134400000   12.318300000
C   -1.271870000    2.567630000   13.013800000
C    9.602660000    9.708830000    7.684250000
C   10.846300000   12.251000000    0.923216000
C    0.085601500    4.774300000    6.078040000
C    5.006390000   10.942200000    4.766490000
C    5.994730000    3.780220000    1.976900000
C    4.730540000    3.680980000    9.012380000
C    3.710010000   10.897300000   11.656100000
C    4.658190000   13.722900000    2.340140000
C    6.279100000    6.398990000    4.467780000
C    4.933440000    0.887760000   11.310000000
C    3.345710000    8.151400000    9.301990000
C   -1.208170000    5.037130000   10.368900000
C    9.499990000   12.409100000   10.161600000
C   10.827900000    9.490090000    3.286680000
C    0.125936000    2.155780000    3.589810000
C   -1.442010000    3.603560000   12.059400000
C    9.749690000   10.892100000    8.568610000
C   11.013700000   11.231100000    1.887850000
C   -0.053941900    3.606730000    5.250820000
C    4.678180000   12.677800000    3.323530000
C    6.311320000    5.379970000    3.482540000
C    4.930440000    1.830070000   10.205200000
C    3.376970000    9.153670000   10.378500000
C    5.612240000   11.682100000    3.701110000
C    5.338200000    4.468910000    2.983560000
C    3.991830000    2.815720000    9.790430000
C    4.364720000   10.002600000   10.828100000
C   -0.486009000    4.286910000   11.308300000
C    8.817240000   11.690000000    9.184730000
C   10.091100000   10.461600000    2.596020000
C    0.875742000    2.858990000    4.544860000
H    6.884210000    7.809850000    8.068120000
H    1.665370000    0.899315000   12.581700000
H    2.896200000    6.936620000    5.581470000
H    7.922590000   13.863300000    1.213980000
H    8.727200000    6.238590000    7.126540000
H   -0.336911000   13.980000000   13.064300000
H    0.826746000    8.411740000    6.649970000
H   10.000600000    0.974104000    0.526943000
H    2.617600000   12.878400000    3.907140000
H    7.859590000    6.180900000    2.375870000
H    6.646920000    1.225400000    9.133510000
H    1.302060000    9.457570000   10.445100000
H    8.737540000    3.255220000   11.563900000
H   -0.731148000   10.341200000    9.309290000
H    0.805805000   11.416600000    2.356770000
H   10.219400000    4.102620000    4.688220000
H    6.598140000   11.438500000    3.173480000
H    4.268060000    4.428670000    3.309680000
H    2.900950000    2.796040000    9.948970000
H    5.476230000    9.993270000   10.610600000
H    0.632256000    4.284130000   11.398600000
H    7.738380000   11.766500000    8.871990000
H    9.022970000   10.567800000    2.656380000
H    1.962200000    2.790120000    4.717300000
N    3.856950000   11.521900000    5.102830000
N    7.178070000    4.298210000    1.673890000
N    6.010060000    3.285490000    8.861390000
N    2.418300000   10.568500000   11.838300000
N    3.548320000   12.395500000    4.047220000
N    7.416190000    5.265400000    2.652800000
N    6.068080000    2.040450000    9.491100000
N    2.200500000    9.489390000   10.986700000
N    9.562620000    3.907310000   11.460200000
N   -1.267010000   11.212000000    9.129500000
N    0.048351300   10.733900000    2.146720000
N   10.915600000    3.297140000    4.759170000
N    9.688880000    4.900340000   10.482300000
N   -1.366200000   12.189200000   10.115400000
N   -0.091851800    9.498530000    2.885290000
N   11.010300000    2.294830000    3.829500000
O    6.725810000    9.531380000    5.276850000
O    4.342450000    2.198480000    1.682990000
O    3.112500000    5.270970000    8.561500000
O    5.410650000   12.347800000   12.305600000
O    6.636790000    7.540570000    7.164760000
O    1.768340000    0.438347000   13.436800000
O    3.052420000    7.120460000    6.538440000
O    7.842530000   14.329400000    0.351194000
O    0.613090000    5.694820000    9.035890000
O    7.798960000   12.997100000   11.643200000
O    9.175010000    8.936960000    4.834610000
O    1.797970000    1.533100000    2.152260000
O    9.124640000    6.928140000    6.578650000
O    1.825550000   14.381600000    0.116340000
O    0.503137000    7.588720000    7.067320000
O    7.802630000    0.321249000   13.613100000
O   -0.124839000    2.373370000   13.451600000
O    8.440830000    9.418420000    7.328700000
O    9.630530000   12.434700000    0.550436000
O    1.285540000    5.021070000    6.478550000
O   -2.359460000    1.900610000   13.272000000
O   10.643800000    9.063470000    7.343190000
O   11.904300000   12.850500000    0.547036000
O   -0.949247000    5.456610000    6.317900000
O    3.482540000   14.195100000    2.092100000
O    7.414750000    7.031050000    4.598330000
O    6.058690000    0.267437000   11.521400000
O    2.183820000    7.779560000    9.005540000
O    4.690900000    9.123060000    6.199040000
O    6.387770000    1.825400000    0.796769000
O    5.020430000    5.465940000    7.506670000
O    3.300260000   12.897100000   12.842700000
O    5.749980000   13.962800000    1.748680000
O    5.172790000    6.582490000    5.074930000
O    3.852020000    0.779624000   11.943700000
O    4.433060000    7.762490000    8.773550000
O   -1.384470000    6.693220000    8.769610000
O    9.816590000   14.049700000   11.873700000
O   11.130900000    7.935350000    5.072530000
O   -0.136290000    0.630214000    1.745160000
