    0.000000000     1.230195495
    1.000000000     1.234460370
    2.000000000     1.238490312
    3.000000000     1.242268081
    4.000000000     1.245774479
    5.000000000     1.248988961
    6.000000000     1.251889329
    7.000000000     1.254460614
    8.000000000     1.256670481
    9.000000000     1.258483458
   10.000000000     1.259867604
   11.000000000     1.260790357
   12.000000000     1.261220195
   13.000000000     1.261137549
   14.000000000     1.260506360
   15.000000000     1.259294850
   16.000000000     1.257479740
   17.000000000     1.255040011
   18.000000000     1.251952933
   19.000000000     1.248203896
   20.000000000     1.243786261
   21.000000000     1.238698458
   22.000000000     1.232946236
   23.000000000     1.226551884
   24.000000000     1.219527553
   25.000000000     1.211888844
   26.000000000     1.203659865
   27.000000000     1.194873979
   28.000000000     1.185567234
   29.000000000     1.175780056
   30.000000000     1.165558659
   31.000000000     1.154955571
   32.000000000     1.144012779
   33.000000000     1.132789229
   34.000000000     1.121324932
   35.000000000     1.109679707
   36.000000000     1.097894443
   37.000000000     1.086027949
   38.000000000     1.074123905
   39.000000000     1.062213308
   40.000000000     1.050339240
   41.000000000     1.038544847
   42.000000000     1.026861608
   43.000000000     1.015324202
   44.000000000     1.003965714
   45.000000000     0.992812536
   46.000000000     0.981884460
   47.000000000     0.971202410
   48.000000000     0.960788703
   49.000000000     0.950654528
   50.000000000     0.940809502
   51.000000000     0.931262616
   52.000000000     0.922012953
   53.000000000     0.913060965
   54.000000000     0.904402002
   55.000000000     0.896028195
   56.000000000     0.887947426
   57.000000000     0.880125854
   58.000000000     0.872557443
   59.000000000     0.865209632
   60.000000000     0.858062455
   61.000000000     0.851087692
   62.000000000     0.844259219
   63.000000000     0.837555923
   64.000000000     0.830944652
   65.000000000     0.824391125
   66.000000000     0.817881764
   67.000000000     0.811384449
   68.000000000     0.804873115
   69.000000000     0.798331656
   70.000000000     0.791741592
   71.000000000     0.785083415
   72.000000000     0.778355637
   73.000000000     0.771540475
   74.000000000     0.764633496
   75.000000000     0.757635852
   76.000000000     0.750547854
   77.000000000     0.743379323
   78.000000000     0.736136500
   79.000000000     0.728819602
   80.000000000     0.721443827
   81.000000000     0.714013944
   82.000000000     0.706536019
   83.000000000     0.699018812
   84.000000000     0.691469000
   85.000000000     0.683889381
   86.000000000     0.676292999
   87.000000000     0.668708157
   88.000000000     0.661137493
   89.000000000     0.653562849
   90.000000000     0.645966985
   91.000000000     0.638349527
   92.000000000     0.630664203
   93.000000000     0.622874827
   94.000000000     0.614950496
   95.000000000     0.606854802
   96.000000000     0.598551713
   97.000000000     0.590009505
   98.000000000     0.581200374
   99.000000000     0.572101646
  100.000000000     0.562712007
  101.000000000     0.553007892
  102.000000000     0.542973194
  103.000000000     0.532601058
  104.000000000     0.521887725
  105.000000000     0.510834191
  106.000000000     0.499439497
  107.000000000     0.487702211
  108.000000000     0.475627383
  109.000000000     0.463201619
  110.000000000     0.450395034
  111.000000000     0.437210080
  112.000000000     0.423664639
  113.000000000     0.409779220
  114.000000000     0.395581602
  115.000000000     0.381105726
  116.000000000     0.366405649
  117.000000000     0.351528459
  118.000000000     0.336522138
  119.000000000     0.321456627
  120.000000000     0.306391004
  121.000000000     0.291385830
  122.000000000     0.276499605
  123.000000000     0.261801072
  124.000000000     0.247364091
  125.000000000     0.233251642
  126.000000000     0.219537692
  127.000000000     0.206276551
  128.000000000     0.193530686
  129.000000000     0.181358337
  130.000000000     0.169814448
  131.000000000     0.158948174
  132.000000000     0.148805586
  133.000000000     0.139430491
  134.000000000     0.130860458
  135.000000000     0.123124794
  136.000000000     0.116250529
  137.000000000     0.110258510
  138.000000000     0.105165358
  139.000000000     0.100982309
  140.000000000     0.097713298
  141.000000000     0.095359159
  142.000000000     0.093916083
  143.000000000     0.093371468
  144.000000000     0.093709185
  145.000000000     0.094907730
  146.000000000     0.096934734
  147.000000000     0.099757389
  148.000000000     0.103338781
  149.000000000     0.107641272
  150.000000000     0.112616331
  151.000000000     0.118220609
  152.000000000     0.124396122
  153.000000000     0.131088647
  154.000000000     0.138244377
  155.000000000     0.145811055
  156.000000000     0.153737923
  157.000000000     0.161967682
  158.000000000     0.170450952
  159.000000000     0.179142891
  160.000000000     0.188003639
  161.000000000     0.196993676
  162.000000000     0.206076939
  163.000000000     0.215225433
  164.000000000     0.224423296
  165.000000000     0.233663078
  166.000000000     0.242918198
  167.000000000     0.252177748
  168.000000000     0.261442332
  169.000000000     0.270711761
  170.000000000     0.279986292
  171.000000000     0.289265188
  172.000000000     0.298558722
  173.000000000     0.307871277
  174.000000000     0.317200559
  175.000000000     0.326560329
  176.000000000     0.335935068
  177.000000000     0.345324440
  178.000000000     0.354722492
  179.000000000     0.364122008
  180.000000000     0.373513208
  181.000000000     0.382883553
  182.000000000     0.392219081
  183.000000000     0.401502445
  184.000000000     0.410712129
  185.000000000     0.419833468
  186.000000000     0.428840916
  187.000000000     0.437704692
  188.000000000     0.446396053
  189.000000000     0.454885694
  190.000000000     0.463146193
  191.000000000     0.471148977
  192.000000000     0.478865659
  193.000000000     0.486263620
  194.000000000     0.493314829
  195.000000000     0.499995825
  196.000000000     0.506285439
  197.000000000     0.512174039
  198.000000000     0.517663754
  199.000000000     0.522726353
  200.000000000     0.527362583
  201.000000000     0.531573689
  202.000000000     0.535372221
  203.000000000     0.538768916
  204.000000000     0.541795626
  205.000000000     0.544478246
  206.000000000     0.546849577
  207.000000000     0.548953564
  208.000000000     0.550833202
  209.000000000     0.552536005
  210.000000000     0.554119333
  211.000000000     0.555638931
  212.000000000     0.557152769
  213.000000000     0.558709426
  214.000000000     0.560374025
  215.000000000     0.562193755
  216.000000000     0.564220667
  217.000000000     0.566505668
  218.000000000     0.569096403
  219.000000000     0.572037481
  220.000000000     0.575370845
  221.000000000     0.579133841
  222.000000000     0.583361818
  223.000000000     0.588081278
  224.000000000     0.593317845
  225.000000000     0.599099498
  226.000000000     0.605445269
  227.000000000     0.612358417
  228.000000000     0.619842579
  229.000000000     0.627898778
  230.000000000     0.636524977
  231.000000000     0.645752049
  232.000000000     0.655745310
  233.000000000     0.666480102
  234.000000000     0.677922404
  235.000000000     0.690024447
  236.000000000     0.702736578
  237.000000000     0.715997153
  238.000000000     0.729735305
  239.000000000     0.743867818
  240.000000000     0.758306548
  241.000000000     0.772952319
  242.000000000     0.787702278
  243.000000000     0.802490534
  244.000000000     0.817184094
  245.000000000     0.831688060
  246.000000000     0.845921830
  247.000000000     0.859828297
  248.000000000     0.873353450
  249.000000000     0.886458919
  250.000000000     0.899126832
  251.000000000     0.911353720
  252.000000000     0.923163501
  253.000000000     0.934566145
  254.000000000     0.945587629
  255.000000000     0.956259719
  256.000000000     0.966615594
  257.000000000     0.976699478
  258.000000000     0.986537723
  259.000000000     0.996155629
  260.000000000     1.005572010
  261.000000000     1.014803254
  262.000000000     1.023859798
  263.000000000     1.032752929
  264.000000000     1.041489257
  265.000000000     1.050014562
  266.000000000     1.058235075
  267.000000000     1.066170242
  268.000000000     1.073824732
  269.000000000     1.081179572
  270.000000000     1.088233837
  271.000000000     1.094984584
  272.000000000     1.101422319
  273.000000000     1.107538730
  274.000000000     1.113323537
  275.000000000     1.118766482
  276.000000000     1.123862097
  277.000000000     1.128580524
  278.000000000     1.132904297
  279.000000000     1.136807566
  280.000000000     1.140269526
  281.000000000     1.143267185
  282.000000000     1.145778672
  283.000000000     1.147774790
  284.000000000     1.149231539
  285.000000000     1.150125313
  286.000000000     1.150433658
  287.000000000     1.150135866
  288.000000000     1.149213375
  289.000000000     1.147650743
  290.000000000     1.145439557
  291.000000000     1.142571865
  292.000000000     1.139057341
  293.000000000     1.134886879
  294.000000000     1.130063915
  295.000000000     1.124598918
  296.000000000     1.118509319
  297.000000000     1.111818668
  298.000000000     1.104553900
  299.000000000     1.096746813
  300.000000000     1.088433521
  301.000000000     1.079653726
  302.000000000     1.070450545
  303.000000000     1.060868890
  304.000000000     1.050955289
  305.000000000     1.040758117
  306.000000000     1.030336274
  307.000000000     1.019725512
  308.000000000     1.008973840
  309.000000000     0.998125441
  310.000000000     0.987228148
  311.000000000     0.976318974
  312.000000000     0.965437392
  313.000000000     0.954626553
  314.000000000     0.943912927
  315.000000000     0.933327575
  316.000000000     0.922903310
  317.000000000     0.912656976
  318.000000000     0.902609773
  319.000000000     0.892781299
  320.000000000     0.883183047
  321.000000000     0.873826892
  322.000000000     0.864727551
  323.000000000     0.855876929
  324.000000000     0.847274474
  325.000000000     0.838924274
  326.000000000     0.830812062
  327.000000000     0.822923505
  328.000000000     0.815243670
  329.000000000     0.807754725
  330.000000000     0.800435105
  331.000000000     0.793260839
  332.000000000     0.786209812
  333.000000000     0.779256923
  334.000000000     0.772371787
  335.000000000     0.765531193
  336.000000000     0.758698640
  337.000000000     0.751844952
  338.000000000     0.744944391
  339.000000000     0.737978916
  340.000000000     0.730921538
  341.000000000     0.723764072
  342.000000000     0.716484712
  343.000000000     0.709076586
  344.000000000     0.701559855
  345.000000000     0.693913343
  346.000000000     0.686140524
  347.000000000     0.678251529
  348.000000000     0.670259950
  349.000000000     0.662184076
  350.000000000     0.654043599
  351.000000000     0.645854018
  352.000000000     0.637647096
  353.000000000     0.629437391
  354.000000000     0.621245569
  355.000000000     0.613096051
  356.000000000     0.605006196
  357.000000000     0.596991775
  358.000000000     0.589075613
  359.000000000     0.581269630
  360.000000000     0.573575078
  361.000000000     0.565995688
  362.000000000     0.558534135
  363.000000000     0.551190515
  364.000000000     0.543960731
  365.000000000     0.536837878
  366.000000000     0.529813100
  367.000000000     0.522872791
  368.000000000     0.516001444
  369.000000000     0.509180540
  370.000000000     0.502390914
  371.000000000     0.495611180
  372.000000000     0.488818568
  373.000000000     0.481986246
  374.000000000     0.475084713
  375.000000000     0.468086586
  376.000000000     0.460964560
  377.000000000     0.453691850
  378.000000000     0.446242692
  379.000000000     0.438596127
  380.000000000     0.430733432
  381.000000000     0.422632242
  382.000000000     0.414272899
  383.000000000     0.405643555
  384.000000000     0.396736974
  385.000000000     0.387552593
  386.000000000     0.378090306
  387.000000000     0.368357213
  388.000000000     0.358368117
  389.000000000     0.348139831
  390.000000000     0.337694110
  391.000000000     0.327055407
  392.000000000     0.316251886
  393.000000000     0.305316132
  394.000000000     0.294283253
  395.000000000     0.283190429
  396.000000000     0.272076216
  397.000000000     0.260981934
  398.000000000     0.249948929
  399.000000000     0.239011219
  400.000000000     0.228208182
  401.000000000     0.217583922
  402.000000000     0.207170433
  403.000000000     0.196998282
  404.000000000     0.187098278
  405.000000000     0.177499237
  406.000000000     0.168228518
  407.000000000     0.159306731
  408.000000000     0.150755425
  409.000000000     0.142591817
  410.000000000     0.134830162
  411.000000000     0.127484079
  412.000000000     0.120558945
  413.000000000     0.114057977
  414.000000000     0.107984574
  415.000000000     0.102333975
  416.000000000     0.097097953
  417.000000000     0.092279856
  418.000000000     0.087867653
  419.000000000     0.083829427
  420.000000000     0.080144246
  421.000000000     0.076790231
  422.000000000     0.073740549
  423.000000000     0.070968073
  424.000000000     0.068443178
  425.000000000     0.066135571
  426.000000000     0.064028632
  427.000000000     0.062086580
  428.000000000     0.060272507
  429.000000000     0.058558068
  430.000000000     0.056921070
  431.000000000     0.055337528
  432.000000000     0.053795881
  433.000000000     0.052284475
  434.000000000     0.050784369
  435.000000000     0.049292015
  436.000000000     0.047807300
  437.000000000     0.046345763
  438.000000000     0.044902598
  439.000000000     0.043491274
  440.000000000     0.042132779
  441.000000000     0.040839881
  442.000000000     0.039638239
  443.000000000     0.038548069
  444.000000000     0.037590252
  445.000000000     0.036782429
  446.000000000     0.036144480
  447.000000000     0.035696054
  448.000000000     0.035456573
  449.000000000     0.035442079
  450.000000000     0.035664401
  451.000000000     0.036135222
  452.000000000     0.036862740
  453.000000000     0.037851024
  454.000000000     0.039102361
  455.000000000     0.040616417
  456.000000000     0.042399349
  457.000000000     0.044435931
  458.000000000     0.046716570
  459.000000000     0.049228843
  460.000000000     0.051958403
  461.000000000     0.054892622
  462.000000000     0.058010771
  463.000000000     0.061289870
  464.000000000     0.064705840
  465.000000000     0.068233843
  466.000000000     0.071847696
  467.000000000     0.075522700
  468.000000000     0.079232348
  469.000000000     0.082945626
  470.000000000     0.086635377
  471.000000000     0.090278240
  472.000000000     0.093852839
  473.000000000     0.097334910
  474.000000000     0.100719296
  475.000000000     0.103970987
  476.000000000     0.107079123
  477.000000000     0.110032642
  478.000000000     0.112832628
  479.000000000     0.115479697
  480.000000000     0.117970547
  481.000000000     0.120311251
  482.000000000     0.122513326
  483.000000000     0.124595432
  484.000000000     0.126580961
  485.000000000     0.128482347
  486.000000000     0.130324867
  487.000000000     0.132126284
  488.000000000     0.133911705
  489.000000000     0.135705262
  490.000000000     0.137529887
  491.000000000     0.139410687
  492.000000000     0.141379205
  493.000000000     0.143462780
  494.000000000     0.145671496
  495.000000000     0.148020561
  496.000000000     0.150527198
  497.000000000     0.153212420
  498.000000000     0.156088087
  499.000000000     0.159164494
