    0.000000000     1.067603808
    1.000000000     1.067603808
    2.000000000     1.067603808
    3.000000000     1.067603808
    4.000000000     1.067603808
    5.000000000     1.067603808
    6.000000000     1.067603808
    7.000000000     1.067603808
    8.000000000     1.067603808
    9.000000000     1.067603808
   10.000000000     1.067603808
   11.000000000     1.067603808
   12.000000000     1.067603808
   13.000000000     1.067603808
   14.000000000     1.067603808
   15.000000000     1.067603808
   16.000000000     1.067603808
   17.000000000     1.067603808
   18.000000000     1.067603808
   19.000000000     1.067603808
   20.000000000     1.067603808
   21.000000000     1.067603808
   22.000000000     1.067603808
   23.000000000     1.067603808
   24.000000000     1.067603808
   25.000000000     1.067603808
   26.000000000     1.067603808
   27.000000000     1.067603808
   28.000000000     1.067603808
   29.000000000     1.067603808
   30.000000000     1.067603808
   31.000000000     1.067603808
   32.000000000     1.067603808
   33.000000000     1.067603808
   34.000000000     1.067603808
   35.000000000     1.067603808
   36.000000000     1.067603808
   37.000000000     1.067603808
   38.000000000     1.067603808
   39.000000000     1.067603808
   40.000000000     1.067603808
   41.000000000     1.067603808
   42.000000000     1.067603808
   43.000000000     1.067603808
   44.000000000     1.067603808
   45.000000000     1.067603808
   46.000000000     1.067603808
   47.000000000     1.067603808
   48.000000000     1.067603808
   49.000000000     1.067603808
   50.000000000     1.067603808
   51.000000000     1.067603808
   52.000000000     1.067603808
   53.000000000     1.067603808
   54.000000000     1.067603808
   55.000000000     1.067603808
   56.000000000     1.067603808
   57.000000000     1.067603808
   58.000000000     1.067603808
   59.000000000     1.067603808
   60.000000000     1.067603808
   61.000000000     1.067603808
   62.000000000     1.067603808
   63.000000000     1.067603808
   64.000000000     1.067603808
   65.000000000     1.067603808
   66.000000000     1.067603808
   67.000000000     1.067603808
   68.000000000     1.067603808
   69.000000000     1.067603808
   70.000000000     1.067603808
   71.000000000     1.067603808
   72.000000000     1.067603808
   73.000000000     1.067603808
   74.000000000     1.067603808
   75.000000000     1.067603808
   76.000000000     1.067603808
   77.000000000     1.067603808
   78.000000000     1.067603808
   79.000000000     1.067603808
   80.000000000     1.067603808
   81.000000000     1.067603808
   82.000000000     1.067603808
   83.000000000     1.067603808
   84.000000000     1.067603808
   85.000000000     1.067603808
   86.000000000     1.067603808
   87.000000000     1.067603808
   88.000000000     1.067603808
   89.000000000     1.067603808
   90.000000000     1.067603808
   91.000000000     1.067603808
   92.000000000     1.067603808
   93.000000000     1.067603808
   94.000000000     1.067603808
   95.000000000     1.067603808
   96.000000000     1.067603808
   97.000000000     1.067603808
   98.000000000     1.067603808
   99.000000000     1.067603808
  100.000000000     1.067603808
  101.000000000     1.067603808
  102.000000000     1.067603808
  103.000000000     1.067603808
  104.000000000     1.067603808
  105.000000000     1.067603808
  106.000000000     1.067603808
  107.000000000     1.067603808
  108.000000000     1.067603808
  109.000000000     1.067603808
  110.000000000     1.067603808
  111.000000000     1.067603808
  112.000000000     1.067603808
  113.000000000     1.067603808
  114.000000000     1.067603808
  115.000000000     1.067603808
  116.000000000     1.067603808
  117.000000000     1.067603808
  118.000000000     1.067603808
  119.000000000     1.067603808
  120.000000000     1.067603808
  121.000000000     1.067603808
  122.000000000     1.067603808
  123.000000000     1.067603808
  124.000000000     1.067603808
  125.000000000     1.067603808
  126.000000000     1.067603808
  127.000000000     1.067603808
  128.000000000     1.067603808
  129.000000000     1.067603808
  130.000000000     1.067603808
  131.000000000     1.067603808
  132.000000000     1.067603808
  133.000000000     1.067603808
  134.000000000     1.067603808
  135.000000000     1.067603808
  136.000000000     1.067603808
  137.000000000     1.067603808
  138.000000000     1.067603808
  139.000000000     1.067603808
  140.000000000     1.067603808
  141.000000000     1.067603808
  142.000000000     1.067603808
  143.000000000     1.067603808
  144.000000000     1.067603808
  145.000000000     1.067603808
  146.000000000     1.067603808
  147.000000000     1.067603808
  148.000000000     1.067603808
  149.000000000     1.067603808
  150.000000000     1.067603808
  151.000000000     1.067603808
  152.000000000     1.067603808
  153.000000000     1.067603808
  154.000000000     1.067603808
  155.000000000     1.067603808
  156.000000000     1.067603808
  157.000000000     1.067603808
  158.000000000     1.067603808
  159.000000000     1.067603808
  160.000000000     1.067603808
  161.000000000     1.067603808
  162.000000000     1.067603808
  163.000000000     1.067603808
  164.000000000     1.067603808
  165.000000000     1.067603808
  166.000000000     1.067603808
  167.000000000     1.067603808
  168.000000000     1.067603808
  169.000000000     1.067603808
  170.000000000     1.067603808
  171.000000000     1.067603808
  172.000000000     1.067603808
  173.000000000     1.067603808
  174.000000000     1.067603808
  175.000000000     1.067603808
  176.000000000     1.067603808
  177.000000000     1.067603808
  178.000000000     1.067603808
  179.000000000     1.067603808
  180.000000000     1.067603808
  181.000000000     1.067603808
  182.000000000     1.067603808
  183.000000000     1.067603808
  184.000000000     1.067603808
  185.000000000     1.067603808
  186.000000000     1.067603808
  187.000000000     1.067603808
  188.000000000     1.067603808
  189.000000000     1.067603808
  190.000000000     1.067603808
  191.000000000     1.067603808
  192.000000000     1.067603808
  193.000000000     1.067603808
  194.000000000     1.067603808
  195.000000000     1.067603808
  196.000000000     1.067603808
  197.000000000     1.067603808
  198.000000000     1.067603808
  199.000000000     1.067603808
  200.000000000     1.067603808
  201.000000000     1.067603808
  202.000000000     1.067603808
  203.000000000     1.067603808
  204.000000000     1.067603808
  205.000000000     1.067603808
  206.000000000     1.067603808
  207.000000000     1.067603808
  208.000000000     1.067603808
  209.000000000     1.067603808
  210.000000000     1.067603808
  211.000000000     1.067603808
  212.000000000     1.067603808
  213.000000000     1.067603808
  214.000000000     1.067603808
  215.000000000     1.067603808
  216.000000000     1.067603808
  217.000000000     1.067603808
  218.000000000     1.067603808
  219.000000000     1.067603808
  220.000000000     1.067603808
  221.000000000     1.067603808
  222.000000000     1.067603808
  223.000000000     1.067603808
  224.000000000     1.067603808
  225.000000000     1.067603808
  226.000000000     1.067603808
  227.000000000     1.067603808
  228.000000000     1.067603808
  229.000000000     1.067603808
  230.000000000     1.067603808
  231.000000000     1.067603808
  232.000000000     1.067603808
  233.000000000     1.067603808
  234.000000000     1.067603808
  235.000000000     1.067603808
  236.000000000     1.067603808
  237.000000000     1.067603808
  238.000000000     1.067603808
  239.000000000     1.067603808
  240.000000000     1.067603808
  241.000000000     1.067603808
  242.000000000     1.067603808
  243.000000000     1.067603808
  244.000000000     1.067603808
  245.000000000     1.067603808
  246.000000000     1.067603808
  247.000000000     1.067603808
  248.000000000     1.067603808
  249.000000000     1.067603808
  250.000000000     1.067603808
  251.000000000     1.067603808
  252.000000000     1.067603808
  253.000000000     1.067603808
  254.000000000     1.067603808
  255.000000000     1.067603808
  256.000000000     1.067603808
  257.000000000     1.067603808
  258.000000000     1.067603808
  259.000000000     1.067603808
  260.000000000     1.067603808
  261.000000000     1.067603808
  262.000000000     1.067603808
  263.000000000     1.067603808
  264.000000000     1.067603808
  265.000000000     1.067603808
  266.000000000     1.067603808
  267.000000000     1.067603808
  268.000000000     1.067603808
  269.000000000     1.067603808
  270.000000000     1.067603808
  271.000000000     1.067603808
  272.000000000     1.067603808
  273.000000000     1.067603808
  274.000000000     1.067603808
  275.000000000     1.067603808
  276.000000000     1.067603808
  277.000000000     1.067603808
  278.000000000     1.067603808
  279.000000000     1.067603808
  280.000000000     1.067603808
  281.000000000     1.067603808
  282.000000000     1.067603808
  283.000000000     1.067603808
  284.000000000     1.067603808
  285.000000000     1.067603808
  286.000000000     1.067603808
  287.000000000     1.067603808
  288.000000000     1.067603808
  289.000000000     1.067603808
  290.000000000     1.067603808
  291.000000000     1.067603808
  292.000000000     1.067603808
  293.000000000     1.067603808
  294.000000000     1.067603808
  295.000000000     1.067603808
  296.000000000     1.067603808
  297.000000000     1.067603808
  298.000000000     1.067603808
  299.000000000     1.067603808
  300.000000000     1.067603808
  301.000000000     1.067603808
  302.000000000     1.067603808
  303.000000000     1.067603808
  304.000000000     1.067603808
  305.000000000     1.067603808
  306.000000000     1.067603808
  307.000000000     1.067603808
  308.000000000     1.067603808
  309.000000000     1.067603808
  310.000000000     1.067603808
  311.000000000     1.067603808
  312.000000000     1.067603808
  313.000000000     1.067603808
  314.000000000     1.067603808
  315.000000000     1.067603808
  316.000000000     1.067603808
  317.000000000     1.067603808
  318.000000000     1.067603808
  319.000000000     1.067603808
  320.000000000     1.067603808
  321.000000000     1.067603808
  322.000000000     1.067603808
  323.000000000     1.067603808
  324.000000000     1.067603808
  325.000000000     1.067603808
  326.000000000     1.067603808
  327.000000000     1.067603808
  328.000000000     1.067603808
  329.000000000     1.067603808
  330.000000000     1.067603808
  331.000000000     1.067603808
  332.000000000     1.067603808
  333.000000000     1.067603808
  334.000000000     1.067603808
  335.000000000     1.067603808
  336.000000000     1.067603808
  337.000000000     1.067603808
  338.000000000     1.067603808
  339.000000000     1.067603808
  340.000000000     1.067603808
  341.000000000     1.067603808
  342.000000000     1.067603808
  343.000000000     1.067603808
  344.000000000     1.067603808
  345.000000000     1.067603808
  346.000000000     1.067603808
  347.000000000     1.067603808
  348.000000000     1.067603808
  349.000000000     1.067603808
  350.000000000     1.067603808
  351.000000000     1.067603808
  352.000000000     1.067603808
  353.000000000     1.067603808
  354.000000000     1.067603808
  355.000000000     1.067603808
  356.000000000     1.067603808
  357.000000000     1.067603808
  358.000000000     1.067603808
  359.000000000     1.067603808
  360.000000000     1.067603808
  361.000000000     1.067603808
  362.000000000     1.067603808
  363.000000000     1.067603808
  364.000000000     1.067603808
  365.000000000     1.067603808
  366.000000000     1.067603808
  367.000000000     1.067603808
  368.000000000     1.067603808
  369.000000000     1.067603808
  370.000000000     1.067603808
  371.000000000     1.067603808
  372.000000000     1.067603808
  373.000000000     1.067603808
  374.000000000     1.067603808
  375.000000000     1.067603808
  376.000000000     1.067603808
  377.000000000     1.067603808
  378.000000000     1.067603808
  379.000000000     1.067603808
  380.000000000     1.067603808
  381.000000000     1.067603808
  382.000000000     1.067603808
  383.000000000     1.067603808
  384.000000000     1.067603808
  385.000000000     1.067603808
  386.000000000     1.067603808
  387.000000000     1.067603808
  388.000000000     1.067603808
  389.000000000     1.067603808
  390.000000000     1.067603808
  391.000000000     1.067603808
  392.000000000     1.067603808
  393.000000000     1.067603808
  394.000000000     1.067603808
  395.000000000     1.067603808
  396.000000000     1.067603808
  397.000000000     1.067603808
  398.000000000     1.067603808
  399.000000000     1.067603808
  400.000000000     1.067603808
  401.000000000     1.067603808
  402.000000000     1.067603808
  403.000000000     1.067603808
  404.000000000     1.067603808
  405.000000000     1.067603808
  406.000000000     1.067603808
  407.000000000     1.067603808
  408.000000000     1.067603808
  409.000000000     1.067603808
  410.000000000     1.067603808
  411.000000000     1.067603808
  412.000000000     1.067603808
  413.000000000     1.067603808
  414.000000000     1.067603808
  415.000000000     1.067603808
  416.000000000     1.067603808
  417.000000000     1.067603808
  418.000000000     1.067603808
  419.000000000     1.067603808
  420.000000000     1.067603808
  421.000000000     1.067603808
  422.000000000     1.067603808
  423.000000000     1.067603808
  424.000000000     1.067603808
  425.000000000     1.067603808
  426.000000000     1.067603808
  427.000000000     1.067603808
  428.000000000     1.067603808
  429.000000000     1.067603808
  430.000000000     1.067603808
  431.000000000     1.067603808
  432.000000000     1.067603808
  433.000000000     1.067603808
  434.000000000     1.067603808
  435.000000000     1.067603808
  436.000000000     1.067603808
  437.000000000     1.067603808
  438.000000000     1.067603808
  439.000000000     1.067603808
  440.000000000     1.067603808
  441.000000000     1.067603808
  442.000000000     1.067603808
  443.000000000     1.067603808
  444.000000000     1.067603808
  445.000000000     1.067603808
  446.000000000     1.067603808
  447.000000000     1.067603808
  448.000000000     1.067603808
  449.000000000     1.067603808
  450.000000000     1.067603808
  451.000000000     1.067603808
  452.000000000     1.067603808
  453.000000000     1.067603808
  454.000000000     1.067603808
  455.000000000     1.067603808
  456.000000000     1.067603808
  457.000000000     1.067603808
  458.000000000     1.067603808
  459.000000000     1.067603808
  460.000000000     1.067603808
  461.000000000     1.067603808
  462.000000000     1.067603808
  463.000000000     1.067603808
  464.000000000     1.067603808
  465.000000000     1.067603808
  466.000000000     1.067603808
  467.000000000     1.067603808
  468.000000000     1.067603808
  469.000000000     1.067603808
  470.000000000     1.067603808
  471.000000000     1.067603808
  472.000000000     1.067603808
  473.000000000     1.067603808
  474.000000000     1.067603808
  475.000000000     1.067603808
  476.000000000     1.067603808
  477.000000000     1.067603808
  478.000000000     1.067603808
  479.000000000     1.067603808
  480.000000000     1.067603808
  481.000000000     1.067603808
  482.000000000     1.067603808
  483.000000000     1.067603808
  484.000000000     1.067603808
  485.000000000     1.067603808
  486.000000000     1.067603808
  487.000000000     1.067603808
  488.000000000     1.067603808
  489.000000000     1.067603808
  490.000000000     1.067603808
  491.000000000     1.067603808
  492.000000000     1.067603808
  493.000000000     1.067603808
  494.000000000     1.067603808
  495.000000000     1.067603808
  496.000000000     1.067603808
  497.000000000     1.067603808
  498.000000000     1.067603808
  499.000000000     1.067603808
