    0.000000000     1.473537393
    1.000000000     1.466588442
    2.000000000     1.459272290
    3.000000000     1.451576769
    4.000000000     1.443507573
    5.000000000     1.435079723
    6.000000000     1.426302405
    7.000000000     1.417171879
    8.000000000     1.407670896
    9.000000000     1.397800939
   10.000000000     1.387564032
   11.000000000     1.376950388
   12.000000000     1.365957980
   13.000000000     1.354585243
   14.000000000     1.342831985
   15.000000000     1.330696845
   16.000000000     1.318187063
   17.000000000     1.305301196
   18.000000000     1.292042199
   19.000000000     1.278416255
   20.000000000     1.264433834
   21.000000000     1.250107818
   22.000000000     1.235452821
   23.000000000     1.220487722
   24.000000000     1.205244213
   25.000000000     1.189746413
   26.000000000     1.174012130
   27.000000000     1.158073972
   28.000000000     1.141945980
   29.000000000     1.125654832
   30.000000000     1.109230069
   31.000000000     1.092705882
   32.000000000     1.076107386
   33.000000000     1.059462970
   34.000000000     1.042799294
   35.000000000     1.026144597
   36.000000000     1.009521838
   37.000000000     0.992964867
   38.000000000     0.976494354
   39.000000000     0.960113458
   40.000000000     0.943838319
   41.000000000     0.927681630
   42.000000000     0.911655615
   43.000000000     0.895777373
   44.000000000     0.880042066
   45.000000000     0.864453480
   46.000000000     0.849014856
   47.000000000     0.833721488
   48.000000000     0.818571591
   49.000000000     0.803561429
   50.000000000     0.788690165
   51.000000000     0.773957104
   52.000000000     0.759340777
   53.000000000     0.744834721
   54.000000000     0.730429176
   55.000000000     0.716108081
   56.000000000     0.701858603
   57.000000000     0.687666479
   58.000000000     0.673528919
   59.000000000     0.659428570
   60.000000000     0.645344986
   61.000000000     0.631265931
   62.000000000     0.617180310
   63.000000000     0.603086317
   64.000000000     0.588968606
   65.000000000     0.574813489
   66.000000000     0.560617848
   67.000000000     0.546379240
   68.000000000     0.532094837
   69.000000000     0.517764942
   70.000000000     0.503393440
   71.000000000     0.488986049
   72.000000000     0.474559538
   73.000000000     0.460114821
   74.000000000     0.445668304
   75.000000000     0.431233848
   76.000000000     0.416825995
   77.000000000     0.402463047
   78.000000000     0.388166943
   79.000000000     0.373954636
   80.000000000     0.359856190
   81.000000000     0.345887721
   82.000000000     0.332067083
   83.000000000     0.318415763
   84.000000000     0.304964170
   85.000000000     0.291718557
   86.000000000     0.279937107
   87.000000000     0.273031962
   88.000000000     0.270795963
   89.000000000     0.272609095
   90.000000000     0.277638166
   91.000000000     0.284826269
   92.000000000     0.292906840
   93.000000000     0.300475671
   94.000000000     0.306089155
   95.000000000     0.308384047
   96.000000000     0.306215281
   97.000000000     0.298781837
   98.000000000     0.285724211
   99.000000000     0.267169980
  100.000000000     0.243729713
  101.000000000     0.216429060
  102.000000000     0.186605768
  103.000000000     0.155789048
  104.000000000     0.125570384
  105.000000000     0.097493794
  106.000000000     0.072977133
  107.000000000     0.053281430
  108.000000000     0.039517543
  109.000000000     0.030523859
  110.000000000     0.021930238
  111.000000000     0.013564240
  112.000000000     0.005429620
  113.000000000    -0.002466125
  114.000000000    -0.010114903
  115.000000000    -0.017506318
  116.000000000    -0.024622244
  117.000000000    -0.031446092
  118.000000000    -0.037958139
  119.000000000    -0.044132758
  120.000000000    -0.049952348
  121.000000000    -0.055389972
  122.000000000    -0.060429353
  123.000000000    -0.065050669
  124.000000000    -0.069228873
  125.000000000    -0.072934822
  126.000000000    -0.076147368
  127.000000000    -0.078847460
  128.000000000    -0.081009763
  129.000000000    -0.082616555
  130.000000000    -0.083647837
  131.000000000    -0.084088455
  132.000000000    -0.083925071
  133.000000000    -0.083135954
  134.000000000    -0.081708808
  135.000000000    -0.079652150
  136.000000000    -0.076963564
  137.000000000    -0.073645133
  138.000000000    -0.069695238
  139.000000000    -0.065121290
  140.000000000    -0.059940176
  141.000000000    -0.054152330
  142.000000000    -0.047775430
  143.000000000    -0.040826084
  144.000000000    -0.033337158
  145.000000000    -0.025346532
  146.000000000    -0.016884606
  147.000000000    -0.007984166
  148.000000000     0.001330973
  149.000000000     0.011017549
  150.000000000     0.021031901
  151.000000000     0.031334548
  152.000000000     0.041885662
  153.000000000     0.052643470
  154.000000000     0.063569153
  155.000000000     0.074622820
  156.000000000     0.085772580
  157.000000000     0.096976733
  158.000000000     0.108204710
  159.000000000     0.119422102
  160.000000000     0.130603240
  161.000000000     0.141719437
  162.000000000     0.152739628
  163.000000000     0.163644583
  164.000000000     0.174418320
  165.000000000     0.185052693
  166.000000000     0.195532237
  167.000000000     0.205850145
  168.000000000     0.216010824
  169.000000000     0.226009424
  170.000000000     0.235843584
  171.000000000     0.245521546
  172.000000000     0.255053854
  173.000000000     0.264460285
  174.000000000     0.273730948
  175.000000000     0.282875038
  176.000000000     0.291915941
  177.000000000     0.300852636
  178.000000000     0.309695873
  179.000000000     0.318450508
  180.000000000     0.327125580
  181.000000000     0.335726310
  182.000000000     0.344260025
  183.000000000     0.352732364
  184.000000000     0.361148800
  185.000000000     0.369515724
  186.000000000     0.377833106
  187.000000000     0.386100369
  188.000000000     0.394317060
  189.000000000     0.402481106
  190.000000000     0.410590015
  191.000000000     0.418642527
  192.000000000     0.426633368
  193.000000000     0.434558102
  194.000000000     0.442411610
  195.000000000     0.450190151
  196.000000000     0.457891434
  197.000000000     0.465536492
  198.000000000     0.473130111
  199.000000000     0.480647692
  200.000000000     0.488090919
  201.000000000     0.495465387
  202.000000000     0.502778730
  203.000000000     0.510041805
  204.000000000     0.517270024
  205.000000000     0.524477520
  206.000000000     0.531683449
  207.000000000     0.538906764
  208.000000000     0.546170144
  209.000000000     0.553497818
  210.000000000     0.560917417
  211.000000000     0.568455320
  212.000000000     0.576136729
  213.000000000     0.583987956
  214.000000000     0.592036912
  215.000000000     0.600308838
  216.000000000     0.608827602
  217.000000000     0.617617937
  218.000000000     0.626698988
  219.000000000     0.636089839
  220.000000000     0.645808454
  221.000000000     0.655870896
  222.000000000     0.666289506
  223.000000000     0.677070746
  224.000000000     0.688226071
  225.000000000     0.699761457
  226.000000000     0.711685740
  227.000000000     0.723989309
  228.000000000     0.736668172
  229.000000000     0.749713192
  230.000000000     0.763114104
  231.000000000     0.776947338
  232.000000000     0.791589415
  233.000000000     0.807041774
  234.000000000     0.823251939
  235.000000000     0.840158209
  236.000000000     0.857671768
  237.000000000     0.875692851
  238.000000000     0.894101762
  239.000000000     0.912759250
  240.000000000     0.931509625
  241.000000000     0.950184817
  242.000000000     0.968608661
  243.000000000     0.986613898
  244.000000000     1.004040249
  245.000000000     1.020726650
  246.000000000     1.036554128
  247.000000000     1.051435348
  248.000000000     1.065319142
  249.000000000     1.078191556
  250.000000000     1.090075589
  251.000000000     1.101025313
  252.000000000     1.111134911
  253.000000000     1.120491118
  254.000000000     1.129193323
  255.000000000     1.137347996
  256.000000000     1.145056031
  257.000000000     1.152409943
  258.000000000     1.159487948
  259.000000000     1.166380229
  260.000000000     1.173130969
  261.000000000     1.179759955
  262.000000000     1.186274544
  263.000000000     1.192686540
  264.000000000     1.198999817
  265.000000000     1.205064771
  266.000000000     1.210635288
  267.000000000     1.215717122
  268.000000000     1.220324564
  269.000000000     1.224460928
  270.000000000     1.228140801
  271.000000000     1.231392197
  272.000000000     1.234201460
  273.000000000     1.236581783
  274.000000000     1.238540842
  275.000000000     1.240089181
  276.000000000     1.241237091
  277.000000000     1.241996667
  278.000000000     1.242379567
  279.000000000     1.242389448
  280.000000000     1.242032698
  281.000000000     1.241319674
  282.000000000     1.240256514
  283.000000000     1.238840663
  284.000000000     1.237076162
  285.000000000     1.234966399
  286.000000000     1.232513980
  287.000000000     1.229721180
  288.000000000     1.226589841
  289.000000000     1.223123183
  290.000000000     1.219325297
  291.000000000     1.215202605
  292.000000000     1.210765666
  293.000000000     1.206013837
  294.000000000     1.200955506
  295.000000000     1.195601047
  296.000000000     1.189962871
  297.000000000     1.184060514
  298.000000000     1.177907268
  299.000000000     1.171519868
  300.000000000     1.164918113
  301.000000000     1.158123649
  302.000000000     1.151160904
  303.000000000     1.144054930
  304.000000000     1.136832402
  305.000000000     1.129515925
  306.000000000     1.122133679
  307.000000000     1.114710282
  308.000000000     1.107273163
  309.000000000     1.099848381
  310.000000000     1.092458275
  311.000000000     1.085122860
  312.000000000     1.077865787
  313.000000000     1.070701687
  314.000000000     1.063647508
  315.000000000     1.056717922
  316.000000000     1.049927161
  317.000000000     1.043281308
  318.000000000     1.036787935
  319.000000000     1.030459854
  320.000000000     1.024291618
  321.000000000     1.018281313
  322.000000000     1.012425419
  323.000000000     1.006715371
  324.000000000     1.001140803
  325.000000000     0.995704590
  326.000000000     0.990380622
  327.000000000     0.985144688
  328.000000000     0.979978315
  329.000000000     0.974863430
  330.000000000     0.969775405
  331.000000000     0.964689358
  332.000000000     0.959579976
  333.000000000     0.954417308
  334.000000000     0.949171531
  335.000000000     0.943815786
  336.000000000     0.938324441
  337.000000000     0.932700899
  338.000000000     0.926900184
  339.000000000     0.920900623
  340.000000000     0.914676504
  341.000000000     0.908210783
  342.000000000     0.901489746
  343.000000000     0.894502401
  344.000000000     0.887243613
  345.000000000     0.879707424
  346.000000000     0.871892643
  347.000000000     0.863803904
  348.000000000     0.855448092
  349.000000000     0.846832891
  350.000000000     0.837970378
  351.000000000     0.828877183
  352.000000000     0.819584252
  353.000000000     0.810100996
  354.000000000     0.800442835
  355.000000000     0.790633032
  356.000000000     0.780695036
  357.000000000     0.770648360
  358.000000000     0.760520044
  359.000000000     0.750330072
  360.000000000     0.740096263
  361.000000000     0.729836112
  362.000000000     0.719568086
  363.000000000     0.709310170
  364.000000000     0.699076610
  365.000000000     0.688879941
  366.000000000     0.678730487
  367.000000000     0.668636106
  368.000000000     0.658603366
  369.000000000     0.648631918
  370.000000000     0.638740040
  371.000000000     0.628917559
  372.000000000     0.619154667
  373.000000000     0.609441076
  374.000000000     0.599760148
  375.000000000     0.590097495
  376.000000000     0.580437582
  377.000000000     0.570765137
  378.000000000     0.561062554
  379.000000000     0.551315168
  380.000000000     0.541502036
  381.000000000     0.531603496
  382.000000000     0.521608368
  383.000000000     0.511507351
  384.000000000     0.501280982
  385.000000000     0.490918715
  386.000000000     0.480414518
  387.000000000     0.469765916
  388.000000000     0.458974865
  389.000000000     0.448046296
  390.000000000     0.436995484
  391.000000000     0.425828834
  392.000000000     0.414555702
  393.000000000     0.403192859
  394.000000000     0.391758737
  395.000000000     0.380274683
  396.000000000     0.368765669
  397.000000000     0.357253929
  398.000000000     0.345764277
  399.000000000     0.334318431
  400.000000000     0.322940895
  401.000000000     0.311655934
  402.000000000     0.300485359
  403.000000000     0.289450392
  404.000000000     0.278569566
  405.000000000     0.267860635
  406.000000000     0.257339437
  407.000000000     0.247018554
  408.000000000     0.236909824
  409.000000000     0.227022436
  410.000000000     0.217363568
  411.000000000     0.207941431
  412.000000000     0.198756718
  413.000000000     0.189807492
  414.000000000     0.181094242
  415.000000000     0.172609869
  416.000000000     0.164349053
  417.000000000     0.156316153
  418.000000000     0.148487228
  419.000000000     0.140844066
  420.000000000     0.133371970
  421.000000000     0.126076850
  422.000000000     0.118925160
  423.000000000     0.111891738
  424.000000000     0.104962751
  425.000000000     0.098112342
  426.000000000     0.091329562
  427.000000000     0.084588071
  428.000000000     0.077869379
  429.000000000     0.071151812
  430.000000000     0.064419748
  431.000000000     0.057659986
  432.000000000     0.050872641
  433.000000000     0.044056117
  434.000000000     0.037190140
  435.000000000     0.030274494
  436.000000000     0.023315572
  437.000000000     0.016322292
  438.000000000     0.009299664
  439.000000000     0.002262280
  440.000000000    -0.004770325
  441.000000000    -0.011764425
  442.000000000    -0.018705814
  443.000000000    -0.025569716
  444.000000000    -0.032331890
  445.000000000    -0.038961775
  446.000000000    -0.045430362
  447.000000000    -0.051708836
  448.000000000    -0.057763432
  449.000000000    -0.063562740
  450.000000000    -0.069079784
  451.000000000    -0.074281958
  452.000000000    -0.079141730
  453.000000000    -0.083636965
  454.000000000    -0.087744143
  455.000000000    -0.091438981
  456.000000000    -0.094683404
  457.000000000    -0.097471551
  458.000000000    -0.099802588
  459.000000000    -0.101669347
  460.000000000    -0.103068202
  461.000000000    -0.103997623
  462.000000000    -0.104459954
  463.000000000    -0.104459544
  464.000000000    -0.104008352
  465.000000000    -0.103119639
  466.000000000    -0.101809903
  467.000000000    -0.100092097
  468.000000000    -0.097982615
  469.000000000    -0.095517176
  470.000000000    -0.092718255
  471.000000000    -0.089607427
  472.000000000    -0.086204409
  473.000000000    -0.082549392
  474.000000000    -0.078667639
  475.000000000    -0.074581405
  476.000000000    -0.070310755
  477.000000000    -0.065873683
  478.000000000    -0.061284727
  479.000000000    -0.056554824
  480.000000000    -0.051690286
  481.000000000    -0.046695448
  482.000000000    -0.041569817
  483.000000000    -0.036309214
  484.000000000    -0.030906064
  485.000000000    -0.025351703
  486.000000000    -0.019630398
  487.000000000    -0.013731064
  488.000000000    -0.007637569
  489.000000000    -0.001332825
  490.000000000     0.005199189
  491.000000000     0.011980540
  492.000000000     0.019026001
  493.000000000     0.026352912
  494.000000000     0.033976097
  495.000000000     0.041910573
  496.000000000     0.050171446
  497.000000000     0.058780814
  498.000000000     0.067746906
  499.000000000     0.077074764
