    0.000000000     1.914450070
    1.000000000     1.894160345
    2.000000000     1.872941577
    3.000000000     1.850823508
    4.000000000     1.827843228
    5.000000000     1.804041142
    6.000000000     1.779468408
    7.000000000     1.754182170
    8.000000000     1.728198866
    9.000000000     1.701554900
   10.000000000     1.674290204
   11.000000000     1.646445595
   12.000000000     1.618062003
   13.000000000     1.589181259
   14.000000000     1.559854782
   15.000000000     1.530116402
   16.000000000     1.500011047
   17.000000000     1.469584940
   18.000000000     1.438884197
   19.000000000     1.407958063
   20.000000000     1.376856545
   21.000000000     1.345635512
   22.000000000     1.314355354
   23.000000000     1.283091347
   24.000000000     1.251901260
   25.000000000     1.220834225
   26.000000000     1.189949312
   27.000000000     1.159314111
   28.000000000     1.128990518
   29.000000000     1.099058803
   30.000000000     1.069573060
   31.000000000     1.040604274
   32.000000000     1.012200049
   33.000000000     0.984422440
   34.000000000     0.957320330
   35.000000000     0.930946060
   36.000000000     0.905341012
   37.000000000     0.880546797
   38.000000000     0.856594975
   39.000000000     0.833512822
   40.000000000     0.811324449
   41.000000000     0.790046740
   42.000000000     0.769693590
   43.000000000     0.750286356
   44.000000000     0.731817187
   45.000000000     0.714264817
   46.000000000     0.697619307
   47.000000000     0.681867413
   48.000000000     0.666986412
   49.000000000     0.652956029
   50.000000000     0.639744922
   51.000000000     0.627316268
   52.000000000     0.615635055
   53.000000000     0.604684864
   54.000000000     0.594410568
   55.000000000     0.584761947
   56.000000000     0.575706744
   57.000000000     0.567178894
   58.000000000     0.559131409
   59.000000000     0.551510095
   60.000000000     0.544262835
   61.000000000     0.537334455
   62.000000000     0.530684056
   63.000000000     0.524238055
   64.000000000     0.517937035
   65.000000000     0.511722236
   66.000000000     0.505547477
   67.000000000     0.499349672
   68.000000000     0.493069844
   69.000000000     0.486648036
   70.000000000     0.480010589
   71.000000000     0.473094989
   72.000000000     0.465841713
   73.000000000     0.458193020
   74.000000000     0.450088922
   75.000000000     0.441477679
   76.000000000     0.432290235
   77.000000000     0.422474026
   78.000000000     0.411981439
   79.000000000     0.400752827
   80.000000000     0.388747901
   81.000000000     0.375920454
   82.000000000     0.362234929
   83.000000000     0.347654508
   84.000000000     0.332150921
   85.000000000     0.315699633
   86.000000000     0.298541703
   87.000000000     0.281377793
   88.000000000     0.264171928
   89.000000000     0.246803838
   90.000000000     0.229115094
   91.000000000     0.210907118
   92.000000000     0.191934838
   93.000000000     0.171926717
   94.000000000     0.150601813
   95.000000000     0.127694893
   96.000000000     0.102986339
   97.000000000     0.076333265
   98.000000000     0.047684021
   99.000000000     0.017086748
  100.000000000    -0.015298506
  101.000000000    -0.049215282
  102.000000000    -0.084341219
  103.000000000    -0.120301269
  104.000000000    -0.156698910
  105.000000000    -0.193140748
  106.000000000    -0.229248935
  107.000000000    -0.264679849
  108.000000000    -0.299109821
  109.000000000    -0.332729814
  110.000000000    -0.366438048
  111.000000000    -0.400221768
  112.000000000    -0.434014206
  113.000000000    -0.467744956
  114.000000000    -0.501347724
  115.000000000    -0.534748040
  116.000000000    -0.567870680
  117.000000000    -0.600643591
  118.000000000    -0.632995324
  119.000000000    -0.664844887
  120.000000000    -0.696119719
  121.000000000    -0.726744779
  122.000000000    -0.756642760
  123.000000000    -0.785736591
  124.000000000    -0.813944438
  125.000000000    -0.841191208
  126.000000000    -0.867391046
  127.000000000    -0.892486574
  128.000000000    -0.916404409
  129.000000000    -0.939078092
  130.000000000    -0.960434534
  131.000000000    -0.980411880
  132.000000000    -0.998948751
  133.000000000    -1.015984463
  134.000000000    -1.031459075
  135.000000000    -1.045319503
  136.000000000    -1.057511073
  137.000000000    -1.067994070
  138.000000000    -1.076722787
  139.000000000    -1.083655430
  140.000000000    -1.088764042
  141.000000000    -1.092015041
  142.000000000    -1.093382864
  143.000000000    -1.092848457
  144.000000000    -1.090377019
  145.000000000    -1.085979073
  146.000000000    -1.079651488
  147.000000000    -1.071394372
  148.000000000    -1.061202878
  149.000000000    -1.049095551
  150.000000000    -1.035088978
  151.000000000    -1.019195969
  152.000000000    -1.001448491
  153.000000000    -0.981877120
  154.000000000    -0.960514936
  155.000000000    -0.937399959
  156.000000000    -0.912560203
  157.000000000    -0.886053605
  158.000000000    -0.857920319
  159.000000000    -0.828219250
  160.000000000    -0.797008979
  161.000000000    -0.764343168
  162.000000000    -0.730283311
  163.000000000    -0.694896482
  164.000000000    -0.658236927
  165.000000000    -0.620361060
  166.000000000    -0.581356548
  167.000000000    -0.541292511
  168.000000000    -0.500197956
  169.000000000    -0.458183149
  170.000000000    -0.415326207
  171.000000000    -0.371699999
  172.000000000    -0.327373425
  173.000000000    -0.282394464
  174.000000000    -0.236873901
  175.000000000    -0.190888688
  176.000000000    -0.144512009
  177.000000000    -0.097815146
  178.000000000    -0.050902273
  179.000000000    -0.003860153
  180.000000000     0.043224317
  181.000000000     0.090258994
  182.000000000     0.137151579
  183.000000000     0.183807592
  184.000000000     0.230130659
  185.000000000     0.276029680
  186.000000000     0.321401764
  187.000000000     0.366143932
  188.000000000     0.410156264
  189.000000000     0.453339701
  190.000000000     0.495600202
  191.000000000     0.536846155
  192.000000000     0.576981727
  193.000000000     0.615916441
  194.000000000     0.653566248
  195.000000000     0.689854332
  196.000000000     0.724709918
  197.000000000     0.758071472
  198.000000000     0.789882715
  199.000000000     0.820095014
  200.000000000     0.848669791
  201.000000000     0.875579533
  202.000000000     0.900801938
  203.000000000     0.924321406
  204.000000000     0.946143522
  205.000000000     0.966264591
  206.000000000     0.984694644
  207.000000000     1.001456140
  208.000000000     1.016563586
  209.000000000     1.030042727
  210.000000000     1.041927960
  211.000000000     1.052263630
  212.000000000     1.061091833
  213.000000000     1.068448493
  214.000000000     1.074384453
  215.000000000     1.078947472
  216.000000000     1.082190961
  217.000000000     1.084171550
  218.000000000     1.084945615
  219.000000000     1.084572129
  220.000000000     1.083116265
  221.000000000     1.080644617
  222.000000000     1.077223367
  223.000000000     1.072921114
  224.000000000     1.067813866
  225.000000000     1.061977376
  226.000000000     1.055488024
  227.000000000     1.048424513
  228.000000000     1.040867504
  229.000000000     1.032896345
  230.000000000     1.024592055
  231.000000000     1.016263525
  232.000000000     1.008979858
  233.000000000     1.002859339
  234.000000000     0.997891686
  235.000000000     0.994045966
  236.000000000     0.991269066
  237.000000000     0.989470818
  238.000000000     0.988521605
  239.000000000     0.988251742
  240.000000000     0.988457467
  241.000000000     0.988911155
  242.000000000     0.989369622
  243.000000000     0.989596924
  244.000000000     0.989377138
  245.000000000     0.988528925
  246.000000000     0.986935171
  247.000000000     0.984553715
  248.000000000     0.981412085
  249.000000000     0.977611518
  250.000000000     0.973329217
  251.000000000     0.968802112
  252.000000000     0.964310653
  253.000000000     0.960162750
  254.000000000     0.956671483
  255.000000000     0.954139731
  256.000000000     0.952844487
  257.000000000     0.953040313
  258.000000000     0.954924176
  259.000000000     0.958647538
  260.000000000     0.964319003
  261.000000000     0.972001656
  262.000000000     0.981726828
  263.000000000     0.993501145
  264.000000000     1.007314399
  265.000000000     1.022781417
  266.000000000     1.039276989
  267.000000000     1.056763775
  268.000000000     1.075206653
  269.000000000     1.094559834
  270.000000000     1.114778102
  271.000000000     1.135808793
  272.000000000     1.157587973
  273.000000000     1.180050419
  274.000000000     1.203136005
  275.000000000     1.226762186
  276.000000000     1.250847981
  277.000000000     1.275307132
  278.000000000     1.300051485
  279.000000000     1.324990734
  280.000000000     1.350032092
  281.000000000     1.375085246
  282.000000000     1.400043503
  283.000000000     1.424799037
  284.000000000     1.449246607
  285.000000000     1.473280342
  286.000000000     1.496792899
  287.000000000     1.519675692
  288.000000000     1.541818891
  289.000000000     1.563115664
  290.000000000     1.583459611
  291.000000000     1.602744538
  292.000000000     1.620878195
  293.000000000     1.637754037
  294.000000000     1.653262958
  295.000000000     1.667308732
  296.000000000     1.679800440
  297.000000000     1.690652826
  298.000000000     1.699786418
  299.000000000     1.707129021
  300.000000000     1.712616099
  301.000000000     1.716192102
  302.000000000     1.717811909
  303.000000000     1.717439289
  304.000000000     1.715048126
  305.000000000     1.710624586
  306.000000000     1.704170594
  307.000000000     1.695686740
  308.000000000     1.685189600
  309.000000000     1.672710284
  310.000000000     1.658285697
  311.000000000     1.641955900
  312.000000000     1.623777353
  313.000000000     1.603806773
  314.000000000     1.582108511
  315.000000000     1.558758406
  316.000000000     1.533825151
  317.000000000     1.507381609
  318.000000000     1.479507006
  319.000000000     1.450290298
  320.000000000     1.419803060
  321.000000000     1.388121481
  322.000000000     1.355324174
  323.000000000     1.321490038
  324.000000000     1.286697540
  325.000000000     1.251026778
  326.000000000     1.214546993
  327.000000000     1.177333904
  328.000000000     1.139468361
  329.000000000     1.101033406
  330.000000000     1.062092546
  331.000000000     1.022722372
  332.000000000     0.983001048
  333.000000000     0.943012488
  334.000000000     0.902837481
  335.000000000     0.862561332
  336.000000000     0.822258580
  337.000000000     0.782014514
  338.000000000     0.741914307
  339.000000000     0.702054361
  340.000000000     0.662508784
  341.000000000     0.623365479
  342.000000000     0.584710264
  343.000000000     0.546627777
  344.000000000     0.509205036
  345.000000000     0.472521997
  346.000000000     0.436662573
  347.000000000     0.401709304
  348.000000000     0.367742544
  349.000000000     0.334845053
  350.000000000     0.303100662
  351.000000000     0.272570066
  352.000000000     0.243328960
  353.000000000     0.215451739
  354.000000000     0.188996496
  355.000000000     0.164026695
  356.000000000     0.140602277
  357.000000000     0.118778686
  358.000000000     0.098615710
  359.000000000     0.080160000
  360.000000000     0.063444637
  361.000000000     0.048505872
  362.000000000     0.035373955
  363.000000000     0.024076951
  364.000000000     0.014631848
  365.000000000     0.007045571
  366.000000000     0.001330340
  367.000000000    -0.002526212
  368.000000000    -0.004537504
  369.000000000    -0.004721717
  370.000000000    -0.003097046
  371.000000000     0.000315413
  372.000000000     0.005455132
  373.000000000     0.012277322
  374.000000000     0.020727173
  375.000000000     0.030744526
  376.000000000     0.042267919
  377.000000000     0.055225858
  378.000000000     0.069545608
  379.000000000     0.085152037
  380.000000000     0.101969882
  381.000000000     0.119914385
  382.000000000     0.138901797
  383.000000000     0.158845637
  384.000000000     0.179658368
  385.000000000     0.201252275
  386.000000000     0.223540554
  387.000000000     0.246446842
  388.000000000     0.269879101
  389.000000000     0.293746562
  390.000000000     0.317959894
  391.000000000     0.342431466
  392.000000000     0.367074243
  393.000000000     0.391802288
  394.000000000     0.416529936
  395.000000000     0.441171742
  396.000000000     0.465651953
  397.000000000     0.489876933
  398.000000000     0.513759825
  399.000000000     0.537215291
  400.000000000     0.560160777
  401.000000000     0.582509114
  402.000000000     0.604172553
  403.000000000     0.625066084
  404.000000000     0.645103767
  405.000000000     0.664202041
  406.000000000     0.682278831
  407.000000000     0.699253621
  408.000000000     0.715052166
  409.000000000     0.729599412
  410.000000000     0.742826583
  411.000000000     0.754670069
  412.000000000     0.765072160
  413.000000000     0.773980481
  414.000000000     0.781360773
  415.000000000     0.787168824
  416.000000000     0.791367551
  417.000000000     0.793934397
  418.000000000     0.794851971
  419.000000000     0.794108076
  420.000000000     0.791700070
  421.000000000     0.787632687
  422.000000000     0.781915090
  423.000000000     0.774564342
  424.000000000     0.765605951
  425.000000000     0.755061483
  426.000000000     0.742973091
  427.000000000     0.729377375
  428.000000000     0.714305984
  429.000000000     0.697802826
  430.000000000     0.679917704
  431.000000000     0.660704263
  432.000000000     0.640220918
  433.000000000     0.618532553
  434.000000000     0.595703649
  435.000000000     0.571806576
  436.000000000     0.546916447
  437.000000000     0.521113560
  438.000000000     0.494477291
  439.000000000     0.467093915
  440.000000000     0.439054147
  441.000000000     0.410454343
  442.000000000     0.381392296
  443.000000000     0.351961434
  444.000000000     0.322252961
  445.000000000     0.292363329
  446.000000000     0.262389118
  447.000000000     0.232427089
  448.000000000     0.202575823
  449.000000000     0.172930525
  450.000000000     0.143576556
  451.000000000     0.114605927
  452.000000000     0.086104726
  453.000000000     0.058147384
  454.000000000     0.030811313
  455.000000000     0.004172323
  456.000000000    -0.021691621
  457.000000000    -0.046720164
  458.000000000    -0.070843835
  459.000000000    -0.094013062
  460.000000000    -0.116174028
  461.000000000    -0.137274478
  462.000000000    -0.157266147
  463.000000000    -0.176104075
  464.000000000    -0.193747140
  465.000000000    -0.210157420
  466.000000000    -0.225300545
  467.000000000    -0.239144618
  468.000000000    -0.251662252
  469.000000000    -0.262831437
  470.000000000    -0.272629810
  471.000000000    -0.281043588
  472.000000000    -0.288062431
  473.000000000    -0.293679156
  474.000000000    -0.297889711
  475.000000000    -0.300696172
  476.000000000    -0.302103238
  477.000000000    -0.302120877
  478.000000000    -0.300752312
  479.000000000    -0.298012533
  480.000000000    -0.293936835
  481.000000000    -0.288553304
  482.000000000    -0.281889911
  483.000000000    -0.273980157
  484.000000000    -0.264861231
  485.000000000    -0.254575886
  486.000000000    -0.243168645
  487.000000000    -0.230689936
  488.000000000    -0.217188301
  489.000000000    -0.202723360
  490.000000000    -0.187356520
  491.000000000    -0.171149577
  492.000000000    -0.154168862
  493.000000000    -0.136474971
  494.000000000    -0.118144740
  495.000000000    -0.099256832
  496.000000000    -0.079888086
  497.000000000    -0.060112020
  498.000000000    -0.040008592
  499.000000000    -0.019660343
