    0.000000000   300.000000000
    1.000000000   300.002853873
    2.000000000   299.705800954
    3.000000000   299.112891133
    4.000000000   298.231533357
    5.000000000   297.072374567
    6.000000000   295.649136087
    7.000000000   293.978406590
    8.000000000   292.079401919
    9.000000000   289.973671198
   10.000000000   287.684743425
   11.000000000   285.237744199
   12.000000000   282.658979961
   13.000000000   279.975496054
   14.000000000   277.214612136
   15.000000000   274.403451768
   16.000000000   271.568476448
   17.000000000   268.735030139
   18.000000000   265.926914244
   19.000000000   263.165998261
   20.000000000   260.471878341
   21.000000000   257.861595759
   22.000000000   255.349421773
   23.000000000   252.946714210
   24.000000000   250.661853777
   25.000000000   248.500240425
   26.000000000   246.464360060
   27.000000000   244.553924411
   28.000000000   242.766057404
   29.000000000   241.095529965
   30.000000000   239.535025928
   31.000000000   238.075430592
   32.000000000   236.706130309
   33.000000000   235.415316534
   34.000000000   234.190293104
   35.000000000   233.017772785
   36.000000000   231.884146484
   37.000000000   230.775728587
   38.000000000   229.678993282
   39.000000000   228.580799864
   40.000000000   227.468583296
   41.000000000   226.330513675
   42.000000000   225.155644096
   43.000000000   223.934039242
   44.000000000   222.656887070
   45.000000000   221.316600095
   46.000000000   219.906900511
   47.000000000   218.422888776
   48.000000000   216.861102445
   49.000000000   215.219564290
   50.000000000   213.497817689
   51.000000000   211.696952054
   52.000000000   209.819612041
   53.000000000   207.869992527
   54.000000000   205.853816579
   55.000000000   203.778291044
   56.000000000   201.652035583
   57.000000000   199.485007669
   58.000000000   197.288399778
   59.000000000   195.074497501
   60.000000000   192.856523339
   61.000000000   190.648450490
   62.000000000   188.464794611
   63.000000000   186.320382427
   64.000000000   184.230110085
   65.000000000   182.208694064
   66.000000000   180.270409550
   67.000000000   178.428839076
   68.000000000   176.696630329
   69.000000000   175.085263850
   70.000000000   173.604847566
   71.000000000   172.263943799
   72.000000000   171.069428801
   73.000000000   170.026396190
   74.000000000   169.138094340
   75.000000000   168.405895315
   76.000000000   167.829299095
   77.000000000   167.405970107
   78.000000000   167.131807316
   79.000000000   167.001033903
   80.000000000   167.006302169
   81.000000000   167.138821591
   82.000000000   167.388502057
   83.000000000   167.744100385
   84.000000000   168.193378200
   85.000000000   168.723266558
   86.000000000   169.319645882
   87.000000000   169.966527974
   88.000000000   170.646924520
   89.000000000   171.344529671
   90.000000000   172.044302755
   91.000000000   172.732936935
   92.000000000   173.399202911
   93.000000000   174.034064762
   94.000000000   174.630495379
   95.000000000   175.183008301
   96.000000000   175.686986884
   97.000000000   176.137961189
   98.000000000   176.531019793
   99.000000000   176.860517582
  100.000000000   177.120169559
  101.000000000   177.303520510
  102.000000000   177.404670130
  103.000000000   177.419086930
  104.000000000   177.344333706
  105.000000000   177.180563861
  106.000000000   176.930734080
  107.000000000   176.600556229
  108.000000000   176.198276255
  109.000000000   175.733548781
  110.000000000   175.214839184
  111.000000000   174.649129166
  112.000000000   174.043299001
  113.000000000   173.404036183
  114.000000000   172.737710042
  115.000000000   172.050273530
  116.000000000   171.347197974
  117.000000000   170.633434961
  118.000000000   169.913396170
  119.000000000   169.190950278
  120.000000000   168.469446008
  121.000000000   167.751747486
  122.000000000   167.040267356
  123.000000000   166.337000684
  124.000000000   165.643557256
  125.000000000   164.961189623
  126.000000000   164.290816306
  127.000000000   163.633051759
  128.000000000   162.988230129
  129.000000000   162.356423654
  130.000000000   161.737463910
  131.000000000   161.130963576
  132.000000000   160.536345024
  133.000000000   159.952876235
  134.000000000   159.379711853
  135.000000000   158.815933381
  136.000000000   158.260600920
  137.000000000   157.712816799
  138.000000000   157.171791342
  139.000000000   156.636909229
  140.000000000   156.107797290
  141.000000000   155.584396205
  142.000000000   155.067022520
  143.000000000   154.556412271
  144.000000000   154.053774396
  145.000000000   153.560832980
  146.000000000   153.079838860
  147.000000000   152.613568589
  148.000000000   152.165306084
  149.000000000   151.738791982
  150.000000000   151.338150374
  151.000000000   150.967800404
  152.000000000   150.632339847
  153.000000000   150.336408668
  154.000000000   150.084534690
  155.000000000   149.880968993
  156.000000000   149.729510909
  157.000000000   149.633345692
  158.000000000   149.594894516
  159.000000000   149.615665027
  160.000000000   149.696125914
  161.000000000   149.835627562
  162.000000000   150.032365702
  163.000000000   150.283376253
  164.000000000   150.584577219
  165.000000000   150.930857106
  166.000000000   151.316184802
  167.000000000   151.733768364
  168.000000000   152.176268687
  169.000000000   152.635997638
  170.000000000   153.105127928
  171.000000000   153.575935055
  172.000000000   154.041032101
  173.000000000   154.493591663
  174.000000000   154.927544016
  175.000000000   155.337759748
  176.000000000   155.720200740
  177.000000000   156.072046431
  178.000000000   156.391800023
  179.000000000   156.679353373
  180.000000000   156.936015372
  181.000000000   157.164507525
  182.000000000   157.368930379
  183.000000000   157.554698975
  184.000000000   157.728447641
  185.000000000   157.897907865
  186.000000000   158.071756613
  187.000000000   158.259439436
  188.000000000   158.470973356
  189.000000000   158.716728359
  190.000000000   159.007192649
  191.000000000   159.352724140
  192.000000000   159.763292532
  193.000000000   160.248216918
  194.000000000   160.815905973
  195.000000000   161.473608050
  196.000000000   162.227175458
  197.000000000   163.080854241
  198.000000000   164.037105261
  199.000000000   165.096446260
  200.000000000   166.257343588
  201.000000000   167.516165445
  202.000000000   168.867181259
  203.000000000   170.302615554
  204.000000000   171.812760513
  205.000000000   173.386138311
  206.000000000   175.009707321
  207.000000000   176.669121079
  208.000000000   178.349015173
  209.000000000   180.033312510
  210.000000000   181.705548652
  211.000000000   183.349202128
  212.000000000   184.948013362
  213.000000000   186.486278396
  214.000000000   187.949120238
  215.000000000   189.322733373
  216.000000000   190.594588168
  217.000000000   191.753592149
  218.000000000   192.790212807
  219.000000000   193.696559816
  220.000000000   194.466428602
  221.000000000   195.095311243
  222.000000000   195.580375110
  223.000000000   195.920416609
  224.000000000   196.115797655
  225.000000000   196.168365541
  226.000000000   196.081360307
  227.000000000   195.859316728
  228.000000000   195.507965412
  229.000000000   195.034132551
  230.000000000   194.445642220
  231.000000000   193.751168366
  232.000000000   192.959921095
  233.000000000   192.081621283
  234.000000000   191.126674068
  235.000000000   190.106126023
  236.000000000   189.031603224
  237.000000000   187.915254652
  238.000000000   186.769688856
  239.000000000   185.607891401
  240.000000000   184.443114149
  241.000000000   183.288727421
  242.000000000   182.158029582
  243.000000000   181.064022433
  244.000000000   180.019136408
  245.000000000   179.034939936
  246.000000000   178.121861907
  247.000000000   177.288925845
  248.000000000   176.543522728
  249.000000000   175.891235755
  250.000000000   175.335733691
  251.000000000   174.878728953
  252.000000000   174.519997628
  253.000000000   174.257437540
  254.000000000   174.087162070
  255.000000000   174.003628642
  256.000000000   173.999778929
  257.000000000   174.067187491
  258.000000000   174.196226992
  259.000000000   174.376255182
  260.000000000   174.595800608
  261.000000000   174.842757832
  262.000000000   175.104608173
  263.000000000   175.368649587
  264.000000000   175.622231570
  265.000000000   175.852918053
  266.000000000   176.048597704
  267.000000000   176.197785714
  268.000000000   176.289951059
  269.000000000   176.315693740
  270.000000000   176.266907807
  271.000000000   176.136921878
  272.000000000   175.920623519
  273.000000000   175.614559853
  274.000000000   175.217013443
  275.000000000   174.728051195
  276.000000000   174.149545375
  277.000000000   173.485175048
  278.000000000   172.740400672
  279.000000000   171.922415865
  280.000000000   171.040065693
  281.000000000   170.103735595
  282.000000000   169.125203933
  283.000000000   168.117462892
  284.000000000   167.094517692
  285.000000000   166.071155773
  286.000000000   165.062689780
  287.000000000   164.084680295
  288.000000000   163.152644254
  289.000000000   162.281756105
  290.000000000   161.486549694
  291.000000000   160.780627916
  292.000000000   160.176394797
  293.000000000   159.684801476
  294.000000000   159.315120950
  295.000000000   159.074774277
  296.000000000   158.969195675
  297.000000000   159.001740618
  298.000000000   159.173638962
  299.000000000   159.483992385
  300.000000000   159.929815011
  301.000000000   160.506112675
  302.000000000   161.205996371
  303.000000000   162.020825224
  304.000000000   162.940374143
  305.000000000   163.953022086
  306.000000000   165.045956421
  307.000000000   166.205389667
  308.000000000   167.416785024
  309.000000000   168.665083853
  310.000000000   169.934937470
  311.000000000   171.210943208
  312.000000000   172.477874240
  313.000000000   173.720899885
  314.000000000   174.925801439
  315.000000000   176.079178483
  316.000000000   177.168638844
  317.000000000   178.182968572
  318.000000000   179.112284433
  319.000000000   179.948166415
  320.000000000   180.683767870
  321.000000000   181.313904840
  322.000000000   181.835117244
  323.000000000   182.245697755
  324.000000000   182.545696694
  325.000000000   182.736904196
  326.000000000   182.822806114
  327.000000000   182.808514274
  328.000000000   182.700668021
  329.000000000   182.507313068
  330.000000000   182.237753326
  331.000000000   181.902378901
  332.000000000   181.512475303
  333.000000000   181.080010009
  334.000000000   180.617399700
  335.000000000   180.137263048
  336.000000000   179.652166974
  337.000000000   179.174371708
  338.000000000   178.715561734
  339.000000000   178.286588113
  340.000000000   177.897234956
  341.000000000   177.556006993
  342.000000000   177.269949377
  343.000000000   177.044502545
  344.000000000   176.883395353
  345.000000000   176.788593468
  346.000000000   176.760295888
  347.000000000   176.796966893
  348.000000000   176.895417578
  349.000000000   177.050928789
  350.000000000   177.257408181
  351.000000000   177.507573137
  352.000000000   177.793156062
  353.000000000   178.105129359
  354.000000000   178.433931433
  355.000000000   178.769692736
  356.000000000   179.102461069
  357.000000000   179.422414234
  358.000000000   179.720058672
  359.000000000   179.986414042
  360.000000000   180.213190413
  361.000000000   180.392939252
  362.000000000   180.519177095
  363.000000000   180.586494343
  364.000000000   180.590642568
  365.000000000   180.528600581
  366.000000000   180.398620713
  367.000000000   180.200251748
  368.000000000   179.934339107
  369.000000000   179.603004027
  370.000000000   179.209604932
  371.000000000   178.758668580
  372.000000000   178.255787637
  373.000000000   177.707504380
  374.000000000   177.121176533
  375.000000000   176.504816583
  376.000000000   175.866909729
  377.000000000   175.216216218
  378.000000000   174.561560846
  379.000000000   173.911614571
  380.000000000   173.274672613
  381.000000000   172.658439768
  382.000000000   172.069831717
  383.000000000   171.514792308
  384.000000000   170.998136436
  385.000000000   170.523428417
  386.000000000   170.092899804
  387.000000000   169.707410116
  388.000000000   169.366448242
  389.000000000   169.068177632
  390.000000000   168.809524443
  391.000000000   168.586300778
  392.000000000   168.393359915
  393.000000000   168.224776717
  394.000000000   168.074045025
  395.000000000   167.934284593
  396.000000000   167.798453108
  397.000000000   167.659547092
  398.000000000   167.510790788
  399.000000000   167.345815025
  400.000000000   167.158813110
  401.000000000   166.944670323
  402.000000000   166.699069030
  403.000000000   166.418568643
  404.000000000   166.100656348
  405.000000000   165.743772553
  406.000000000   165.347313045
  407.000000000   164.911609946
  408.000000000   164.437895341
  409.000000000   163.928249793
  410.000000000   163.385539612
  411.000000000   162.813347299
  412.000000000   162.215897624
  413.000000000   161.597983344
  414.000000000   160.964894115
  415.000000000   160.322345537
  416.000000000   159.676410968
  417.000000000   159.033457518
  418.000000000   158.400091550
  419.000000000   157.783099146
  420.000000000   157.189376792
  421.000000000   156.625867269
  422.000000000   156.099476623
  423.000000000   155.616974792
  424.000000000   155.184892996
  425.000000000   154.809400577
  426.000000000   154.496170862
  427.000000000   154.250231909
  428.000000000   154.075804436
  429.000000000   153.976148227
  430.000000000   153.953413472
  431.000000000   154.008504074
  432.000000000   154.140967786
  433.000000000   154.348914165
  434.000000000   154.628961327
  435.000000000   154.976232813
  436.000000000   155.384405559
  437.000000000   155.845804278
  438.000000000   156.351531992
  439.000000000   156.891641347
  440.000000000   157.455349839
  441.000000000   158.031278722
  442.000000000   158.607697755
  443.000000000   159.172787191
  444.000000000   159.714910979
  445.000000000   160.222869832
  446.000000000   160.686136564
  447.000000000   161.095070235
  448.000000000   161.441105015
  449.000000000   161.716910373
  450.000000000   161.916523806
  451.000000000   162.035453948
  452.000000000   162.070750608
  453.000000000   162.021045462
  454.000000000   161.886569597
  455.000000000   161.669149272
  456.000000000   161.372182308
  457.000000000   161.000590237
  458.000000000   160.560745363
  459.000000000   160.060390678
  460.000000000   159.508546892
  461.000000000   158.915399167
  462.000000000   158.292169578
  463.000000000   157.650973452
  464.000000000   157.004657724
  465.000000000   156.366622355
  466.000000000   155.750625322
  467.000000000   155.170569965
  468.000000000   154.640278360
  469.000000000   154.173251260
  470.000000000   153.782418154
  471.000000000   153.479880824
  472.000000000   153.276658303
  473.000000000   153.182449363
  474.000000000   153.205409269
  475.000000000   153.351939417
  476.000000000   153.626512972
  477.000000000   154.031545181
  478.000000000   154.567308364
  479.000000000   155.231891261
  480.000000000   156.021198805
  481.000000000   156.929008330
  482.000000000   157.947078059
  483.000000000   159.065294072
  484.000000000   160.271854086
  485.000000000   161.553477947
  486.000000000   162.895642057
  487.000000000   164.282829855
  488.000000000   165.698788841
  489.000000000   167.126789105
  490.000000000   168.549878076
  491.000000000   169.951128091
  492.000000000   171.313875350
  493.000000000   172.621945727
  494.000000000   173.859862679
  495.000000000   175.013042559
  496.000000000   176.067978424
  497.000000000   177.012412422
  498.000000000   177.835492126
  499.000000000   178.527911646
