296
      12.219991        0.000000        0.000000        0.000000       14.620911        0.000000       -2.565748        0.000000       13.745848
Al    7.866700000    8.186820000    5.945780000
Al    2.877320000    0.825526000    0.862384000
Al    1.789510000    6.278180000    7.841060000
Al    6.429430000   13.511300000   12.997300000
Al   10.887800000    7.214340000    6.982500000
Al    9.547550000   14.394900000   13.742800000
Al    4.856440000    7.337060000    7.047860000
Al    5.919220000   14.572100000    0.155292000
C   -0.622906000    5.799770000    9.354940000
C    8.818260000   12.773400000   11.351200000
C   10.304000000    8.479950000    4.367080000
C    0.526608000    1.317150000    2.513310000
C    5.260510000    9.495100000    5.286460000
C    5.323650000    2.416710000    1.460910000
C    4.358410000    4.929530000    8.626220000
C    3.910390000   11.939700000   12.585300000
C   -1.566920000    2.474660000   13.105200000
C    9.610380000    9.715370000    7.420670000
C   10.678600000   11.933600000    0.902521000
C    0.107502000    4.741810000    6.161980000
C    4.683570000   10.607700000    4.573350000
C    5.834550000    3.668480000    2.113740000
C    4.874850000    3.796790000    9.393870000
C    3.413620000   10.609100000   12.131800000
C    4.494670000   13.567200000    2.405070000
C    6.179810000    6.238160000    4.650850000
C    4.881130000    0.840503000   11.517800000
C    3.375780000    8.149180000    9.399610000
C   -1.273250000    4.880630000   10.315100000
C    9.263620000   12.035100000   10.152000000
C   10.852400000    9.366450000    3.308820000
C    0.084798800    2.020990000    3.689410000
C   -1.655490000    3.325840000   11.863300000
C    9.677620000   10.497700000    8.629140000
C   10.898100000   10.495400000    1.307080000
C   -0.026662800    3.576810000    5.262850000
C    4.376880000   12.439800000    3.300480000
C    6.027610000    5.485130000    3.392520000
C    5.019280000    2.024900000   10.687700000
C    3.228290000    9.101000000   10.506400000
C    5.342240000   11.465300000    3.664910000
C    5.337840000    4.231470000    3.257480000
C    4.091510000    2.917500000   10.156100000
C    4.129880000    9.865790000   11.173400000
C   -0.626490000    3.924420000   11.101700000
C    8.657980000   11.049900000    9.396940000
C   10.048200000    9.999980000    2.374970000
C    0.887811000    2.909310000    4.439290000
H    6.809840000    8.273130000    8.074230000
H    1.278670000   14.603600000   12.651500000
H    2.963540000    6.539400000    5.789250000
H    7.784820000   13.733000000    1.326500000
H    8.749170000    6.070670000    7.060110000
H    1.904510000   13.226900000    0.500577000
H    0.818312000    8.213240000    6.610340000
H    9.906350000    0.676182000    0.436973000
H    2.293110000   12.577800000    3.888000000
H    7.813390000    6.120570000    2.370250000
H    7.006690000    1.633080000   10.038700000
H    1.251720000    9.434960000   10.450600000
H    8.613800000    3.108820000   11.159000000
H   -0.743994000   10.153400000    9.519660000
H    0.796205000   10.895000000    1.455330000
H   10.133600000    3.230890000    5.674550000
H    6.475760000   11.533800000    3.526530000
H    4.580080000    3.832430000    3.948650000
H    3.028420000    2.967170000   10.424000000
H    5.245320000    9.914710000   11.028900000
H    0.482966000    3.827020000   11.137600000
H    7.636350000   10.639600000    9.575570000
H    8.979590000    9.870100000    2.334290000
H    1.919890000    3.212730000    4.265680000
H    1.761230000   12.652600000    8.643970000
H    0.472784000   13.364900000    8.597530000
H    7.666750000   13.066100000    7.746280000
H    7.979670000   11.694600000    7.041900000
H    0.831115000    8.153330000    2.402620000
H    1.315050000    6.728530000    2.840010000
H    8.353140000    7.007240000    8.957920000
H    8.567910000    6.263910000   10.333600000
H    5.907520000    7.911280000   11.860800000
H    6.175020000    6.309150000   11.979600000
H    9.565140000   14.077300000    3.903920000
H    9.863750000   12.567700000    4.120820000
H    0.840813000    2.290300000    9.366650000
H   -0.180410000    0.977622000    8.259000000
H    3.502060000    1.001610000    5.825100000
H    3.997160000    2.307550000    6.521070000
H    1.220160000    6.819420000   12.801200000
H    2.901480000    8.239320000    0.425732000
H   -1.282080000   14.130500000    7.979480000
H   -0.456303000    0.293367000    9.610950000
H    0.639056000    1.505910000    6.341520000
H    1.956020000    1.487770000    7.095530000
H    7.680640000    8.369090000   10.888200000
H    7.478960000    9.273950000   12.228400000
H    2.415480000   11.330200000    6.553160000
H    1.828780000   12.858100000    6.639160000
H    8.668580000    2.006570000    8.379630000
H    9.904730000    1.520200000    9.029560000
H    3.743690000   13.166100000    9.356640000
H    3.392240000   11.712300000    8.823430000
H    0.822886000    1.393840000   10.722000000
H   -1.133630000    0.492445000   11.337200000
H    4.420300000    8.509970000    0.404182000
H    5.378260000    7.082740000   13.268100000
H    7.234280000    3.925800000    6.552080000
H    6.244420000    2.766190000    6.806210000
H   -0.858289000   13.335200000    6.593150000
H    9.774090000   13.056500000    7.205700000
H   -1.627690000    8.611540000   11.692800000
H   -1.766580000    7.376310000   10.618500000
H   -1.860640000   11.100800000   12.184700000
H    9.614820000    9.993030000   13.018100000
H    6.099270000    4.342340000   12.635000000
H    7.499180000    4.057000000   11.905000000
H    5.759780000   12.618600000    9.204110000
H    6.832000000   13.460400000    9.893220000
H    2.284240000    1.157750000    4.270980000
H    2.981500000   14.485200000    3.858610000
H    8.506830000    2.083420000    0.774084000
H    9.090520000    1.383170000    2.000620000
H   10.896100000    5.741320000    4.044790000
H   11.053000000    5.504460000    2.458540000
H    6.511290000   10.233800000    0.885830000
H    7.863010000   10.849900000    0.429080000
H   -0.055930800   10.207200000   12.346100000
H   10.699200000    8.746350000    0.382540000
H    7.261820000    6.339780000    1.958620000
H    7.327740000    8.048400000    1.543070000
H    4.295690000    6.466020000   11.831300000
H    2.781580000    6.485230000   11.400200000
H    5.339590000    0.558499000    4.543650000
H    5.966770000    1.960450000    5.049590000
H   -2.065000000    5.343230000   13.715400000
H    9.421970000    3.804500000    1.264770000
H    0.259976000   11.767400000    5.351520000
H    0.295565000   10.225400000    4.800930000
H    8.926560000    3.723130000    4.539680000
H    8.482310000    3.841060000    3.075010000
H    5.602390000   11.381100000    7.884970000
H    5.266130000    9.932580000    8.373990000
H    0.833954000   12.662500000   10.807400000
H   -0.107064000   13.893600000   11.565600000
H    4.726550000    9.798050000    2.148020000
H    4.264130000   10.810100000    1.086070000
H    8.664820000    4.251210000    8.649270000
H    9.204410000    3.916790000    7.245740000
H    2.532270000   11.241900000    0.401498000
H    1.450700000   10.489700000   12.828400000
H   -0.426100000   13.462900000    4.625850000
H    1.078900000   13.986500000    4.909700000
H   11.903000000    3.949730000    0.959186000
H    8.837300000    1.900030000   13.194900000
H    7.680330000   12.994800000    5.390220000
H    6.201020000   13.133600000    5.376530000
H    0.692344000    6.708460000    0.769446000
H    0.894409000    5.408320000   13.149700000
H    1.664510000   12.588000000   12.179600000
H    2.586880000   11.839400000    1.845470000
H    2.664640000    4.553110000   12.293200000
H    3.821860000    3.943130000   13.265900000
H    2.504390000    0.800720000    9.421150000
H    3.503960000    0.806372000    8.217140000
H    9.378820000   10.519300000    4.519750000
H   10.659200000   11.097500000    5.177540000
H    6.150630000    0.072738100    8.320310000
H    5.283690000    1.065960000    7.440120000
H    7.550650000    0.144580000    4.385780000
H    8.238710000    1.557500000    4.085770000
H    3.411400000    8.598330000    3.154140000
H    4.145480000    7.652420000    2.272880000
H    8.891530000    0.883181000    5.991250000
H    7.679290000    1.061980000    6.971110000
H    3.324910000    6.700460000    3.827890000
H    2.988040000    5.133960000    4.020110000
H    2.886200000    5.388670000    1.453280000
H    2.308220000    4.035520000    0.781718000
H   10.636200000    6.622400000    0.337049000
H   10.953500000    3.706850000    0.670858000
H    4.024770000   12.667100000    6.635770000
H    5.169680000   13.572100000    7.215230000
H    9.274830000    6.969600000    1.124580000
H   -1.646360000    7.105490000   12.258400000
N    3.380440000   10.980100000    4.694800000
N    6.737550000    4.445510000    1.508920000
N    6.166830000    3.492130000    9.362490000
N    2.118640000   10.146500000   12.133500000
N    3.171290000   12.022700000    3.856940000
N    6.842300000    5.573530000    2.282490000
N    6.210890000    2.306850000   10.112100000
N    2.011280000    9.220300000   11.097400000
N    9.359450000    3.822320000   11.369600000
N   -1.427360000   10.883800000    9.248440000
N   -0.038153100   10.358200000    1.884590000
N   10.994100000    2.912720000    5.135150000
N    9.604610000    4.814860000   10.420800000
N   -1.615070000   12.062800000    9.953090000
N   -0.007132500    9.560520000    2.997770000
N   11.036000000    1.966740000    4.159310000
O    6.461150000    9.179280000    5.000060000
O    4.072610000    2.203330000    1.460770000
O    3.097740000    5.064380000    8.620160000
O    5.136320000   12.277300000   12.418300000
O    6.661790000    7.802960000    7.239760000
O    1.633740000    0.263877000   13.512500000
O    3.053300000    6.854890000    6.700970000
O    7.714140000   14.270400000    0.509689000
O    0.623897000    5.671710000    9.115590000
O    7.559050000   12.719500000   11.604600000
O    9.025140000    8.520650000    4.557400000
O    1.711400000    1.507380000    2.191080000
O    9.120800000    6.981270000    6.871050000
O    1.671320000   14.195200000    0.242829000
O    0.454173000    7.501500000    7.156880000
O    7.754470000    0.039058600   13.549200000
O   -0.362192000    2.168130000   13.501300000
O    8.489840000    9.753020000    6.796110000
O    9.490320000   12.217600000    0.588157000
O    1.275650000    4.934060000    6.665480000
O    0.367033000    3.252890000    0.508631000
O   10.647600000    9.059110000    7.114690000
O   11.664200000   12.720100000    0.851340000
O   -0.916270000    5.405370000    6.469160000
O    3.316770000   14.173300000    2.168740000
O    7.404740000    6.572740000    4.933000000
O    5.921720000    0.094630700   11.631900000
O    2.327520000    7.510970000    9.182180000
O    4.521610000    8.949670000    6.190380000
O    6.252750000    1.694640000    0.944256000
O    5.141040000    5.663210000    7.992710000
O    3.075050000   12.705000000   13.180000000
O    5.541960000   13.886100000    1.853270000
O    5.243990000    6.575380000    5.409120000
O    3.728220000    0.650074000   12.023000000
O    4.505070000    8.116340000    8.790460000
O   -1.383250000    6.633870000    8.773060000
O    9.688430000   13.354100000   12.059000000
O   11.000900000    7.648870000    4.996010000
O   -0.194569000    0.501799000    1.872130000
O    1.096890000   13.077500000    9.255740000
O    8.148500000   12.661200000    7.009750000
O    1.479840000    7.423730000    2.205740000
O    8.117470000    7.072390000    9.926790000
O    5.539900000    7.026200000   12.244000000
O   10.249200000   13.401800000    3.637390000
O    1.441820000    1.891650000   10.067600000
O    3.813360000    1.370420000    6.707720000
O    1.098480000    5.968050000   12.347600000
O   -0.942564000    0.718646000    8.855150000
O    1.009630000    1.231470000    7.211050000
O    7.080540000    9.081170000   11.340300000
O    2.432030000   12.154800000    7.048500000
O    9.128040000    2.091110000    9.269220000
O    3.919260000   12.184000000    9.541190000
O   -0.218770000    0.241808000   11.292700000
O    3.740540000    7.762750000    0.509907000
O    6.430560000    3.505070000    6.155300000
O   10.757700000   13.256900000    7.402010000
O   -1.327100000    7.673010000   11.462800000
O   -2.001440000   10.186400000   12.225900000
O    6.705600000    4.624100000   11.862900000
O    6.494920000   13.253800000    8.972160000
O    2.507220000    0.273328000    4.625500000
O    9.342810000    1.941810000    1.220900000
O   11.527700000    5.504260000    3.332890000
O    7.494800000   10.002000000    0.801009000
O   10.806000000    9.665420000    0.118102000
O    7.599150000    7.087670000    1.376470000
O    3.529970000    5.888350000   11.425800000
O    5.713190000    1.411770000    4.243540000
O    7.659720000    4.013650000    0.134389000
O    0.037491100   10.803800000    5.568330000
O    8.439860000    3.230500000    3.844590000
O    6.018980000   10.551700000    8.253500000
O    0.737769000   12.564100000   11.858300000
O    4.921000000   10.114100000    1.257720000
O    8.516010000    4.470580000    7.663500000
O    0.587756000   10.059700000   13.097600000
O    0.359979000   13.323700000    5.189620000
O    9.728400000    1.454870000   12.854800000
O    6.962310000   13.165200000    4.729640000
O   -2.365050000    6.329020000   13.739600000
O    2.059250000   11.796700000    1.052710000
O    2.853880000    3.787330000   12.836900000
O    3.330890000    0.336400000    9.045590000
O    9.672820000   11.342200000    4.966270000
O    6.232730000    0.928392000    7.777280000
O    8.436310000    0.600306000    4.333310000
O    4.071640000    7.907960000    3.234950000
O    8.643390000    1.292230000    6.872270000
O    2.705260000    6.015770000    4.259670000
O    3.048100000    4.679330000    0.798672000
O   10.298600000    4.265490000    1.353080000
O    4.984700000   12.883600000    6.549390000
O   10.247200000    7.109730000    1.097100000
