128
      12.239000        0.000000        0.000000        0.000000       15.074000        0.000000       -2.809764        0.000000       13.358706
Al   10.749700000    7.480750000    6.639270000
Al   -0.001956940    0.005371090    0.049844200
Al    1.678120000    6.609680000    5.822870000
Al    7.781690000    8.425180000    7.637080000
Al    9.148350000   14.102000000    0.853001000
Al    0.249056000    1.040020000   12.554300000
Al    4.708270000    7.528740000    6.672970000
Al    3.321860000   15.065200000   13.307800000
C   11.584200000   12.541000000    1.404320000
C   -2.234990000    2.471050000   11.947600000
C   -0.831892000    5.069570000    5.223630000
C   10.185200000    9.910350000    8.322910000
C    0.178046000    8.621120000    4.298300000
C    9.308520000    6.557130000    9.038360000
C   10.619100000    1.081100000    2.189420000
C   -1.347870000   14.001800000   11.039200000
C    6.737510000   13.634000000    2.409030000
C    2.728230000    1.486810000   10.807200000
C    4.181880000    6.110960000    4.295060000
C    5.287830000    8.936580000    9.170640000
C    6.076480000   10.076000000    5.909080000
C    3.415230000    5.111760000    7.486200000
C    4.919310000    2.544970000    0.806362000
C    4.649270000   12.576400000   12.539500000
C   11.500800000   10.364600000    2.705750000
C   -2.129740000    4.606250000   10.533300000
C   -0.748964000    3.049710000    3.643740000
C   10.051800000   11.987000000    9.715290000
C    4.767250000   12.697600000    3.683930000
C    4.699920000    2.259170000    9.393160000
C    6.203000000    5.180500000    3.045820000
C    3.366460000   10.021600000   10.367000000
C    6.095960000   12.804200000    3.482810000
C    3.335000000    2.141030000    9.634170000
C    4.844170000    5.235680000    3.360140000
C    4.743890000    9.762850000   10.223500000
C   -0.042873400   11.405600000    2.081220000
C    9.462510000    3.747090000   11.410800000
C   10.868200000    3.890970000    4.527990000
C   -1.530050000   11.031100000    9.015150000
C    0.324436000    9.590460000    3.257910000
C    9.087180000    5.340000000    9.876470000
C   10.483300000    2.164860000    3.165440000
C   -1.162490000   12.882400000   10.159400000
C    6.858610000   11.934600000    4.326270000
C    2.623650000    3.020450000    8.747270000
C    4.138930000    4.348620000    2.527200000
C    5.448470000   10.539500000   11.165400000
C    1.546930000   10.026300000    2.739300000
C    7.863940000    4.915890000   10.373700000
C    9.308820000    2.427910000    3.833790000
C    0.046449200   12.542500000    9.633310000
C    5.906100000   11.188100000    4.942550000
C    3.573210000    3.918750000    8.322940000
C    5.071150000    3.701190000    1.750580000
C    4.509110000   11.406700000   11.694000000
H    0.635256000    7.920970000    7.574440000
H    8.900790000    8.498450000    5.554480000
H    7.351830000    0.058425900   12.194600000
H    2.169360000   14.709800000    0.926320000
H    2.846900000    8.787320000    6.058330000
H    6.717500000    6.312520000    7.028240000
H    8.189970000    1.175690000    0.149783000
H    1.360570000   13.917600000   12.723300000
H   10.426500000   10.113000000    2.597190000
H   -1.073500000    4.810860000   10.289500000
H    0.277817000    2.978770000    3.262400000
H    8.965800000   12.096100000    9.803070000
H    3.963180000   13.240400000    3.219650000
H    5.516780000    1.645030000    9.726840000
H    7.005540000    5.706430000    3.546150000
H    2.560380000    9.417510000    9.986970000
H    7.924170000   11.926300000    4.587140000
H    1.561040000    2.859180000    8.437920000
H    3.051970000    4.382040000    2.422470000
H    6.497360000   10.411100000   11.456700000
H    2.435520000    9.423480000    2.670380000
H    6.784350000    5.167500000   10.209800000
H    8.260960000    2.002870000    3.748850000
H    1.031420000   12.989800000    9.558230000
O    0.358651000    7.253610000    6.940670000
O    8.979230000    7.889070000    6.305070000
O    7.656710000   14.689100000   13.032400000
O    1.804350000    0.302873000    0.338593000
O    2.980340000    7.889830000    6.389450000
O    6.458930000    7.262560000    6.990880000
O    7.911350000    0.232496000    0.143403000
O    1.549340000   14.835100000   13.020200000
O    7.957140000   13.419100000    2.182150000
O    1.552440000    1.836010000   11.159000000
O    2.960480000    5.840620000    4.535440000
O    6.546110000    9.119880000    8.943110000
O   10.333100000   12.668900000    1.542800000
O   -0.969223000    2.369800000   11.967000000
O    0.364939000    5.294950000    5.018710000
O    8.957550000    9.722300000    8.451810000
O    1.252480000    7.937540000    4.526960000
O    8.252340000    7.288080000    8.970780000
O    9.635430000    0.284111000    2.095160000
O   -0.355083000   14.817400000   11.147700000
O    0.174418000   13.338700000    0.781559000
O    9.178210000    1.556640000   12.268000000
O   10.552400000    5.791630000    5.881480000
O   -1.279480000    9.175180000    7.633450000
O   -0.938141000    8.563950000    4.914790000
O   10.434500000    6.733830000    8.464110000
O   11.737500000    0.921071000    1.641720000
O   -2.428520000   14.085000000   11.653900000
O    7.244890000    9.896350000    6.305930000
O    2.232140000    5.490110000    7.261980000
O    3.704660000    2.329440000    0.425951000
O    5.864680000   12.782900000   12.940500000
O    4.958470000    9.492490000    6.210310000
O    4.477410000    5.681960000    7.021190000
O    5.947370000    1.839940000    0.524032000
O    3.575460000   13.202700000   12.865500000
O    5.969580000   14.505000000    1.849460000
O    3.464540000    0.596940000   11.367700000
O    4.881480000    7.028480000    4.809840000
O    4.486000000    8.187000000    8.553290000
O    1.323020000   11.228000000    2.097230000
O    8.091420000    4.020460000   11.469600000
O    9.534960000    3.550570000    4.666940000
O   -0.194619000   11.324700000    8.922420000
O    4.596270000   11.594200000    4.601450000
O    4.882660000    3.474280000    8.701160000
O    6.410540000    4.184580000    2.055260000
O    3.155700000   11.018400000   11.296000000
