    0.000000000     1.385108842
    1.000000000     1.383901280
    2.000000000     1.382283095
    3.000000000     1.380231320
    4.000000000     1.377722090
    5.000000000     1.374732558
    6.000000000     1.371239918
    7.000000000     1.367222222
    8.000000000     1.362657599
    9.000000000     1.357530549
   10.000000000     1.351818492
   11.000000000     1.345502695
   12.000000000     1.338567008
   13.000000000     1.330996512
   14.000000000     1.322777513
   15.000000000     1.313903190
   16.000000000     1.304371392
   17.000000000     1.294169398
   18.000000000     1.283295941
   19.000000000     1.271752351
   20.000000000     1.259538705
   21.000000000     1.246663101
   22.000000000     1.233133017
   23.000000000     1.218957370
   24.000000000     1.204157947
   25.000000000     1.188751053
   26.000000000     1.172743741
   27.000000000     1.156157467
   28.000000000     1.139013460
   29.000000000     1.121336419
   30.000000000     1.103152010
   31.000000000     1.084484649
   32.000000000     1.065368420
   33.000000000     1.045832406
   34.000000000     1.025906572
   35.000000000     1.005623031
   36.000000000     0.985015654
   37.000000000     0.964123010
   38.000000000     0.942970294
   39.000000000     0.921591004
   40.000000000     0.900018075
   41.000000000     0.878284474
   42.000000000     0.856421657
   43.000000000     0.834471689
   44.000000000     0.812459573
   45.000000000     0.790418438
   46.000000000     0.768375270
   47.000000000     0.746364476
   48.000000000     0.724416581
   49.000000000     0.702578448
   50.000000000     0.680859708
   51.000000000     0.659291211
   52.000000000     0.637902317
   53.000000000     0.616846054
   54.000000000     0.599525346
   55.000000000     0.587246590
   56.000000000     0.579509707
   57.000000000     0.575374789
   58.000000000     0.573393253
   59.000000000     0.571657794
   60.000000000     0.568017886
   61.000000000     0.560399245
   62.000000000     0.547185815
   63.000000000     0.527553857
   64.000000000     0.501637578
   65.000000000     0.470519101
   66.000000000     0.435994676
   67.000000000     0.400229833
   68.000000000     0.365392827
   69.000000000     0.333360028
   70.000000000     0.305558292
   71.000000000     0.282944360
   72.000000000     0.265882512
   73.000000000     0.250795875
   74.000000000     0.236304668
   75.000000000     0.222430697
   76.000000000     0.209175399
   77.000000000     0.196545837
   78.000000000     0.184548304
   79.000000000     0.173186331
   80.000000000     0.162461773
   81.000000000     0.152373409
   82.000000000     0.142916646
   83.000000000     0.134389393
   84.000000000     0.131528051
   85.000000000     0.135759245
   86.000000000     0.146602930
   87.000000000     0.163204069
   88.000000000     0.184253417
   89.000000000     0.207978400
   90.000000000     0.232209101
   91.000000000     0.254529359
   92.000000000     0.272515657
   93.000000000     0.284014743
   94.000000000     0.287422481
   95.000000000     0.281924070
   96.000000000     0.267597427
   97.000000000     0.245423388
   98.000000000     0.217143471
   99.000000000     0.185021316
  100.000000000     0.151558163
  101.000000000     0.119237981
  102.000000000     0.090295951
  103.000000000     0.066584331
  104.000000000     0.049548461
  105.000000000     0.040261742
  106.000000000     0.037693931
  107.000000000     0.035726018
  108.000000000     0.033788864
  109.000000000     0.031870458
  110.000000000     0.029945383
  111.000000000     0.027999429
  112.000000000     0.026017145
  113.000000000     0.023987760
  114.000000000     0.021920120
  115.000000000     0.019795676
  116.000000000     0.017609068
  117.000000000     0.015361532
  118.000000000     0.013057000
  119.000000000     0.010699112
  120.000000000     0.008294709
  121.000000000     0.005853440
  122.000000000     0.003387290
  123.000000000     0.000910160
  124.000000000    -0.001564029
  125.000000000    -0.004017545
  126.000000000    -0.006431627
  127.000000000    -0.008784544
  128.000000000    -0.011062592
  129.000000000    -0.013246494
  130.000000000    -0.015315618
  131.000000000    -0.017253852
  132.000000000    -0.019046185
  133.000000000    -0.020667618
  134.000000000    -0.022108563
  135.000000000    -0.023349652
  136.000000000    -0.024380910
  137.000000000    -0.025193247
  138.000000000    -0.025726876
  139.000000000    -0.025960829
  140.000000000    -0.025912437
  141.000000000    -0.025618110
  142.000000000    -0.025123211
  143.000000000    -0.024476805
  144.000000000    -0.023729262
  145.000000000    -0.022923207
  146.000000000    -0.022084307
  147.000000000    -0.021214576
  148.000000000    -0.020287859
  149.000000000    -0.019261496
  150.000000000    -0.018070535
  151.000000000    -0.016639275
  152.000000000    -0.014889471
  153.000000000    -0.012747949
  154.000000000    -0.010149836
  155.000000000    -0.007049522
  156.000000000    -0.003411306
  157.000000000     0.000797155
  158.000000000     0.005526337
  159.000000000     0.010776364
  160.000000000     0.016549486
  161.000000000     0.022853709
  162.000000000     0.029718682
  163.000000000     0.037110944
  164.000000000     0.045029422
  165.000000000     0.053468481
  166.000000000     0.062416892
  167.000000000     0.071864513
  168.000000000     0.081802469
  169.000000000     0.092229839
  170.000000000     0.103122585
  171.000000000     0.114462047
  172.000000000     0.126232727
  173.000000000     0.138414414
  174.000000000     0.150988098
  175.000000000     0.163933833
  176.000000000     0.177225234
  177.000000000     0.190842923
  178.000000000     0.204758401
  179.000000000     0.218951121
  180.000000000     0.233384170
  181.000000000     0.248024284
  182.000000000     0.262841615
  183.000000000     0.277802397
  184.000000000     0.292872355
  185.000000000     0.308021767
  186.000000000     0.323213213
  187.000000000     0.338407491
  188.000000000     0.353568675
  189.000000000     0.368664359
  190.000000000     0.383657969
  191.000000000     0.398512023
  192.000000000     0.413191866
  193.000000000     0.427663947
  194.000000000     0.441895556
  195.000000000     0.455856292
  196.000000000     0.469518059
  197.000000000     0.482852813
  198.000000000     0.495834800
  199.000000000     0.508444593
  200.000000000     0.520660012
  201.000000000     0.532461113
  202.000000000     0.543832349
  203.000000000     0.554761619
  204.000000000     0.565240264
  205.000000000     0.575263681
  206.000000000     0.584837606
  207.000000000     0.593959392
  208.000000000     0.602628591
  209.000000000     0.610886681
  210.000000000     0.618715419
  211.000000000     0.626119180
  212.000000000     0.633114184
  213.000000000     0.639713779
  214.000000000     0.645937439
  215.000000000     0.651813482
  216.000000000     0.657360673
  217.000000000     0.662608399
  218.000000000     0.667576717
  219.000000000     0.672289834
  220.000000000     0.676775827
  221.000000000     0.681063830
  222.000000000     0.685181857
  223.000000000     0.689163195
  224.000000000     0.693042525
  225.000000000     0.696849583
  226.000000000     0.700615651
  227.000000000     0.704375654
  228.000000000     0.708163798
  229.000000000     0.712011150
  230.000000000     0.715959446
  231.000000000     0.720043489
  232.000000000     0.724297064
  233.000000000     0.728744422
  234.000000000     0.733418291
  235.000000000     0.738361383
  236.000000000     0.743604278
  237.000000000     0.749173137
  238.000000000     0.755096314
  239.000000000     0.761395885
  240.000000000     0.768095880
  241.000000000     0.775217993
  242.000000000     0.782780883
  243.000000000     0.790800516
  244.000000000     0.799290469
  245.000000000     0.808262927
  246.000000000     0.817724510
  247.000000000     0.827676738
  248.000000000     0.838118256
  249.000000000     0.849048774
  250.000000000     0.860460945
  251.000000000     0.872340672
  252.000000000     0.884674205
  253.000000000     0.897444867
  254.000000000     0.910632690
  255.000000000     0.924230588
  256.000000000     0.938206133
  257.000000000     0.952522640
  258.000000000     0.967148571
  259.000000000     0.982051183
  260.000000000     0.997196173
  261.000000000     1.012545964
  262.000000000     1.028063427
  263.000000000     1.043708238
  264.000000000     1.059439253
  265.000000000     1.075214405
  266.000000000     1.090994438
  267.000000000     1.106733617
  268.000000000     1.122386804
  269.000000000     1.137915105
  270.000000000     1.153274933
  271.000000000     1.168419630
  272.000000000     1.183306061
  273.000000000     1.197898550
  274.000000000     1.212169071
  275.000000000     1.226065984
  276.000000000     1.239543416
  277.000000000     1.252581984
  278.000000000     1.265126640
  279.000000000     1.277140901
  280.000000000     1.288594061
  281.000000000     1.299458350
  282.000000000     1.309700914
  283.000000000     1.319293553
  284.000000000     1.328211781
  285.000000000     1.336434148
  286.000000000     1.343940746
  287.000000000     1.350714197
  288.000000000     1.356740274
  289.000000000     1.362007577
  290.000000000     1.366506961
  291.000000000     1.370231672
  292.000000000     1.373183047
  293.000000000     1.375358874
  294.000000000     1.376764015
  295.000000000     1.377404795
  296.000000000     1.377288304
  297.000000000     1.376426952
  298.000000000     1.374849159
  299.000000000     1.372569276
  300.000000000     1.369602641
  301.000000000     1.365986193
  302.000000000     1.361729302
  303.000000000     1.356862823
  304.000000000     1.351434463
  305.000000000     1.345474501
  306.000000000     1.339001958
  307.000000000     1.332052984
  308.000000000     1.324664828
  309.000000000     1.316876422
  310.000000000     1.308728231
  311.000000000     1.300267407
  312.000000000     1.291533658
  313.000000000     1.282560451
  314.000000000     1.273390119
  315.000000000     1.264081149
  316.000000000     1.254656722
  317.000000000     1.245154543
  318.000000000     1.235610055
  319.000000000     1.226059317
  320.000000000     1.216546964
  321.000000000     1.207097835
  322.000000000     1.197744788
  323.000000000     1.188521212
  324.000000000     1.179461499
  325.000000000     1.170587542
  326.000000000     1.161925104
  327.000000000     1.153504973
  328.000000000     1.145352577
  329.000000000     1.137484239
  330.000000000     1.129926899
  331.000000000     1.122695022
  332.000000000     1.115790645
  333.000000000     1.109229809
  334.000000000     1.103022258
  335.000000000     1.097181861
  336.000000000     1.091708930
  337.000000000     1.086601661
  338.000000000     1.081860599
  339.000000000     1.077485126
  340.000000000     1.073472995
  341.000000000     1.069818989
  342.000000000     1.066516420
  343.000000000     1.063559031
  344.000000000     1.060937610
  345.000000000     1.058637141
  346.000000000     1.056644589
  347.000000000     1.054947776
  348.000000000     1.053528940
  349.000000000     1.052375141
  350.000000000     1.051461189
  351.000000000     1.050770171
  352.000000000     1.050276799
  353.000000000     1.049970250
  354.000000000     1.049810635
  355.000000000     1.049770127
  356.000000000     1.049829370
  357.000000000     1.049958060
  358.000000000     1.050129457
  359.000000000     1.050305869
  360.000000000     1.050457716
  361.000000000     1.050551011
  362.000000000     1.050551909
  363.000000000     1.050427581
  364.000000000     1.050145711
  365.000000000     1.049673328
  366.000000000     1.048977302
  367.000000000     1.048025124
  368.000000000     1.046783828
  369.000000000     1.045230187
  370.000000000     1.043328487
  371.000000000     1.041044953
  372.000000000     1.038348209
  373.000000000     1.035211510
  374.000000000     1.031608822
  375.000000000     1.027522842
  376.000000000     1.022924486
  377.000000000     1.017795238
  378.000000000     1.012112958
  379.000000000     1.005860046
  380.000000000     0.999023932
  381.000000000     0.991596027
  382.000000000     0.983568776
  383.000000000     0.974935873
  384.000000000     0.965699562
  385.000000000     0.955862890
  386.000000000     0.945437333
  387.000000000     0.934422802
  388.000000000     0.922830371
  389.000000000     0.910674407
  390.000000000     0.897975883
  391.000000000     0.884763382
  392.000000000     0.871049135
  393.000000000     0.856859485
  394.000000000     0.842222904
  395.000000000     0.827166429
  396.000000000     0.811723756
  397.000000000     0.795929771
  398.000000000     0.779817937
  399.000000000     0.763423781
  400.000000000     0.746788879
  401.000000000     0.729949825
  402.000000000     0.712935942
  403.000000000     0.695782723
  404.000000000     0.678532693
  405.000000000     0.661208811
  406.000000000     0.643843989
  407.000000000     0.626469803
  408.000000000     0.609115945
  409.000000000     0.591812765
  410.000000000     0.574590148
  411.000000000     0.557472922
  412.000000000     0.540485812
  413.000000000     0.523653346
  414.000000000     0.507004580
  415.000000000     0.490556781
  416.000000000     0.474332660
  417.000000000     0.458353265
  418.000000000     0.442637788
  419.000000000     0.427207119
  420.000000000     0.412084809
  421.000000000     0.397292775
  422.000000000     0.382836375
  423.000000000     0.368732415
  424.000000000     0.354993198
  425.000000000     0.341632769
  426.000000000     0.328664189
  427.000000000     0.316095072
  428.000000000     0.303945469
  429.000000000     0.292214414
  430.000000000     0.280905772
  431.000000000     0.270025089
  432.000000000     0.259573144
  433.000000000     0.249551352
  434.000000000     0.239965205
  435.000000000     0.230810207
  436.000000000     0.222085982
  437.000000000     0.213789186
  438.000000000     0.205911036
  439.000000000     0.198445466
  440.000000000     0.191395020
  441.000000000     0.184741627
  442.000000000     0.178476918
  443.000000000     0.172592560
  444.000000000     0.167075321
  445.000000000     0.161913048
  446.000000000     0.157094607
  447.000000000     0.152606136
  448.000000000     0.148432697
  449.000000000     0.144559222
  450.000000000     0.140971286
  451.000000000     0.137654963
  452.000000000     0.134592317
  453.000000000     0.131763334
  454.000000000     0.129149195
  455.000000000     0.126731158
  456.000000000     0.124494146
  457.000000000     0.122435878
  458.000000000     0.120537499
  459.000000000     0.118762485
  460.000000000     0.117086319
  461.000000000     0.115490552
  462.000000000     0.113955482
  463.000000000     0.112471632
  464.000000000     0.111010352
  465.000000000     0.109553396
  466.000000000     0.108084494
  467.000000000     0.106588108
  468.000000000     0.105055077
  469.000000000     0.103471874
  470.000000000     0.101823509
  471.000000000     0.100100002
  472.000000000     0.098296723
  473.000000000     0.096408808
  474.000000000     0.094426482
  475.000000000     0.092345808
  476.000000000     0.090165409
  477.000000000     0.087885784
  478.000000000     0.085509101
  479.000000000     0.083039442
  480.000000000     0.080482541
  481.000000000     0.077845954
  482.000000000     0.075141468
  483.000000000     0.072376725
  484.000000000     0.069563859
  485.000000000     0.066716482
  486.000000000     0.063850429
  487.000000000     0.060986487
  488.000000000     0.058144009
  489.000000000     0.055341901
  490.000000000     0.052597643
  491.000000000     0.049933437
  492.000000000     0.047367412
  493.000000000     0.044920519
  494.000000000     0.042616139
  495.000000000     0.040482884
  496.000000000     0.038544236
  497.000000000     0.036821509
  498.000000000     0.035339924
  499.000000000     0.034124866
