    0.000000000     2.110041345
    1.000000000     2.090634437
    2.000000000     2.070189075
    3.000000000     2.048743849
    4.000000000     2.026339221
    5.000000000     2.003027907
    6.000000000     1.978863067
    7.000000000     1.953899459
    8.000000000     1.928193341
    9.000000000     1.901804426
   10.000000000     1.874789749
   11.000000000     1.847209504
   12.000000000     1.819122793
   13.000000000     1.790591560
   14.000000000     1.761675838
   15.000000000     1.732442791
   16.000000000     1.702967704
   17.000000000     1.673294640
   18.000000000     1.643498968
   19.000000000     1.613633510
   20.000000000     1.583756585
   21.000000000     1.553935985
   22.000000000     1.524243569
   23.000000000     1.494747531
   24.000000000     1.465505486
   25.000000000     1.436578982
   26.000000000     1.408012860
   27.000000000     1.379875634
   28.000000000     1.352224309
   29.000000000     1.325119593
   30.000000000     1.298620913
   31.000000000     1.272770949
   32.000000000     1.247623291
   33.000000000     1.223228374
   34.000000000     1.199635825
   35.000000000     1.176892003
   36.000000000     1.155032774
   37.000000000     1.134094336
   38.000000000     1.114104978
   39.000000000     1.095091664
   40.000000000     1.077073109
   41.000000000     1.060066007
   42.000000000     1.044098837
   43.000000000     1.029157078
   44.000000000     1.015247816
   45.000000000     1.002377625
   46.000000000     0.990509100
   47.000000000     0.979633622
   48.000000000     0.969719530
   49.000000000     0.960733896
   50.000000000     0.952646975
   51.000000000     0.945417314
   52.000000000     0.939000476
   53.000000000     0.933982661
   54.000000000     0.946517221
   55.000000000     0.982331268
   56.000000000     1.038448098
   57.000000000     1.109905625
   58.000000000     1.189512695
   59.000000000     1.268178979
   60.000000000     1.335918745
   61.000000000     1.383376846
   62.000000000     1.403545251
   63.000000000     1.393196526
   64.000000000     1.353542154
   65.000000000     1.289971685
   66.000000000     1.210889682
   67.000000000     1.126060571
   68.000000000     1.044951719
   69.000000000     0.975460726
   70.000000000     0.923288460
   71.000000000     0.891955514
   72.000000000     0.882362290
   73.000000000     0.878425474
   74.000000000     0.873965721
   75.000000000     0.868911938
   76.000000000     0.863192588
   77.000000000     0.856738307
   78.000000000     0.849482142
   79.000000000     0.841359781
   80.000000000     0.832316511
   81.000000000     0.822291873
   82.000000000     0.811240945
   83.000000000     0.799154572
   84.000000000     0.786665543
   85.000000000     0.773959441
   86.000000000     0.760959325
   87.000000000     0.747538582
   88.000000000     0.733499099
   89.000000000     0.718587638
   90.000000000     0.702495400
   91.000000000     0.684875953
   92.000000000     0.665380271
   93.000000000     0.643705372
   94.000000000     0.619622243
   95.000000000     0.593023284
   96.000000000     0.563937436
   97.000000000     0.532541591
   98.000000000     0.499142192
   99.000000000     0.464124344
  100.000000000     0.427924662
  101.000000000     0.390990059
  102.000000000     0.353739844
  103.000000000     0.316543932
  104.000000000     0.279720748
  105.000000000     0.243526911
  106.000000000     0.207892655
  107.000000000     0.171956339
  108.000000000     0.135704187
  109.000000000     0.099210385
  110.000000000     0.062551004
  111.000000000     0.025814910
  112.000000000    -0.010929209
  113.000000000    -0.047599138
  114.000000000    -0.084110444
  115.000000000    -0.120377912
  116.000000000    -0.156308124
  117.000000000    -0.191815013
  118.000000000    -0.226794455
  119.000000000    -0.261176507
  120.000000000    -0.294878633
  121.000000000    -0.327814386
  122.000000000    -0.359899056
  123.000000000    -0.391049224
  124.000000000    -0.421183742
  125.000000000    -0.450224718
  126.000000000    -0.478097085
  127.000000000    -0.504725502
  128.000000000    -0.530041692
  129.000000000    -0.553978348
  130.000000000    -0.576464127
  131.000000000    -0.597462749
  132.000000000    -0.616922798
  133.000000000    -0.634796430
  134.000000000    -0.651041270
  135.000000000    -0.665617181
  136.000000000    -0.678492605
  137.000000000    -0.689577718
  138.000000000    -0.694323512
  139.000000000    -0.690612028
  140.000000000    -0.679635826
  141.000000000    -0.662971254
  142.000000000    -0.642616784
  143.000000000    -0.620885193
  144.000000000    -0.600200599
  145.000000000    -0.582814337
  146.000000000    -0.570441043
  147.000000000    -0.563991344
  148.000000000    -0.563416345
  149.000000000    -0.567748388
  150.000000000    -0.575254926
  151.000000000    -0.583746525
  152.000000000    -0.590914079
  153.000000000    -0.594627604
  154.000000000    -0.593136725
  155.000000000    -0.585157444
  156.000000000    -0.569838645
  157.000000000    -0.547931026
  158.000000000    -0.524232385
  159.000000000    -0.499303632
  160.000000000    -0.473222776
  161.000000000    -0.446053534
  162.000000000    -0.417845102
  163.000000000    -0.388694009
  164.000000000    -0.358677722
  165.000000000    -0.327890236
  166.000000000    -0.296401417
  167.000000000    -0.264306590
  168.000000000    -0.231689685
  169.000000000    -0.198633316
  170.000000000    -0.165223533
  171.000000000    -0.131543838
  172.000000000    -0.097675642
  173.000000000    -0.063704192
  174.000000000    -0.029706064
  175.000000000     0.004240830
  176.000000000     0.038046542
  177.000000000     0.071634108
  178.000000000     0.104923458
  179.000000000     0.137840195
  180.000000000     0.170299089
  181.000000000     0.202227590
  182.000000000     0.233559688
  183.000000000     0.264205658
  184.000000000     0.294089777
  185.000000000     0.323139636
  186.000000000     0.351288743
  187.000000000     0.378465417
  188.000000000     0.404603968
  189.000000000     0.429647826
  190.000000000     0.453538131
  191.000000000     0.476218784
  192.000000000     0.497649126
  193.000000000     0.517780046
  194.000000000     0.536576344
  195.000000000     0.554017767
  196.000000000     0.570077983
  197.000000000     0.584737402
  198.000000000     0.597988474
  199.000000000     0.609831890
  200.000000000     0.620273324
  201.000000000     0.629327457
  202.000000000     0.637015013
  203.000000000     0.643362993
  204.000000000     0.648404116
  205.000000000     0.652176386
  206.000000000     0.654725660
  207.000000000     0.656100982
  208.000000000     0.656346003
  209.000000000     0.655514786
  210.000000000     0.653660177
  211.000000000     0.650838613
  212.000000000     0.647107429
  213.000000000     0.642509357
  214.000000000     0.637125406
  215.000000000     0.631013556
  216.000000000     0.624231523
  217.000000000     0.616841699
  218.000000000     0.608906069
  219.000000000     0.600486037
  220.000000000     0.591644465
  221.000000000     0.582444960
  222.000000000     0.572950212
  223.000000000     0.563232343
  224.000000000     0.553370679
  225.000000000     0.543421015
  226.000000000     0.533438486
  227.000000000     0.523492441
  228.000000000     0.513650085
  229.000000000     0.503970611
  230.000000000     0.494518318
  231.000000000     0.485357346
  232.000000000     0.476549011
  233.000000000     0.468149300
  234.000000000     0.460216941
  235.000000000     0.452810608
  236.000000000     0.445983263
  237.000000000     0.439783176
  238.000000000     0.434256553
  239.000000000     0.429443050
  240.000000000     0.425382394
  241.000000000     0.422111357
  242.000000000     0.419663675
  243.000000000     0.418069433
  244.000000000     0.417355591
  245.000000000     0.417546641
  246.000000000     0.418665234
  247.000000000     0.420729078
  248.000000000     0.423753220
  249.000000000     0.427758894
  250.000000000     0.432755982
  251.000000000     0.438748570
  252.000000000     0.445734498
  253.000000000     0.453716457
  254.000000000     0.462693898
  255.000000000     0.472667503
  256.000000000     0.483626414
  257.000000000     0.495563583
  258.000000000     0.508466393
  259.000000000     0.522320199
  260.000000000     0.537107544
  261.000000000     0.552808708
  262.000000000     0.569401624
  263.000000000     0.586858205
  264.000000000     0.605147591
  265.000000000     0.624235473
  266.000000000     0.644085764
  267.000000000     0.664658457
  268.000000000     0.685907422
  269.000000000     0.707805365
  270.000000000     0.730300630
  271.000000000     0.753318605
  272.000000000     0.776800973
  273.000000000     0.800685531
  274.000000000     0.824909102
  275.000000000     0.849398845
  276.000000000     0.874095779
  277.000000000     0.898933479
  278.000000000     0.923824124
  279.000000000     0.948694164
  280.000000000     0.973469994
  281.000000000     0.998078866
  282.000000000     1.022444230
  283.000000000     1.046490534
  284.000000000     1.070143396
  285.000000000     1.093329588
  286.000000000     1.115974895
  287.000000000     1.138006232
  288.000000000     1.159351257
  289.000000000     1.179936662
  290.000000000     1.199688792
  291.000000000     1.218533756
  292.000000000     1.236403530
  293.000000000     1.253229222
  294.000000000     1.268936828
  295.000000000     1.283456421
  296.000000000     1.296720812
  297.000000000     1.308665661
  298.000000000     1.319230239
  299.000000000     1.328357861
  300.000000000     1.335999448
  301.000000000     1.342107769
  302.000000000     1.346642080
  303.000000000     1.349573545
  304.000000000     1.350881726
  305.000000000     1.350556167
  306.000000000     1.348588362
  307.000000000     1.344987438
  308.000000000     1.339767578
  309.000000000     1.332954139
  310.000000000     1.324583603
  311.000000000     1.314703192
  312.000000000     1.303362552
  313.000000000     1.290620817
  314.000000000     1.276546314
  315.000000000     1.261219190
  316.000000000     1.244705916
  317.000000000     1.227090870
  318.000000000     1.208453159
  319.000000000     1.188874342
  320.000000000     1.168439706
  321.000000000     1.147232825
  322.000000000     1.125337190
  323.000000000     1.102835281
  324.000000000     1.079809254
  325.000000000     1.056338202
  326.000000000     1.032502451
  327.000000000     1.008376259
  328.000000000     0.984032887
  329.000000000     0.959555222
  330.000000000     0.935006314
  331.000000000     0.910457621
  332.000000000     0.885978416
  333.000000000     0.861640797
  334.000000000     0.837513706
  335.000000000     0.813663239
  336.000000000     0.790156774
  337.000000000     0.767059699
  338.000000000     0.744436810
  339.000000000     0.722352759
  340.000000000     0.700870324
  341.000000000     0.680050256
  342.000000000     0.659948208
  343.000000000     0.640618694
  344.000000000     0.622113925
  345.000000000     0.604483003
  346.000000000     0.587771985
  347.000000000     0.572024584
  348.000000000     0.557278664
  349.000000000     0.543570815
  350.000000000     0.530931523
  351.000000000     0.519387941
  352.000000000     0.508971472
  353.000000000     0.499712379
  354.000000000     0.491615484
  355.000000000     0.484690181
  356.000000000     0.478947660
  357.000000000     0.474396124
  358.000000000     0.471039905
  359.000000000     0.468877297
  360.000000000     0.467906356
  361.000000000     0.468120911
  362.000000000     0.469510752
  363.000000000     0.472063362
  364.000000000     0.475762178
  365.000000000     0.480587420
  366.000000000     0.486515849
  367.000000000     0.493523362
  368.000000000     0.501575832
  369.000000000     0.510644213
  370.000000000     0.520685684
  371.000000000     0.531656169
  372.000000000     0.543508768
  373.000000000     0.556195726
  374.000000000     0.569658320
  375.000000000     0.583837958
  376.000000000     0.598671772
  377.000000000     0.614097796
  378.000000000     0.630043750
  379.000000000     0.646434016
  380.000000000     0.663195555
  381.000000000     0.680252707
  382.000000000     0.697533357
  383.000000000     0.714957214
  384.000000000     0.732441849
  385.000000000     0.749908728
  386.000000000     0.767281465
  387.000000000     0.784484646
  388.000000000     0.801448858
  389.000000000     0.818106040
  390.000000000     0.834389637
  391.000000000     0.850237408
  392.000000000     0.865618591
  393.000000000     0.880456059
  394.000000000     0.894690788
  395.000000000     0.908273237
  396.000000000     0.921158300
  397.000000000     0.933303405
  398.000000000     0.944667184
  399.000000000     0.955210731
  400.000000000     0.964907243
  401.000000000     0.973713239
  402.000000000     0.981585898
  403.000000000     0.988488266
  404.000000000     0.994385540
  405.000000000     0.999238221
  406.000000000     1.003018279
  407.000000000     1.005683855
  408.000000000     1.007198210
  409.000000000     1.007531058
  410.000000000     1.006658380
  411.000000000     1.004549051
  412.000000000     1.001177971
  413.000000000     0.996528207
  414.000000000     0.990590390
  415.000000000     0.983358564
  416.000000000     0.974835680
  417.000000000     0.965031878
  418.000000000     0.953967362
  419.000000000     0.941665745
  420.000000000     0.928166474
  421.000000000     0.913504075
  422.000000000     0.897723651
  423.000000000     0.880877147
  424.000000000     0.863024237
  425.000000000     0.844223747
  426.000000000     0.824542917
  427.000000000     0.804046970
  428.000000000     0.782805448
  429.000000000     0.760889883
  430.000000000     0.738372332
  431.000000000     0.715324624
  432.000000000     0.691816539
  433.000000000     0.667917858
  434.000000000     0.643701230
  435.000000000     0.619230464
  436.000000000     0.594571933
  437.000000000     0.569788731
  438.000000000     0.544943834
  439.000000000     0.520098619
  440.000000000     0.495320108
  441.000000000     0.470664077
  442.000000000     0.446188814
  443.000000000     0.421951184
  444.000000000     0.398005553
  445.000000000     0.374406488
  446.000000000     0.351206971
  447.000000000     0.328464054
  448.000000000     0.306228096
  449.000000000     0.284536219
  450.000000000     0.263431720
  451.000000000     0.242956779
  452.000000000     0.223147951
  453.000000000     0.204032429
  454.000000000     0.185637290
  455.000000000     0.167987271
  456.000000000     0.151102610
  457.000000000     0.135000687
  458.000000000     0.119687277
  459.000000000     0.105170659
  460.000000000     0.091461069
  461.000000000     0.078559118
  462.000000000     0.066458753
  463.000000000     0.055156849
  464.000000000     0.044646542
  465.000000000     0.034921738
  466.000000000     0.025974635
  467.000000000     0.017792718
  468.000000000     0.010366391
  469.000000000     0.003683610
  470.000000000    -0.002269267
  471.000000000    -0.007505651
  472.000000000    -0.012039394
  473.000000000    -0.015885872
  474.000000000    -0.019061377
  475.000000000    -0.021583270
  476.000000000    -0.023468995
  477.000000000    -0.024739504
  478.000000000    -0.025416536
  479.000000000    -0.025520778
  480.000000000    -0.025076247
  481.000000000    -0.024113528
  482.000000000    -0.022656686
  483.000000000    -0.020739763
  484.000000000    -0.018395514
  485.000000000    -0.015657657
  486.000000000    -0.012561048
  487.000000000    -0.009140024
  488.000000000    -0.005428648
  489.000000000    -0.001459202
  490.000000000     0.002721410
  491.000000000     0.007076892
  492.000000000     0.011569355
  493.000000000     0.016161869
  494.000000000     0.020820062
  495.000000000     0.025511883
  496.000000000     0.030200455
  497.000000000     0.034853618
  498.000000000     0.039444436
  499.000000000     0.043943286
