    0.000000000     1.179174756
    1.000000000     1.177201847
    2.000000000     1.174884976
    3.000000000     1.172218826
    4.000000000     1.169193021
    5.000000000     1.165806091
    6.000000000     1.162053237
    7.000000000     1.157928181
    8.000000000     1.153424540
    9.000000000     1.148538187
   10.000000000     1.143261763
   11.000000000     1.137589184
   12.000000000     1.131515353
   13.000000000     1.125036488
   14.000000000     1.118149696
   15.000000000     1.110856223
   16.000000000     1.103160071
   17.000000000     1.095067423
   18.000000000     1.086587524
   19.000000000     1.077729572
   20.000000000     1.068508053
   21.000000000     1.058941336
   22.000000000     1.049052772
   23.000000000     1.038872190
   24.000000000     1.028433672
   25.000000000     1.017771149
   26.000000000     1.006910039
   27.000000000     0.995888829
   28.000000000     0.984747485
   29.000000000     0.973549405
   30.000000000     0.962325220
   31.000000000     0.951108016
   32.000000000     0.939943206
   33.000000000     0.928875101
   34.000000000     0.917946686
   35.000000000     0.907199442
   36.000000000     0.896673089
   37.000000000     0.886410166
   38.000000000     0.876440462
   39.000000000     0.866797471
   40.000000000     0.857506924
   41.000000000     0.848594978
   42.000000000     0.840103073
   43.000000000     0.832027182
   44.000000000     0.824379901
   45.000000000     0.817172409
   46.000000000     0.810405393
   47.000000000     0.804089084
   48.000000000     0.798209062
   49.000000000     0.792772243
   50.000000000     0.787742896
   51.000000000     0.783102754
   52.000000000     0.778828707
   53.000000000     0.775183600
   54.000000000     0.779576459
   55.000000000     0.794498529
   56.000000000     0.818392618
   57.000000000     0.848795257
   58.000000000     0.882248029
   59.000000000     0.914475979
   60.000000000     0.940870936
   61.000000000     0.957193176
   62.000000000     0.960346146
   63.000000000     0.949002129
   64.000000000     0.923878362
   65.000000000     0.887577303
   66.000000000     0.844025323
   67.000000000     0.797734916
   68.000000000     0.753040353
   69.000000000     0.713533163
   70.000000000     0.681792050
   71.000000000     0.659388273
   72.000000000     0.646700292
   73.000000000     0.636658737
   74.000000000     0.626586036
   75.000000000     0.616494921
   76.000000000     0.606399278
   77.000000000     0.596314106
   78.000000000     0.586256518
   79.000000000     0.576244364
   80.000000000     0.566296968
   81.000000000     0.556431612
   82.000000000     0.546664965
   83.000000000     0.537147064
   84.000000000     0.530019067
   85.000000000     0.525952422
   86.000000000     0.524755187
   87.000000000     0.526064157
   88.000000000     0.529305728
   89.000000000     0.533693523
   90.000000000     0.538256019
   91.000000000     0.541904833
   92.000000000     0.543542288
   93.000000000     0.542188073
   94.000000000     0.537103971
   95.000000000     0.527905733
   96.000000000     0.514616888
   97.000000000     0.497670725
   98.000000000     0.477852914
   99.000000000     0.456188754
  100.000000000     0.433819840
  101.000000000     0.411885941
  102.000000000     0.391421005
  103.000000000     0.373303649
  104.000000000     0.358211762
  105.000000000     0.346655544
  106.000000000     0.338187044
  107.000000000     0.330016344
  108.000000000     0.321888488
  109.000000000     0.313804503
  110.000000000     0.305763887
  111.000000000     0.297777203
  112.000000000     0.289844976
  113.000000000     0.281977112
  114.000000000     0.274187449
  115.000000000     0.266501384
  116.000000000     0.258926951
  117.000000000     0.251487152
  118.000000000     0.244220890
  119.000000000     0.237143194
  120.000000000     0.230276160
  121.000000000     0.223648988
  122.000000000     0.217291327
  123.000000000     0.211233042
  124.000000000     0.205503142
  125.000000000     0.200130832
  126.000000000     0.195143752
  127.000000000     0.190570102
  128.000000000     0.186432959
  129.000000000     0.182750612
  130.000000000     0.179541559
  131.000000000     0.176822203
  132.000000000     0.174601348
  133.000000000     0.172887059
  134.000000000     0.171682921
  135.000000000     0.170990155
  136.000000000     0.170803784
  137.000000000     0.171272141
  138.000000000     0.183967408
  139.000000000     0.214323811
  140.000000000     0.259298701
  141.000000000     0.314852687
  142.000000000     0.375858925
  143.000000000     0.436346228
  144.000000000     0.490025919
  145.000000000     0.531062464
  146.000000000     0.554923228
  147.000000000     0.559105787
  148.000000000     0.543573185
  149.000000000     0.510720527
  150.000000000     0.464956460
  151.000000000     0.411955709
  152.000000000     0.357800892
  153.000000000     0.308208777
  154.000000000     0.267992354
  155.000000000     0.240812585
  156.000000000     0.229241208
  157.000000000     0.231611982
  158.000000000     0.235312250
  159.000000000     0.238999385
  160.000000000     0.242651465
  161.000000000     0.246252198
  162.000000000     0.249799294
  163.000000000     0.253270398
  164.000000000     0.256666798
  165.000000000     0.259992774
  166.000000000     0.263250333
  167.000000000     0.266437316
  168.000000000     0.269564654
  169.000000000     0.272641276
  170.000000000     0.275678115
  171.000000000     0.278693799
  172.000000000     0.281703495
  173.000000000     0.284722533
  174.000000000     0.287769436
  175.000000000     0.290863615
  176.000000000     0.294019005
  177.000000000     0.297253899
  178.000000000     0.300578698
  179.000000000     0.304003246
  180.000000000     0.307534243
  181.000000000     0.311177802
  182.000000000     0.314942384
  183.000000000     0.318824282
  184.000000000     0.322821847
  185.000000000     0.326936130
  186.000000000     0.331163643
  187.000000000     0.335491482
  188.000000000     0.339910664
  189.000000000     0.344412199
  190.000000000     0.348986095
  191.000000000     0.353621848
  192.000000000     0.358321656
  193.000000000     0.363061692
  194.000000000     0.367832182
  195.000000000     0.372631392
  196.000000000     0.377447997
  197.000000000     0.382270721
  198.000000000     0.387094421
  199.000000000     0.391923019
  200.000000000     0.396745833
  201.000000000     0.401562486
  202.000000000     0.406374669
  203.000000000     0.411186105
  204.000000000     0.416002590
  205.000000000     0.420832287
  206.000000000     0.425688843
  207.000000000     0.430580036
  208.000000000     0.435514981
  209.000000000     0.440513907
  210.000000000     0.445601640
  211.000000000     0.450781977
  212.000000000     0.456070781
  213.000000000     0.461476989
  214.000000000     0.467014767
  215.000000000     0.472694585
  216.000000000     0.478527746
  217.000000000     0.484525290
  218.000000000     0.490692013
  219.000000000     0.497031732
  220.000000000     0.503545308
  221.000000000     0.510231185
  222.000000000     0.517083279
  223.000000000     0.524096419
  224.000000000     0.531260309
  225.000000000     0.538564093
  226.000000000     0.545990207
  227.000000000     0.553521379
  228.000000000     0.561138259
  229.000000000     0.568819240
  230.000000000     0.576546063
  231.000000000     0.584292158
  232.000000000     0.592032034
  233.000000000     0.599740305
  234.000000000     0.607394736
  235.000000000     0.614974861
  236.000000000     0.622449204
  237.000000000     0.629794115
  238.000000000     0.636988629
  239.000000000     0.644004523
  240.000000000     0.650815120
  241.000000000     0.657396309
  242.000000000     0.663724821
  243.000000000     0.669777783
  244.000000000     0.675533323
  245.000000000     0.680972157
  246.000000000     0.686078316
  247.000000000     0.690838291
  248.000000000     0.695239422
  249.000000000     0.699267299
  250.000000000     0.702916434
  251.000000000     0.706188734
  252.000000000     0.709081623
  253.000000000     0.711602165
  254.000000000     0.713762529
  255.000000000     0.715587981
  256.000000000     0.717092755
  257.000000000     0.718295627
  258.000000000     0.719223660
  259.000000000     0.719907197
  260.000000000     0.720375674
  261.000000000     0.720662018
  262.000000000     0.720803761
  263.000000000     0.720830560
  264.000000000     0.720774064
  265.000000000     0.720665526
  266.000000000     0.720535148
  267.000000000     0.720410283
  268.000000000     0.720315722
  269.000000000     0.720274582
  270.000000000     0.720306875
  271.000000000     0.720427750
  272.000000000     0.720649461
  273.000000000     0.720988848
  274.000000000     0.721450435
  275.000000000     0.722037609
  276.000000000     0.722754492
  277.000000000     0.723615499
  278.000000000     0.724601752
  279.000000000     0.725708117
  280.000000000     0.726931675
  281.000000000     0.728268928
  282.000000000     0.729708279
  283.000000000     0.731234156
  284.000000000     0.732834513
  285.000000000     0.734505606
  286.000000000     0.736231165
  287.000000000     0.737993693
  288.000000000     0.739792746
  289.000000000     0.741613289
  290.000000000     0.743430733
  291.000000000     0.745232703
  292.000000000     0.747013045
  293.000000000     0.748761765
  294.000000000     0.750465963
  295.000000000     0.752113536
  296.000000000     0.753697196
  297.000000000     0.755210240
  298.000000000     0.756647172
  299.000000000     0.758003308
  300.000000000     0.759279542
  301.000000000     0.760468687
  302.000000000     0.761564647
  303.000000000     0.762571970
  304.000000000     0.763496236
  305.000000000     0.764323993
  306.000000000     0.765047785
  307.000000000     0.765666057
  308.000000000     0.766170924
  309.000000000     0.766554464
  310.000000000     0.766806879
  311.000000000     0.766916897
  312.000000000     0.766870139
  313.000000000     0.766649493
  314.000000000     0.766234651
  315.000000000     0.765609268
  316.000000000     0.764751354
  317.000000000     0.763632165
  318.000000000     0.762225645
  319.000000000     0.760505514
  320.000000000     0.758444863
  321.000000000     0.756016335
  322.000000000     0.753193602
  323.000000000     0.749953448
  324.000000000     0.746276741
  325.000000000     0.742136051
  326.000000000     0.737514709
  327.000000000     0.732392703
  328.000000000     0.726755042
  329.000000000     0.720591525
  330.000000000     0.713894780
  331.000000000     0.706665059
  332.000000000     0.698898487
  333.000000000     0.690593673
  334.000000000     0.681769205
  335.000000000     0.672428448
  336.000000000     0.662573166
  337.000000000     0.652217483
  338.000000000     0.641379512
  339.000000000     0.630082503
  340.000000000     0.618355688
  341.000000000     0.606226898
  342.000000000     0.593727184
  343.000000000     0.580893405
  344.000000000     0.567766800
  345.000000000     0.554391903
  346.000000000     0.540817191
  347.000000000     0.527095965
  348.000000000     0.513279425
  349.000000000     0.499424666
  350.000000000     0.485587932
  351.000000000     0.471825396
  352.000000000     0.458200584
  353.000000000     0.444785407
  354.000000000     0.431615686
  355.000000000     0.418742033
  356.000000000     0.406217976
  357.000000000     0.394088856
  358.000000000     0.382399205
  359.000000000     0.371193954
  360.000000000     0.360507603
  361.000000000     0.350371667
  362.000000000     0.340812800
  363.000000000     0.331854747
  364.000000000     0.323517232
  365.000000000     0.315819648
  366.000000000     0.308767979
  367.000000000     0.302368585
  368.000000000     0.296623489
  369.000000000     0.291535026
  370.000000000     0.287094371
  371.000000000     0.283290955
  372.000000000     0.280111056
  373.000000000     0.277538721
  374.000000000     0.275553689
  375.000000000     0.274133445
  376.000000000     0.273252514
  377.000000000     0.272884353
  378.000000000     0.272997447
  379.000000000     0.273559172
  380.000000000     0.274536814
  381.000000000     0.275896763
  382.000000000     0.277606878
  383.000000000     0.279630580
  384.000000000     0.281931724
  385.000000000     0.284476859
  386.000000000     0.287235852
  387.000000000     0.290167958
  388.000000000     0.293241409
  389.000000000     0.296423878
  390.000000000     0.299692380
  391.000000000     0.303008552
  392.000000000     0.306342528
  393.000000000     0.309669211
  394.000000000     0.312964301
  395.000000000     0.316201379
  396.000000000     0.319357200
  397.000000000     0.322409502
  398.000000000     0.325334731
  399.000000000     0.328110444
  400.000000000     0.330715488
  401.000000000     0.333125935
  402.000000000     0.335318396
  403.000000000     0.337269935
  404.000000000     0.338959230
  405.000000000     0.340356443
  406.000000000     0.341441234
  407.000000000     0.342193587
  408.000000000     0.342575196
  409.000000000     0.342560504
  410.000000000     0.342129715
  411.000000000     0.341252824
  412.000000000     0.339905470
  413.000000000     0.338065778
  414.000000000     0.335714696
  415.000000000     0.332834376
  416.000000000     0.329410878
  417.000000000     0.325434915
  418.000000000     0.320899827
  419.000000000     0.315802090
  420.000000000     0.310145260
  421.000000000     0.303939249
  422.000000000     0.297180516
  423.000000000     0.289879292
  424.000000000     0.282048341
  425.000000000     0.273699869
  426.000000000     0.264853758
  427.000000000     0.255532339
  428.000000000     0.245769823
  429.000000000     0.235587305
  430.000000000     0.225013998
  431.000000000     0.214084768
  432.000000000     0.202835239
  433.000000000     0.191306522
  434.000000000     0.179552397
  435.000000000     0.167613281
  436.000000000     0.155533847
  437.000000000     0.143363085
  438.000000000     0.131159785
  439.000000000     0.118976157
  440.000000000     0.106875474
  441.000000000     0.094904379
  442.000000000     0.083121523
  443.000000000     0.071579989
  444.000000000     0.060332767
  445.000000000     0.049431052
  446.000000000     0.038927192
  447.000000000     0.028868624
  448.000000000     0.019298559
  449.000000000     0.010255515
  450.000000000     0.001776221
  451.000000000    -0.006103514
  452.000000000    -0.013335552
  453.000000000    -0.019915936
  454.000000000    -0.025835013
  455.000000000    -0.031079291
  456.000000000    -0.035639510
  457.000000000    -0.039499048
  458.000000000    -0.042657702
  459.000000000    -0.045129461
  460.000000000    -0.046923808
  461.000000000    -0.048049683
  462.000000000    -0.048526993
  463.000000000    -0.048372178
  464.000000000    -0.047609623
  465.000000000    -0.046264432
  466.000000000    -0.044364413
  467.000000000    -0.041940137
  468.000000000    -0.039024242
  469.000000000    -0.035651327
  470.000000000    -0.031857364
  471.000000000    -0.027678794
  472.000000000    -0.023151109
  473.000000000    -0.018316586
  474.000000000    -0.013216672
  475.000000000    -0.007891441
  476.000000000    -0.002380280
  477.000000000     0.003279278
  478.000000000     0.009048507
  479.000000000     0.014890034
  480.000000000     0.020768362
  481.000000000     0.026649458
  482.000000000     0.032500272
  483.000000000     0.038290236
  484.000000000     0.043991429
  485.000000000     0.049576987
  486.000000000     0.055024401
  487.000000000     0.060308837
  488.000000000     0.065411457
  489.000000000     0.070316575
  490.000000000     0.074995852
  491.000000000     0.079431680
  492.000000000     0.083605484
  493.000000000     0.087499682
  494.000000000     0.091097280
  495.000000000     0.094387361
  496.000000000     0.097358973
  497.000000000     0.099985077
  498.000000000     0.102253574
  499.000000000     0.104148484
