    0.000000000     1.558108315
    1.000000000     1.550579188
    2.000000000     1.542452382
    3.000000000     1.533731332
    4.000000000     1.524418111
    5.000000000     1.514522186
    6.000000000     1.504052074
    7.000000000     1.493016621
    8.000000000     1.481425160
    9.000000000     1.469291054
   10.000000000     1.456623335
   11.000000000     1.443433794
   12.000000000     1.429735051
   13.000000000     1.415541520
   14.000000000     1.400867682
   15.000000000     1.385734068
   16.000000000     1.370166389
   17.000000000     1.354177154
   18.000000000     1.337794144
   19.000000000     1.321038477
   20.000000000     1.303934448
   21.000000000     1.286513474
   22.000000000     1.268809786
   23.000000000     1.250859030
   24.000000000     1.232699035
   25.000000000     1.214367061
   26.000000000     1.195888880
   27.000000000     1.177307310
   28.000000000     1.158661752
   29.000000000     1.140001806
   30.000000000     1.121366048
   31.000000000     1.102787871
   32.000000000     1.084311639
   33.000000000     1.065978627
   34.000000000     1.047829694
   35.000000000     1.029904825
   36.000000000     1.012240505
   37.000000000     0.994875838
   38.000000000     0.977838578
   39.000000000     0.961160046
   40.000000000     0.944866036
   41.000000000     0.928981819
   42.000000000     0.913541189
   43.000000000     0.898551983
   44.000000000     0.884029096
   45.000000000     0.869989491
   46.000000000     0.856429921
   47.000000000     0.843362394
   48.000000000     0.830781724
   49.000000000     0.818694862
   50.000000000     0.807083193
   51.000000000     0.795937093
   52.000000000     0.785243833
   53.000000000     0.775337438
   54.000000000     0.775206342
   55.000000000     0.788025462
   56.000000000     0.812116808
   57.000000000     0.844691890
   58.000000000     0.881717992
   59.000000000     0.918104251
   60.000000000     0.948269189
   61.000000000     0.966989756
   62.000000000     0.970359071
   63.000000000     0.956584171
   64.000000000     0.926352698
   65.000000000     0.882689363
   66.000000000     0.830303227
   67.000000000     0.774675107
   68.000000000     0.721128300
   69.000000000     0.674117972
   70.000000000     0.636879601
   71.000000000     0.611429382
   72.000000000     0.598315031
   73.000000000     0.588626695
   74.000000000     0.578952142
   75.000000000     0.569279185
   76.000000000     0.559589088
   77.000000000     0.549866083
   78.000000000     0.540095655
   79.000000000     0.530263492
   80.000000000     0.520358417
   81.000000000     0.510365631
   82.000000000     0.500274185
   83.000000000     0.490230343
   84.000000000     0.482737553
   85.000000000     0.478557036
   86.000000000     0.477439147
   87.000000000     0.478935603
   88.000000000     0.482352748
   89.000000000     0.486753187
   90.000000000     0.490986840
   91.000000000     0.493770048
   92.000000000     0.493812739
   93.000000000     0.489969396
   94.000000000     0.481382898
   95.000000000     0.467617696
   96.000000000     0.448717250
   97.000000000     0.425211901
   98.000000000     0.398046192
   99.000000000     0.368444805
  100.000000000     0.337767555
  101.000000000     0.307371327
  102.000000000     0.278485600
  103.000000000     0.252143971
  104.000000000     0.229160324
  105.000000000     0.210148066
  106.000000000     0.194591210
  107.000000000     0.179232900
  108.000000000     0.163793846
  109.000000000     0.148295116
  110.000000000     0.132753425
  111.000000000     0.117197181
  112.000000000     0.101644304
  113.000000000     0.086121911
  114.000000000     0.070665708
  115.000000000     0.055306383
  116.000000000     0.040075965
  117.000000000     0.025011224
  118.000000000     0.010161145
  119.000000000    -0.004444734
  120.000000000    -0.018769255
  121.000000000    -0.032770653
  122.000000000    -0.046406813
  123.000000000    -0.059635341
  124.000000000    -0.072414876
  125.000000000    -0.084703810
  126.000000000    -0.096461653
  127.000000000    -0.107646648
  128.000000000    -0.118223775
  129.000000000    -0.128158077
  130.000000000    -0.137412728
  131.000000000    -0.145964799
  132.000000000    -0.153789212
  133.000000000    -0.160858996
  134.000000000    -0.167155637
  135.000000000    -0.172658893
  136.000000000    -0.177356577
  137.000000000    -0.181166275
  138.000000000    -0.178694327
  139.000000000    -0.167416349
  140.000000000    -0.148749854
  141.000000000    -0.124578892
  142.000000000    -0.097293690
  143.000000000    -0.069671923
  144.000000000    -0.044634647
  145.000000000    -0.024891694
  146.000000000    -0.012534041
  147.000000000    -0.008700044
  148.000000000    -0.013377007
  149.000000000    -0.025429786
  150.000000000    -0.042789667
  151.000000000    -0.062810030
  152.000000000    -0.082667552
  153.000000000    -0.099722259
  154.000000000    -0.111764735
  155.000000000    -0.117131460
  156.000000000    -0.114669581
  157.000000000    -0.105173963
  158.000000000    -0.094464599
  159.000000000    -0.083175961
  160.000000000    -0.071340608
  161.000000000    -0.058982542
  162.000000000    -0.046109042
  163.000000000    -0.032770889
  164.000000000    -0.018993834
  165.000000000    -0.004809661
  166.000000000     0.009755269
  167.000000000     0.024665080
  168.000000000     0.039892479
  169.000000000     0.055412600
  170.000000000     0.071192389
  171.000000000     0.087204003
  172.000000000     0.103420193
  173.000000000     0.119810918
  174.000000000     0.136350490
  175.000000000     0.153012759
  176.000000000     0.169763593
  177.000000000     0.186576977
  178.000000000     0.203420186
  179.000000000     0.220264854
  180.000000000     0.237072501
  181.000000000     0.253809892
  182.000000000     0.270447896
  183.000000000     0.286944112
  184.000000000     0.303261326
  185.000000000     0.319365844
  186.000000000     0.335221866
  187.000000000     0.350788130
  188.000000000     0.366027769
  189.000000000     0.380908128
  190.000000000     0.395394065
  191.000000000     0.409450885
  192.000000000     0.423054216
  193.000000000     0.436168562
  194.000000000     0.448768027
  195.000000000     0.460835150
  196.000000000     0.472348013
  197.000000000     0.483286979
  198.000000000     0.493639232
  199.000000000     0.503399834
  200.000000000     0.512559723
  201.000000000     0.521117019
  202.000000000     0.529074010
  203.000000000     0.536436905
  204.000000000     0.543215657
  205.000000000     0.549424118
  206.000000000     0.555084036
  207.000000000     0.560213470
  208.000000000     0.564829858
  209.000000000     0.568971791
  210.000000000     0.572659079
  211.000000000     0.575913257
  212.000000000     0.578764132
  213.000000000     0.581233375
  214.000000000     0.583359204
  215.000000000     0.585173874
  216.000000000     0.586706647
  217.000000000     0.587991796
  218.000000000     0.589058266
  219.000000000     0.589935868
  220.000000000     0.590655200
  221.000000000     0.591246658
  222.000000000     0.591738450
  223.000000000     0.592163985
  224.000000000     0.592557838
  225.000000000     0.592944897
  226.000000000     0.593348114
  227.000000000     0.593796491
  228.000000000     0.594317381
  229.000000000     0.594933667
  230.000000000     0.595674609
  231.000000000     0.596564331
  232.000000000     0.597626036
  233.000000000     0.598878009
  234.000000000     0.600343323
  235.000000000     0.602048950
  236.000000000     0.604012248
  237.000000000     0.606250143
  238.000000000     0.608780499
  239.000000000     0.611614486
  240.000000000     0.614764465
  241.000000000     0.618241886
  242.000000000     0.622056460
  243.000000000     0.626215911
  244.000000000     0.630726461
  245.000000000     0.635593909
  246.000000000     0.640822687
  247.000000000     0.646414702
  248.000000000     0.652370300
  249.000000000     0.658691656
  250.000000000     0.665377787
  251.000000000     0.672425992
  252.000000000     0.679830109
  253.000000000     0.687587829
  254.000000000     0.695696372
  255.000000000     0.704162024
  256.000000000     0.712975100
  257.000000000     0.722127283
  258.000000000     0.731612875
  259.000000000     0.741426193
  260.000000000     0.751559797
  261.000000000     0.762005563
  262.000000000     0.772756270
  263.000000000     0.783799001
  264.000000000     0.795120303
  265.000000000     0.806705134
  266.000000000     0.818538450
  267.000000000     0.830600786
  268.000000000     0.842869982
  269.000000000     0.855331684
  270.000000000     0.867960813
  271.000000000     0.880721995
  272.000000000     0.893585498
  273.000000000     0.906524310
  274.000000000     0.919509536
  275.000000000     0.932500813
  276.000000000     0.945464562
  277.000000000     0.958376987
  278.000000000     0.971184172
  279.000000000     0.983847727
  280.000000000     0.996331910
  281.000000000     1.008602048
  282.000000000     1.020617807
  283.000000000     1.032339414
  284.000000000     1.043729897
  285.000000000     1.054756448
  286.000000000     1.065382269
  287.000000000     1.075571374
  288.000000000     1.085294759
  289.000000000     1.094519176
  290.000000000     1.103208829
  291.000000000     1.111332711
  292.000000000     1.118866541
  293.000000000     1.125783287
  294.000000000     1.132055602
  295.000000000     1.137658250
  296.000000000     1.142568771
  297.000000000     1.146767618
  298.000000000     1.150242190
  299.000000000     1.152976815
  300.000000000     1.154960544
  301.000000000     1.156187550
  302.000000000     1.156645343
  303.000000000     1.156336113
  304.000000000     1.155270809
  305.000000000     1.153451554
  306.000000000     1.150879368
  307.000000000     1.147568826
  308.000000000     1.143534444
  309.000000000     1.138795008
  310.000000000     1.133372905
  311.000000000     1.127295832
  312.000000000     1.120588783
  313.000000000     1.113276921
  314.000000000     1.105390361
  315.000000000     1.096969869
  316.000000000     1.088037997
  317.000000000     1.078625859
  318.000000000     1.068762953
  319.000000000     1.058479725
  320.000000000     1.047810511
  321.000000000     1.036782332
  322.000000000     1.025425193
  323.000000000     1.013769980
  324.000000000     1.001849165
  325.000000000     0.989687265
  326.000000000     0.977314088
  327.000000000     0.964757978
  328.000000000     0.952046835
  329.000000000     0.939210328
  330.000000000     0.926275998
  331.000000000     0.913272567
  332.000000000     0.900222516
  333.000000000     0.887154760
  334.000000000     0.874101723
  335.000000000     0.861091182
  336.000000000     0.848146290
  337.000000000     0.835292947
  338.000000000     0.822558974
  339.000000000     0.809973463
  340.000000000     0.797566336
  341.000000000     0.785365381
  342.000000000     0.773397271
  343.000000000     0.761690376
  344.000000000     0.750272778
  345.000000000     0.739170682
  346.000000000     0.728411255
  347.000000000     0.718022775
  348.000000000     0.708029009
  349.000000000     0.698456874
  350.000000000     0.689326881
  351.000000000     0.680661170
  352.000000000     0.672482951
  353.000000000     0.664822678
  354.000000000     0.657680601
  355.000000000     0.651067447
  356.000000000     0.644998335
  357.000000000     0.639481013
  358.000000000     0.634522856
  359.000000000     0.630125706
  360.000000000     0.626290559
  361.000000000     0.623014530
  362.000000000     0.620291821
  363.000000000     0.618115230
  364.000000000     0.616475040
  365.000000000     0.615360132
  366.000000000     0.614753710
  367.000000000     0.614639023
  368.000000000     0.614994383
  369.000000000     0.615803142
  370.000000000     0.617036181
  371.000000000     0.618664026
  372.000000000     0.620656011
  373.000000000     0.622981986
  374.000000000     0.625606944
  375.000000000     0.628498082
  376.000000000     0.631616257
  377.000000000     0.634925796
  378.000000000     0.638384718
  379.000000000     0.641951078
  380.000000000     0.645585434
  381.000000000     0.649248499
  382.000000000     0.652903004
  383.000000000     0.656507889
  384.000000000     0.660024378
  385.000000000     0.663416159
  386.000000000     0.666651550
  387.000000000     0.669691802
  388.000000000     0.672506879
  389.000000000     0.675068108
  390.000000000     0.677352633
  391.000000000     0.679336448
  392.000000000     0.681003418
  393.000000000     0.682328251
  394.000000000     0.683292664
  395.000000000     0.683880349
  396.000000000     0.684079752
  397.000000000     0.683880893
  398.000000000     0.683273284
  399.000000000     0.682248318
  400.000000000     0.680803870
  401.000000000     0.678929666
  402.000000000     0.676613412
  403.000000000     0.673846975
  404.000000000     0.670625821
  405.000000000     0.666934492
  406.000000000     0.662767834
  407.000000000     0.658115748
  408.000000000     0.652963117
  409.000000000     0.647301442
  410.000000000     0.641126081
  411.000000000     0.634424933
  412.000000000     0.627189751
  413.000000000     0.619415777
  414.000000000     0.611103222
  415.000000000     0.602249907
  416.000000000     0.592859740
  417.000000000     0.582940019
  418.000000000     0.572501659
  419.000000000     0.561558318
  420.000000000     0.550132181
  421.000000000     0.538245366
  422.000000000     0.525913514
  423.000000000     0.513162951
  424.000000000     0.500021926
  425.000000000     0.486518795
  426.000000000     0.472686955
  427.000000000     0.458558127
  428.000000000     0.444173580
  429.000000000     0.429563867
  430.000000000     0.414764034
  431.000000000     0.399811493
  432.000000000     0.384741641
  433.000000000     0.369591910
  434.000000000     0.354406277
  435.000000000     0.339217984
  436.000000000     0.324063921
  437.000000000     0.308980334
  438.000000000     0.294004885
  439.000000000     0.279173414
  440.000000000     0.264530201
  441.000000000     0.250103361
  442.000000000     0.235929085
  443.000000000     0.222041245
  444.000000000     0.208471213
  445.000000000     0.195250196
  446.000000000     0.182409590
  447.000000000     0.169979605
  448.000000000     0.157986451
  449.000000000     0.146450319
  450.000000000     0.135393076
  451.000000000     0.124836076
  452.000000000     0.114801572
  453.000000000     0.105293276
  454.000000000     0.096317157
  455.000000000     0.087879713
  456.000000000     0.079985749
  457.000000000     0.072645839
  458.000000000     0.065855692
  459.000000000     0.059601228
  460.000000000     0.053874527
  461.000000000     0.048666662
  462.000000000     0.043962414
  463.000000000     0.039752101
  464.000000000     0.036015757
  465.000000000     0.032736900
  466.000000000     0.029898238
  467.000000000     0.027480230
  468.000000000     0.025465742
  469.000000000     0.023834719
  470.000000000     0.022565626
  471.000000000     0.021638519
  472.000000000     0.021035407
  473.000000000     0.020735450
  474.000000000     0.020716144
  475.000000000     0.020957032
  476.000000000     0.021438712
  477.000000000     0.022141853
  478.000000000     0.023047024
  479.000000000     0.024136233
  480.000000000     0.025391552
  481.000000000     0.026793961
  482.000000000     0.028328351
  483.000000000     0.029975733
  484.000000000     0.031719925
  485.000000000     0.033545271
  486.000000000     0.035437927
  487.000000000     0.037385100
  488.000000000     0.039375606
  489.000000000     0.041399758
  490.000000000     0.043438302
  491.000000000     0.045480670
  492.000000000     0.047514084
  493.000000000     0.049527357
  494.000000000     0.051511160
  495.000000000     0.053460709
  496.000000000     0.055367888
  497.000000000     0.057220068
  498.000000000     0.059012645
  499.000000000     0.060738879
