    0.000000000    15.074000359
    1.000000000    15.074000359
    2.000000000    15.074000359
    3.000000000    15.074000359
    4.000000000    15.074000359
    5.000000000    15.074000359
    6.000000000    15.074000359
    7.000000000    15.074000359
    8.000000000    15.074000359
    9.000000000    15.074000359
   10.000000000    15.074000359
   11.000000000    15.074000359
   12.000000000    15.074000359
   13.000000000    15.074000359
   14.000000000    15.074000359
   15.000000000    15.074000359
   16.000000000    15.074000359
   17.000000000    15.074000359
   18.000000000    15.074000359
   19.000000000    15.074000359
   20.000000000    15.074000359
   21.000000000    15.074000359
   22.000000000    15.074000359
   23.000000000    15.074000359
   24.000000000    15.074000359
   25.000000000    15.074000359
   26.000000000    15.074000359
   27.000000000    15.074000359
   28.000000000    15.074000359
   29.000000000    15.074000359
   30.000000000    15.074000359
   31.000000000    15.074000359
   32.000000000    15.074000359
   33.000000000    15.074000359
   34.000000000    15.074000359
   35.000000000    15.074000359
   36.000000000    15.074000359
   37.000000000    15.074000359
   38.000000000    15.074000359
   39.000000000    15.074000359
   40.000000000    15.074000359
   41.000000000    15.074000359
   42.000000000    15.074000359
   43.000000000    15.074000359
   44.000000000    15.074000359
   45.000000000    15.074000359
   46.000000000    15.074000359
   47.000000000    15.074000359
   48.000000000    15.074000359
   49.000000000    15.074000359
   50.000000000    15.074000359
   51.000000000    15.074000359
   52.000000000    15.074000359
   53.000000000    15.074000359
   54.000000000    15.074000359
   55.000000000    15.074000359
   56.000000000    15.074000359
   57.000000000    15.074000359
   58.000000000    15.074000359
   59.000000000    15.074000359
   60.000000000    15.074000359
   61.000000000    15.074000359
   62.000000000    15.074000359
   63.000000000    15.074000359
   64.000000000    15.074000359
   65.000000000    15.074000359
   66.000000000    15.074000359
   67.000000000    15.074000359
   68.000000000    15.074000359
   69.000000000    15.074000359
   70.000000000    15.074000359
   71.000000000    15.074000359
   72.000000000    15.074000359
   73.000000000    15.074000359
   74.000000000    15.074000359
   75.000000000    15.074000359
   76.000000000    15.074000359
   77.000000000    15.074000359
   78.000000000    15.074000359
   79.000000000    15.074000359
   80.000000000    15.074000359
   81.000000000    15.074000359
   82.000000000    15.074000359
   83.000000000    15.074000359
   84.000000000    15.074000359
   85.000000000    15.074000359
   86.000000000    15.074000359
   87.000000000    15.074000359
   88.000000000    15.074000359
   89.000000000    15.074000359
   90.000000000    15.074000359
   91.000000000    15.074000359
   92.000000000    15.074000359
   93.000000000    15.074000359
   94.000000000    15.074000359
   95.000000000    15.074000359
   96.000000000    15.074000359
   97.000000000    15.074000359
   98.000000000    15.074000359
   99.000000000    15.074000359
  100.000000000    15.074000359
  101.000000000    15.074000359
  102.000000000    15.074000359
  103.000000000    15.074000359
  104.000000000    15.074000359
  105.000000000    15.074000359
  106.000000000    15.074000359
  107.000000000    15.074000359
  108.000000000    15.074000359
  109.000000000    15.074000359
  110.000000000    15.074000359
  111.000000000    15.074000359
  112.000000000    15.074000359
  113.000000000    15.074000359
  114.000000000    15.074000359
  115.000000000    15.074000359
  116.000000000    15.074000359
  117.000000000    15.074000359
  118.000000000    15.074000359
  119.000000000    15.074000359
  120.000000000    15.074000359
  121.000000000    15.074000359
  122.000000000    15.074000359
  123.000000000    15.074000359
  124.000000000    15.074000359
  125.000000000    15.074000359
  126.000000000    15.074000359
  127.000000000    15.074000359
  128.000000000    15.074000359
  129.000000000    15.074000359
  130.000000000    15.074000359
  131.000000000    15.074000359
  132.000000000    15.074000359
  133.000000000    15.074000359
  134.000000000    15.074000359
  135.000000000    15.074000359
  136.000000000    15.074000359
  137.000000000    15.074000359
  138.000000000    15.074000359
  139.000000000    15.074000359
  140.000000000    15.074000359
  141.000000000    15.074000359
  142.000000000    15.074000359
  143.000000000    15.074000359
  144.000000000    15.074000359
  145.000000000    15.074000359
  146.000000000    15.074000359
  147.000000000    15.074000359
  148.000000000    15.074000359
  149.000000000    15.074000359
  150.000000000    15.074000359
  151.000000000    15.074000359
  152.000000000    15.074000359
  153.000000000    15.074000359
  154.000000000    15.074000359
  155.000000000    15.074000359
  156.000000000    15.074000359
  157.000000000    15.074000359
  158.000000000    15.074000359
  159.000000000    15.074000359
  160.000000000    15.074000359
  161.000000000    15.074000359
  162.000000000    15.074000359
  163.000000000    15.074000359
  164.000000000    15.074000359
  165.000000000    15.074000359
  166.000000000    15.074000359
  167.000000000    15.074000359
  168.000000000    15.074000359
  169.000000000    15.074000359
  170.000000000    15.074000359
  171.000000000    15.074000359
  172.000000000    15.074000359
  173.000000000    15.074000359
  174.000000000    15.074000359
  175.000000000    15.074000359
  176.000000000    15.074000359
  177.000000000    15.074000359
  178.000000000    15.074000359
  179.000000000    15.074000359
  180.000000000    15.074000359
  181.000000000    15.074000359
  182.000000000    15.074000359
  183.000000000    15.074000359
  184.000000000    15.074000359
  185.000000000    15.074000359
  186.000000000    15.074000359
  187.000000000    15.074000359
  188.000000000    15.074000359
  189.000000000    15.074000359
  190.000000000    15.074000359
  191.000000000    15.074000359
  192.000000000    15.074000359
  193.000000000    15.074000359
  194.000000000    15.074000359
  195.000000000    15.074000359
  196.000000000    15.074000359
  197.000000000    15.074000359
  198.000000000    15.074000359
  199.000000000    15.074000359
  200.000000000    15.074000359
  201.000000000    15.074000359
  202.000000000    15.074000359
  203.000000000    15.074000359
  204.000000000    15.074000359
  205.000000000    15.074000359
  206.000000000    15.074000359
  207.000000000    15.074000359
  208.000000000    15.074000359
  209.000000000    15.074000359
  210.000000000    15.074000359
  211.000000000    15.074000359
  212.000000000    15.074000359
  213.000000000    15.074000359
  214.000000000    15.074000359
  215.000000000    15.074000359
  216.000000000    15.074000359
  217.000000000    15.074000359
  218.000000000    15.074000359
  219.000000000    15.074000359
  220.000000000    15.074000359
  221.000000000    15.074000359
  222.000000000    15.074000359
  223.000000000    15.074000359
  224.000000000    15.074000359
  225.000000000    15.074000359
  226.000000000    15.074000359
  227.000000000    15.074000359
  228.000000000    15.074000359
  229.000000000    15.074000359
  230.000000000    15.074000359
  231.000000000    15.074000359
  232.000000000    15.074000359
  233.000000000    15.074000359
  234.000000000    15.074000359
  235.000000000    15.074000359
  236.000000000    15.074000359
  237.000000000    15.074000359
  238.000000000    15.074000359
  239.000000000    15.074000359
  240.000000000    15.074000359
  241.000000000    15.074000359
  242.000000000    15.074000359
  243.000000000    15.074000359
  244.000000000    15.074000359
  245.000000000    15.074000359
  246.000000000    15.074000359
  247.000000000    15.074000359
  248.000000000    15.074000359
  249.000000000    15.074000359
  250.000000000    15.074000359
  251.000000000    15.074000359
  252.000000000    15.074000359
  253.000000000    15.074000359
  254.000000000    15.074000359
  255.000000000    15.074000359
  256.000000000    15.074000359
  257.000000000    15.074000359
  258.000000000    15.074000359
  259.000000000    15.074000359
  260.000000000    15.074000359
  261.000000000    15.074000359
  262.000000000    15.074000359
  263.000000000    15.074000359
  264.000000000    15.074000359
  265.000000000    15.074000359
  266.000000000    15.074000359
  267.000000000    15.074000359
  268.000000000    15.074000359
  269.000000000    15.074000359
  270.000000000    15.074000359
  271.000000000    15.074000359
  272.000000000    15.074000359
  273.000000000    15.074000359
  274.000000000    15.074000359
  275.000000000    15.074000359
  276.000000000    15.074000359
  277.000000000    15.074000359
  278.000000000    15.074000359
  279.000000000    15.074000359
  280.000000000    15.074000359
  281.000000000    15.074000359
  282.000000000    15.074000359
  283.000000000    15.074000359
  284.000000000    15.074000359
  285.000000000    15.074000359
  286.000000000    15.074000359
  287.000000000    15.074000359
  288.000000000    15.074000359
  289.000000000    15.074000359
  290.000000000    15.074000359
  291.000000000    15.074000359
  292.000000000    15.074000359
  293.000000000    15.074000359
  294.000000000    15.074000359
  295.000000000    15.074000359
  296.000000000    15.074000359
  297.000000000    15.074000359
  298.000000000    15.074000359
  299.000000000    15.074000359
  300.000000000    15.074000359
  301.000000000    15.074000359
  302.000000000    15.074000359
  303.000000000    15.074000359
  304.000000000    15.074000359
  305.000000000    15.074000359
  306.000000000    15.074000359
  307.000000000    15.074000359
  308.000000000    15.074000359
  309.000000000    15.074000359
  310.000000000    15.074000359
  311.000000000    15.074000359
  312.000000000    15.074000359
  313.000000000    15.074000359
  314.000000000    15.074000359
  315.000000000    15.074000359
  316.000000000    15.074000359
  317.000000000    15.074000359
  318.000000000    15.074000359
  319.000000000    15.074000359
  320.000000000    15.074000359
  321.000000000    15.074000359
  322.000000000    15.074000359
  323.000000000    15.074000359
  324.000000000    15.074000359
  325.000000000    15.074000359
  326.000000000    15.074000359
  327.000000000    15.074000359
  328.000000000    15.074000359
  329.000000000    15.074000359
  330.000000000    15.074000359
  331.000000000    15.074000359
  332.000000000    15.074000359
  333.000000000    15.074000359
  334.000000000    15.074000359
  335.000000000    15.074000359
  336.000000000    15.074000359
  337.000000000    15.074000359
  338.000000000    15.074000359
  339.000000000    15.074000359
  340.000000000    15.074000359
  341.000000000    15.074000359
  342.000000000    15.074000359
  343.000000000    15.074000359
  344.000000000    15.074000359
  345.000000000    15.074000359
  346.000000000    15.074000359
  347.000000000    15.074000359
  348.000000000    15.074000359
  349.000000000    15.074000359
  350.000000000    15.074000359
  351.000000000    15.074000359
  352.000000000    15.074000359
  353.000000000    15.074000359
  354.000000000    15.074000359
  355.000000000    15.074000359
  356.000000000    15.074000359
  357.000000000    15.074000359
  358.000000000    15.074000359
  359.000000000    15.074000359
  360.000000000    15.074000359
  361.000000000    15.074000359
  362.000000000    15.074000359
  363.000000000    15.074000359
  364.000000000    15.074000359
  365.000000000    15.074000359
  366.000000000    15.074000359
  367.000000000    15.074000359
  368.000000000    15.074000359
  369.000000000    15.074000359
  370.000000000    15.074000359
  371.000000000    15.074000359
  372.000000000    15.074000359
  373.000000000    15.074000359
  374.000000000    15.074000359
  375.000000000    15.074000359
  376.000000000    15.074000359
  377.000000000    15.074000359
  378.000000000    15.074000359
  379.000000000    15.074000359
  380.000000000    15.074000359
  381.000000000    15.074000359
  382.000000000    15.074000359
  383.000000000    15.074000359
  384.000000000    15.074000359
  385.000000000    15.074000359
  386.000000000    15.074000359
  387.000000000    15.074000359
  388.000000000    15.074000359
  389.000000000    15.074000359
  390.000000000    15.074000359
  391.000000000    15.074000359
  392.000000000    15.074000359
  393.000000000    15.074000359
  394.000000000    15.074000359
  395.000000000    15.074000359
  396.000000000    15.074000359
  397.000000000    15.074000359
  398.000000000    15.074000359
  399.000000000    15.074000359
  400.000000000    15.074000359
  401.000000000    15.074000359
  402.000000000    15.074000359
  403.000000000    15.074000359
  404.000000000    15.074000359
  405.000000000    15.074000359
  406.000000000    15.074000359
  407.000000000    15.074000359
  408.000000000    15.074000359
  409.000000000    15.074000359
  410.000000000    15.074000359
  411.000000000    15.074000359
  412.000000000    15.074000359
  413.000000000    15.074000359
  414.000000000    15.074000359
  415.000000000    15.074000359
  416.000000000    15.074000359
  417.000000000    15.074000359
  418.000000000    15.074000359
  419.000000000    15.074000359
  420.000000000    15.074000359
  421.000000000    15.074000359
  422.000000000    15.074000359
  423.000000000    15.074000359
  424.000000000    15.074000359
  425.000000000    15.074000359
  426.000000000    15.074000359
  427.000000000    15.074000359
  428.000000000    15.074000359
  429.000000000    15.074000359
  430.000000000    15.074000359
  431.000000000    15.074000359
  432.000000000    15.074000359
  433.000000000    15.074000359
  434.000000000    15.074000359
  435.000000000    15.074000359
  436.000000000    15.074000359
  437.000000000    15.074000359
  438.000000000    15.074000359
  439.000000000    15.074000359
  440.000000000    15.074000359
  441.000000000    15.074000359
  442.000000000    15.074000359
  443.000000000    15.074000359
  444.000000000    15.074000359
  445.000000000    15.074000359
  446.000000000    15.074000359
  447.000000000    15.074000359
  448.000000000    15.074000359
  449.000000000    15.074000359
  450.000000000    15.074000359
  451.000000000    15.074000359
  452.000000000    15.074000359
  453.000000000    15.074000359
  454.000000000    15.074000359
  455.000000000    15.074000359
  456.000000000    15.074000359
  457.000000000    15.074000359
  458.000000000    15.074000359
  459.000000000    15.074000359
  460.000000000    15.074000359
  461.000000000    15.074000359
  462.000000000    15.074000359
  463.000000000    15.074000359
  464.000000000    15.074000359
  465.000000000    15.074000359
  466.000000000    15.074000359
  467.000000000    15.074000359
  468.000000000    15.074000359
  469.000000000    15.074000359
  470.000000000    15.074000359
  471.000000000    15.074000359
  472.000000000    15.074000359
  473.000000000    15.074000359
  474.000000000    15.074000359
  475.000000000    15.074000359
  476.000000000    15.074000359
  477.000000000    15.074000359
  478.000000000    15.074000359
  479.000000000    15.074000359
  480.000000000    15.074000359
  481.000000000    15.074000359
  482.000000000    15.074000359
  483.000000000    15.074000359
  484.000000000    15.074000359
  485.000000000    15.074000359
  486.000000000    15.074000359
  487.000000000    15.074000359
  488.000000000    15.074000359
  489.000000000    15.074000359
  490.000000000    15.074000359
  491.000000000    15.074000359
  492.000000000    15.074000359
  493.000000000    15.074000359
  494.000000000    15.074000359
  495.000000000    15.074000359
  496.000000000    15.074000359
  497.000000000    15.074000359
  498.000000000    15.074000359
  499.000000000    15.074000359
