    0.000000000   113.568862905
    1.000000000   113.523200627
    2.000000000   113.369807342
    3.000000000   113.110323310
    4.000000000   112.747558324
    5.000000000   112.285431336
    6.000000000   111.728894543
    7.000000000   111.083844724
    8.000000000   110.357022228
    9.000000000   109.555898769
   10.000000000   108.688557077
   11.000000000   107.763563457
   12.000000000   106.789834659
   13.000000000   105.776502137
   14.000000000   104.732775695
   15.000000000   103.667808536
   16.000000000   102.590565162
   17.000000000   101.509701036
   18.000000000   100.433449073
   19.000000000    99.369511349
   20.000000000    98.324966431
   21.000000000    97.306191262
   22.000000000    96.318796424
   23.000000000    95.367574273
   24.000000000    94.456465115
   25.000000000    93.588540068
   26.000000000    92.765996832
   27.000000000    91.990169216
   28.000000000    91.261550815
   29.000000000    90.579834125
   30.000000000    89.943954596
   31.000000000    89.352140311
   32.000000000    88.801975117
   33.000000000    88.290467388
   34.000000000    87.814120944
   35.000000000    87.369009570
   36.000000000    86.950852950
   37.000000000    86.555092128
   38.000000000    86.176966637
   39.000000000    85.811590080
   40.000000000    85.454022424
   41.000000000    85.099341662
   42.000000000    84.742709654
   43.000000000    84.379442610
   44.000000000    84.005078886
   45.000000000    83.615436331
   46.000000000    83.206673407
   47.000000000    82.775344928
   48.000000000    82.318452930
   49.000000000    81.833490571
   50.000000000    81.318488833
   51.000000000    80.772058798
   52.000000000    80.193419528
   53.000000000    79.582151749
   54.000000000    78.931441008
   55.000000000    78.226800451
   56.000000000    77.456021171
   57.000000000    76.616052857
   58.000000000    75.716704828
   59.000000000    74.782215265
   60.000000000    73.848707687
   61.000000000    72.956895091
   62.000000000    72.141679102
   63.000000000    71.422370274
   64.000000000    70.797661476
   65.000000000    70.247623334
   66.000000000    69.741770184
   67.000000000    69.249596351
   68.000000000    68.749410632
   69.000000000    68.232814446
   70.000000000    67.704549003
   71.000000000    67.179269901
   72.000000000    66.677036029
   73.000000000    66.212866268
   74.000000000    65.792442803
   75.000000000    65.418449522
   76.000000000    65.093076914
   77.000000000    64.817980412
   78.000000000    64.594247399
   79.000000000    64.422372066
   80.000000000    64.302238519
   81.000000000    64.233112900
   82.000000000    64.213644641
   83.000000000    64.241816103
   84.000000000    64.313987368
   85.000000000    64.424744437
   86.000000000    64.568186468
   87.000000000    64.738712038
   88.000000000    64.931529658
   89.000000000    65.143118759
   90.000000000    65.371485858
   91.000000000    65.616069642
   92.000000000    65.877225179
   93.000000000    66.155341966
   94.000000000    66.449791351
   95.000000000    66.757997115
   96.000000000    67.074924125
   97.000000000    67.393163280
   98.000000000    67.703604572
   99.000000000    67.996512696
  100.000000000    68.262705995
  101.000000000    68.494547556
  102.000000000    68.686565472
  103.000000000    68.835658129
  104.000000000    68.940964421
  105.000000000    69.003549517
  106.000000000    69.025618996
  107.000000000    69.008513621
  108.000000000    68.952511051
  109.000000000    68.858196413
  110.000000000    68.726558343
  111.000000000    68.558949055
  112.000000000    68.357045098
  113.000000000    68.122806350
  114.000000000    67.858434319
  115.000000000    67.566328972
  116.000000000    67.249044668
  117.000000000    66.909252805
  118.000000000    66.549706557
  119.000000000    66.173203257
  120.000000000    65.782550542
  121.000000000    65.380537708
  122.000000000    64.969908959
  123.000000000    64.553339441
  124.000000000    64.133414168
  125.000000000    63.712609943
  126.000000000    63.293280138
  127.000000000    62.877642339
  128.000000000    62.467767953
  129.000000000    62.065573131
  130.000000000    61.672812489
  131.000000000    61.291077880
  132.000000000    60.921796821
  133.000000000    60.566229875
  134.000000000    60.225470080
  135.000000000    59.900443845
  136.000000000    59.591912238
  137.000000000    59.300426388
  138.000000000    59.023082707
  139.000000000    58.752817408
  140.000000000    58.483625711
  141.000000000    58.213921120
  142.000000000    57.947393607
  143.000000000    57.693033457
  144.000000000    57.463800040
  145.000000000    57.273863321
  146.000000000    57.134961292
  147.000000000    57.052955461
  148.000000000    57.025795597
  149.000000000    57.043666255
  150.000000000    57.091272820
  151.000000000    57.151425336
  152.000000000    57.208689415
  153.000000000    57.252044231
  154.000000000    57.276042887
  155.000000000    57.280589840
  156.000000000    57.269865156
  157.000000000    57.250104115
  158.000000000    57.224633896
  159.000000000    57.193287538
  160.000000000    57.155670542
  161.000000000    57.111501689
  162.000000000    57.060593900
  163.000000000    57.002856540
  164.000000000    56.938298811
  165.000000000    56.867022498
  166.000000000    56.789236214
  167.000000000    56.705270636
  168.000000000    56.615592839
  169.000000000    56.520828130
  170.000000000    56.421782819
  171.000000000    56.319464893
  172.000000000    56.215100154
  173.000000000    56.110144362
  174.000000000    56.006291293
  175.000000000    55.905473803
  176.000000000    55.809853735
  177.000000000    55.721807044
  178.000000000    55.643904542
  179.000000000    55.578885048
  180.000000000    55.529620011
  181.000000000    55.499071941
  182.000000000    55.490249408
  183.000000000    55.506156775
  184.000000000    55.549741374
  185.000000000    55.623838679
  186.000000000    55.731115327
  187.000000000    55.874011704
  188.000000000    56.054684925
  189.000000000    56.274952900
  190.000000000    56.536242027
  191.000000000    56.839539890
  192.000000000    57.185351383
  193.000000000    57.573663177
  194.000000000    58.003916643
  195.000000000    58.474988193
  196.000000000    58.985179445
  197.000000000    59.532219673
  198.000000000    60.113280410
  199.000000000    60.725000337
  200.000000000    61.363521546
  201.000000000    62.024536763
  202.000000000    62.703347321
  203.000000000    63.394929665
  204.000000000    64.094009320
  205.000000000    64.795140757
  206.000000000    65.492791019
  207.000000000    66.181425973
  208.000000000    66.855596155
  209.000000000    67.510023635
  210.000000000    68.139681262
  211.000000000    68.739864828
  212.000000000    69.306265025
  213.000000000    69.835030118
  214.000000000    70.322818514
  215.000000000    70.766840759
  216.000000000    71.164892388
  217.000000000    71.515376907
  218.000000000    71.817316700
  219.000000000    72.070351966
  220.000000000    72.274728338
  221.000000000    72.431274259
  222.000000000    72.541368040
  223.000000000    72.606895424
  224.000000000    72.630196453
  225.000000000    72.614008978
  226.000000000    72.561408849
  227.000000000    72.475742201
  228.000000000    72.360556067
  229.000000000    72.219529586
  230.000000000    72.056407280
  231.000000000    71.874935895
  232.000000000    71.678807189
  233.000000000    71.471608631
  234.000000000    71.256779446
  235.000000000    71.037573054
  236.000000000    70.817028058
  237.000000000    70.597946245
  238.000000000    70.382875942
  239.000000000    70.174100565
  240.000000000    69.973631510
  241.000000000    69.783202760
  242.000000000    69.604266426
  243.000000000    69.437988461
  244.000000000    69.285243824
  245.000000000    69.146610791
  246.000000000    69.022363987
  247.000000000    68.912467273
  248.000000000    68.816568249
  249.000000000    68.733995214
  250.000000000    68.663756458
  251.000000000    68.604543113
  252.000000000    68.554739857
  253.000000000    68.512442879
  254.000000000    68.475484437
  255.000000000    68.441464205
  256.000000000    68.407791437
  257.000000000    68.371735064
  258.000000000    68.330476646
  259.000000000    68.281168465
  260.000000000    68.220994307
  261.000000000    68.147231393
  262.000000000    68.057311084
  263.000000000    67.948877273
  264.000000000    67.819840649
  265.000000000    67.668426544
  266.000000000    67.493215925
  267.000000000    67.293179032
  268.000000000    67.067700907
  269.000000000    66.816600932
  270.000000000    66.540141180
  271.000000000    66.239021308
  272.000000000    65.914370224
  273.000000000    65.567732387
  274.000000000    65.201044256
  275.000000000    64.816606008
  276.000000000    64.417049781
  277.000000000    64.005298773
  278.000000000    63.584519806
  279.000000000    63.158076314
  280.000000000    62.729480046
  281.000000000    62.302340144
  282.000000000    61.880310402
  283.000000000    61.467037594
  284.000000000    61.066112191
  285.000000000    60.681019824
  286.000000000    60.315096157
  287.000000000    59.971485333
  288.000000000    59.653102009
  289.000000000    59.362596183
  290.000000000    59.102320402
  291.000000000    58.874302728
  292.000000000    58.680224503
  293.000000000    58.521400352
  294.000000000    58.398761746
  295.000000000    58.312844707
  296.000000000    58.263780444
  297.000000000    58.251289452
  298.000000000    58.274680447
  299.000000000    58.332852580
  300.000000000    58.424301062
  301.000000000    58.547129890
  302.000000000    58.699072743
  303.000000000    58.877519449
  304.000000000    59.079549635
  305.000000000    59.301970145
  306.000000000    59.541361080
  307.000000000    59.794132160
  308.000000000    60.056581674
  309.000000000    60.324960460
  310.000000000    60.595538986
  311.000000000    60.864675115
  312.000000000    61.128881238
  313.000000000    61.384887342
  314.000000000    61.629697872
  315.000000000    61.860640101
  316.000000000    62.075407613
  317.000000000    62.272093901
  318.000000000    62.449210189
  319.000000000    62.605693721
  320.000000000    62.740906694
  321.000000000    62.854626728
  322.000000000    62.947028992
  323.000000000    63.018660803
  324.000000000    63.070412314
  325.000000000    63.103483722
  326.000000000    63.119350132
  327.000000000    63.119726359
  328.000000000    63.106531775
  329.000000000    63.081855117
  330.000000000    63.047922649
  331.000000000    63.007065170
  332.000000000    62.961680101
  333.000000000    62.914195199
  334.000000000    62.867034030
  335.000000000    62.822576845
  336.000000000    62.783118922
  337.000000000    62.750829562
  338.000000000    62.727709362
  339.000000000    62.715547640
  340.000000000    62.715881790
  341.000000000    62.729959950
  342.000000000    62.758708989
  343.000000000    62.802709313
  344.000000000    62.862177516
  345.000000000    62.936957978
  346.000000000    63.026524452
  347.000000000    63.129991514
  348.000000000    63.246136747
  349.000000000    63.373431788
  350.000000000    63.510079790
  351.000000000    63.654059488
  352.000000000    63.803174193
  353.000000000    63.955103813
  354.000000000    64.107463736
  355.000000000    64.257861552
  356.000000000    64.403947311
  357.000000000    64.543462858
  358.000000000    64.674288090
  359.000000000    64.794484406
  360.000000000    64.902331097
  361.000000000    64.996355792
  362.000000000    65.075360744
  363.000000000    65.138442483
  364.000000000    65.185005015
  365.000000000    65.214767402
  366.000000000    65.227765148
  367.000000000    65.224345733
  368.000000000    65.205159165
  369.000000000    65.171143030
  370.000000000    65.123502100
  371.000000000    65.063683438
  372.000000000    64.993347299
  373.000000000    64.914333189
  374.000000000    64.828622378
  375.000000000    64.738297811
  376.000000000    64.645500802
  377.000000000    64.552385848
  378.000000000    64.461073792
  379.000000000    64.373604356
  380.000000000    64.291889562
  381.000000000    64.217668298
  382.000000000    64.152463917
  383.000000000    64.097544828
  384.000000000    64.053889275
  385.000000000    64.022156643
  386.000000000    64.002666775
  387.000000000    63.995384506
  388.000000000    63.999913332
  389.000000000    64.015501585
  390.000000000    64.041057483
  391.000000000    64.075170101
  392.000000000    64.116140743
  393.000000000    64.162031435
  394.000000000    64.210718823
  395.000000000    64.259950544
  396.000000000    64.307408588
  397.000000000    64.350777013
  398.000000000    64.387811317
  399.000000000    64.416407067
  400.000000000    64.434665313
  401.000000000    64.440953021
  402.000000000    64.433955569
  403.000000000    64.412718925
  404.000000000    64.376680867
  405.000000000    64.325688006
  406.000000000    64.259999111
  407.000000000    64.180274777
  408.000000000    64.087553818
  409.000000000    63.983217085
  410.000000000    63.868937342
  411.000000000    63.746622951
  412.000000000    63.618356311
  413.000000000    63.486326117
  414.000000000    63.352760352
  415.000000000    63.219861642
  416.000000000    63.089747744
  417.000000000    62.964400242
  418.000000000    62.845622220
  419.000000000    62.735006484
  420.000000000    62.633914636
  421.000000000    62.543466205
  422.000000000    62.464533053
  423.000000000    62.397742868
  424.000000000    62.343490235
  425.000000000    62.301949450
  426.000000000    62.273089322
  427.000000000    62.256686573
  428.000000000    62.252339502
  429.000000000    62.259477877
  430.000000000    62.277369778
  431.000000000    62.305129111
  432.000000000    62.341721043
  433.000000000    62.385967372
  434.000000000    62.436552446
  435.000000000    62.492033337
  436.000000000    62.550853515
  437.000000000    62.611358817
  438.000000000    62.671818066
  439.000000000    62.730448740
  440.000000000    62.785447323
  441.000000000    62.835021592
  442.000000000    62.877425243
  443.000000000    62.910992658
  444.000000000    62.934173518
  445.000000000    62.945565783
  446.000000000    62.943944827
  447.000000000    62.928287562
  448.000000000    62.897792527
  449.000000000    62.851897698
  450.000000000    62.790290211
  451.000000000    62.712909615
  452.000000000    62.619948520
  453.000000000    62.511845712
  454.000000000    62.389275404
  455.000000000    62.253135746
  456.000000000    62.104534153
  457.000000000    61.944766950
  458.000000000    61.775300817
  459.000000000    61.597759076
  460.000000000    61.413902922
  461.000000000    61.225609285
  462.000000000    61.034849339
  463.000000000    60.843668951
  464.000000000    60.654169166
  465.000000000    60.468486369
  466.000000000    60.288773242
  467.000000000    60.117178854
  468.000000000    59.955828669
  469.000000000    59.806804080
  470.000000000    59.672120838
  471.000000000    59.553706999
  472.000000000    59.453380910
  473.000000000    59.372827712
  474.000000000    59.313574744
  475.000000000    59.276967992
  476.000000000    59.264148968
  477.000000000    59.276031956
  478.000000000    59.313282680
  479.000000000    59.376299120
  480.000000000    59.465194757
  481.000000000    59.579785012
  482.000000000    59.719577969
  483.000000000    59.883769375
  484.000000000    60.071242512
  485.000000000    60.280573921
  486.000000000    60.510044505
  487.000000000    60.757657077
  488.000000000    61.021160292
  489.000000000    61.298077655
  490.000000000    61.585739175
  491.000000000    61.881318292
  492.000000000    62.181874370
  493.000000000    62.484396598
  494.000000000    62.785849557
  495.000000000    63.083219249
  496.000000000    63.373558369
  497.000000000    63.654029713
  498.000000000    63.921946904
  499.000000000    64.174812285
