    0.000000000     9.661707623
    1.000000000     9.574221330
    2.000000000     9.428844403
    3.000000000     9.232050138
    4.000000000     8.992479688
    5.000000000     8.720408089
    6.000000000     8.427105844
    7.000000000     8.123949866
    8.000000000     7.821986629
    9.000000000     7.531358197
   10.000000000     7.260873370
   11.000000000     7.017798805
   12.000000000     6.807761398
   13.000000000     6.634754249
   14.000000000     6.501323797
   15.000000000     6.408816818
   16.000000000     6.357648595
   17.000000000     6.343098861
   18.000000000     6.334328427
   19.000000000     6.325509110
   20.000000000     6.316553707
   21.000000000     6.307407093
   22.000000000     6.298016670
   23.000000000     6.288333362
   24.000000000     6.278352559
   25.000000000     6.268108553
   26.000000000     6.257644868
   27.000000000     6.247020869
   28.000000000     6.236332376
   29.000000000     6.225702486
   30.000000000     6.215247984
   31.000000000     6.205102496
   32.000000000     6.195452249
   33.000000000     6.186438390
   34.000000000     6.178233849
   35.000000000     6.171009501
   36.000000000     6.164935684
   37.000000000     6.160154140
   38.000000000     6.156847703
   39.000000000     6.155132722
   40.000000000     6.155166923
   41.000000000     6.157055659
   42.000000000     6.160944730
   43.000000000     6.166904453
   44.000000000     6.175027236
   45.000000000     6.185345489
   46.000000000     6.197845270
   47.000000000     6.212522478
   48.000000000     6.229355264
   49.000000000     6.248303674
   50.000000000     6.269332496
   51.000000000     6.292349451
   52.000000000     6.317253790
   53.000000000     6.343928856
   54.000000000     6.372258067
   55.000000000     6.407671646
   56.000000000     6.461228964
   57.000000000     6.531113565
   58.000000000     6.614116781
   59.000000000     6.705876001
   60.000000000     6.800886953
   61.000000000     6.892810576
   62.000000000     6.975090825
   63.000000000     7.041840933
   64.000000000     7.088706111
   65.000000000     7.113494781
   66.000000000     7.116592188
   67.000000000     7.100834392
   68.000000000     7.071028015
   69.000000000     7.033108267
   70.000000000     6.993332940
   71.000000000     6.957439376
   72.000000000     6.930245665
   73.000000000     6.915406086
   74.000000000     6.915515199
   75.000000000     6.926795288
   76.000000000     6.936667316
   77.000000000     6.944606608
   78.000000000     6.950607565
   79.000000000     6.954714100
   80.000000000     6.956997390
   81.000000000     6.957557973
   82.000000000     6.956487541
   83.000000000     6.953883956
   84.000000000     6.949895059
   85.000000000     6.944585352
   86.000000000     6.938050163
   87.000000000     6.930413368
   88.000000000     6.921781645
   89.000000000     6.912274294
   90.000000000     6.901997359
   91.000000000     6.891046170
   92.000000000     6.879499931
   93.000000000     6.867415290
   94.000000000     6.854864402
   95.000000000     6.841913468
   96.000000000     6.828570045
   97.000000000     6.814851797
   98.000000000     6.800779766
   99.000000000     6.786349354
  100.000000000     6.771506628
  101.000000000     6.756226676
  102.000000000     6.740472902
  103.000000000     6.724170258
  104.000000000     6.707269075
  105.000000000     6.689724290
  106.000000000     6.671439755
  107.000000000     6.652340744
  108.000000000     6.632367191
  109.000000000     6.611433436
  110.000000000     6.589479929
  111.000000000     6.566443730
  112.000000000     6.542312246
  113.000000000     6.517038596
  114.000000000     6.490612119
  115.000000000     6.463026752
  116.000000000     6.434307059
  117.000000000     6.404456865
  118.000000000     6.373578666
  119.000000000     6.341707450
  120.000000000     6.308940271
  121.000000000     6.275378689
  122.000000000     6.241198751
  123.000000000     6.206493655
  124.000000000     6.171401701
  125.000000000     6.136086442
  126.000000000     6.100722647
  127.000000000     6.065497734
  128.000000000     6.030609211
  129.000000000     5.996221919
  130.000000000     5.962505574
  131.000000000     5.929648270
  132.000000000     5.897811358
  133.000000000     5.867173746
  134.000000000     5.837881605
  135.000000000     5.810103315
  136.000000000     5.783949995
  137.000000000     5.759558115
  138.000000000     5.737022021
  139.000000000     5.716396584
  140.000000000     5.697775851
  141.000000000     5.681210813
  142.000000000     5.666697149
  143.000000000     5.654225944
  144.000000000     5.643785393
  145.000000000     5.635371293
  146.000000000     5.628963850
  147.000000000     5.624459205
  148.000000000     5.621747147
  149.000000000     5.620759123
  150.000000000     5.621425050
  151.000000000     5.623581262
  152.000000000     5.627097380
  153.000000000     5.631827954
  154.000000000     5.637577142
  155.000000000     5.644201133
  156.000000000     5.651582245
  157.000000000     5.659545630
  158.000000000     5.667939592
  159.000000000     5.676600115
  160.000000000     5.685392851
  161.000000000     5.694191663
  162.000000000     5.702861496
  163.000000000     5.711283586
  164.000000000     5.719384787
  165.000000000     5.727050890
  166.000000000     5.734200616
  167.000000000     5.740796581
  168.000000000     5.746777877
  169.000000000     5.752146141
  170.000000000     5.756873986
  171.000000000     5.760938114
  172.000000000     5.764326211
  173.000000000     5.767070328
  174.000000000     5.769172185
  175.000000000     5.770672875
  176.000000000     5.771598339
  177.000000000     5.772015666
  178.000000000     5.771991675
  179.000000000     5.771546314
  180.000000000     5.770679303
  181.000000000     5.769424913
  182.000000000     5.767806613
  183.000000000     5.765894791
  184.000000000     5.763694177
  185.000000000     5.761220068
  186.000000000     5.758484863
  187.000000000     5.755509358
  188.000000000     5.752280173
  189.000000000     5.748804305
  190.000000000     5.745071111
  191.000000000     5.741019798
  192.000000000     5.736605787
  193.000000000     5.731765375
  194.000000000     5.726457273
  195.000000000     5.720647174
  196.000000000     5.714224223
  197.000000000     5.707160104
  198.000000000     5.699410778
  199.000000000     5.690926619
  200.000000000     5.681667263
  201.000000000     5.671604071
  202.000000000     5.660637945
  203.000000000     5.648704849
  204.000000000     5.635777603
  205.000000000     5.621862744
  206.000000000     5.606943562
  207.000000000     5.590988197
  208.000000000     5.574003040
  209.000000000     5.555977498
  210.000000000     5.536942580
  211.000000000     5.516995456
  212.000000000     5.496159185
  213.000000000     5.474442306
  214.000000000     5.451919045
  215.000000000     5.428626740
  216.000000000     5.404652237
  217.000000000     5.380052829
  218.000000000     5.354943578
  219.000000000     5.329458401
  220.000000000     5.303711370
  221.000000000     5.277794076
  222.000000000     5.251780720
  223.000000000     5.225765558
  224.000000000     5.199893265
  225.000000000     5.174297828
  226.000000000     5.149055893
  227.000000000     5.124262714
  228.000000000     5.100051374
  229.000000000     5.076533434
  230.000000000     5.053811369
  231.000000000     5.031919764
  232.000000000     5.010960582
  233.000000000     4.991015727
  234.000000000     4.972152977
  235.000000000     4.954460855
  236.000000000     4.937902746
  237.000000000     4.922541828
  238.000000000     4.908411243
  239.000000000     4.895494468
  240.000000000     4.883776912
  241.000000000     4.873255696
  242.000000000     4.863922445
  243.000000000     4.855740714
  244.000000000     4.848647052
  245.000000000     4.842606208
  246.000000000     4.837577676
  247.000000000     4.833515175
  248.000000000     4.830340000
  249.000000000     4.827984609
  250.000000000     4.826390546
  251.000000000     4.825498592
  252.000000000     4.825264023
  253.000000000     4.825660927
  254.000000000     4.826621369
  255.000000000     4.828070961
  256.000000000     4.829938681
  257.000000000     4.832181765
  258.000000000     4.834756280
  259.000000000     4.837634833
  260.000000000     4.840796554
  261.000000000     4.844273354
  262.000000000     4.848010475
  263.000000000     4.851989213
  264.000000000     4.856333261
  265.000000000     4.871320342
  266.000000000     4.903335128
  267.000000000     4.951053474
  268.000000000     5.011709139
  269.000000000     5.080676219
  270.000000000     5.151497664
  271.000000000     5.216420109
  272.000000000     5.267628442
  273.000000000     5.298618191
  274.000000000     5.305675142
  275.000000000     5.288717850
  276.000000000     5.251300890
  277.000000000     5.199807607
  278.000000000     5.142030481
  279.000000000     5.085597836
  280.000000000     5.036828656
  281.000000000     5.000037144
  282.000000000     4.977463705
  283.000000000     4.969623582
  284.000000000     4.975676351
  285.000000000     4.986434776
  286.000000000     4.997356160
  287.000000000     5.008373646
  288.000000000     5.019484974
  289.000000000     5.030631618
  290.000000000     5.041791721
  291.000000000     5.052920858
  292.000000000     5.063956519
  293.000000000     5.074871848
  294.000000000     5.085634118
  295.000000000     5.096222609
  296.000000000     5.106842838
  297.000000000     5.124631166
  298.000000000     5.152639871
  299.000000000     5.190202652
  300.000000000     5.236119175
  301.000000000     5.288450451
  302.000000000     5.344437850
  303.000000000     5.400580460
  304.000000000     5.452927683
  305.000000000     5.497437249
  306.000000000     5.530426192
  307.000000000     5.549170406
  308.000000000     5.552277663
  309.000000000     5.539892644
  310.000000000     5.513727632
  311.000000000     5.476768070
  312.000000000     5.432759436
  313.000000000     5.385661022
  314.000000000     5.339271201
  315.000000000     5.296835988
  316.000000000     5.260790004
  317.000000000     5.232742546
  318.000000000     5.213544119
  319.000000000     5.203525634
  320.000000000     5.200234785
  321.000000000     5.196908748
  322.000000000     5.193128935
  323.000000000     5.188853088
  324.000000000     5.184086423
  325.000000000     5.178852827
  326.000000000     5.173127387
  327.000000000     5.166910390
  328.000000000     5.160218304
  329.000000000     5.153037776
  330.000000000     5.145358757
  331.000000000     5.137195846
  332.000000000     5.128570582
  333.000000000     5.119476165
  334.000000000     5.109981166
  335.000000000     5.100125483
  336.000000000     5.089915493
  337.000000000     5.079355294
  338.000000000     5.068503197
  339.000000000     5.057365729
  340.000000000     5.045969737
  341.000000000     5.034371776
  342.000000000     5.022586568
  343.000000000     5.010675456
  344.000000000     4.998660761
  345.000000000     4.986602884
  346.000000000     4.974568051
  347.000000000     4.962614298
  348.000000000     4.950824199
  349.000000000     4.939219938
  350.000000000     4.927894138
  351.000000000     4.916867553
  352.000000000     4.906217032
  353.000000000     4.896015812
  354.000000000     4.886305448
  355.000000000     4.877117576
  356.000000000     4.868536254
  357.000000000     4.860594063
  358.000000000     4.853360625
  359.000000000     4.846895351
  360.000000000     4.841254824
  361.000000000     4.836439258
  362.000000000     4.832473509
  363.000000000     4.829405575
  364.000000000     4.827228462
  365.000000000     4.826001020
  366.000000000     4.825784291
  367.000000000     4.826513623
  368.000000000     4.828213231
  369.000000000     4.830864696
  370.000000000     4.834446186
  371.000000000     4.838944831
  372.000000000     4.844361084
  373.000000000     4.850662315
  374.000000000     4.857820478
  375.000000000     4.865823048
  376.000000000     4.874581138
  377.000000000     4.884062590
  378.000000000     4.894241709
  379.000000000     4.905086262
  380.000000000     4.916598582
  381.000000000     4.928688866
  382.000000000     4.941301153
  383.000000000     4.954479634
  384.000000000     4.968144570
  385.000000000     4.982234754
  386.000000000     4.996717620
  387.000000000     5.011606864
  388.000000000     5.026881275
  389.000000000     5.042513890
  390.000000000     5.058465266
  391.000000000     5.074736253
  392.000000000     5.091318619
  393.000000000     5.108205672
  394.000000000     5.125399792
  395.000000000     5.142907435
  396.000000000     5.160656779
  397.000000000     5.178584754
  398.000000000     5.196708454
  399.000000000     5.215044539
  400.000000000     5.233520396
  401.000000000     5.252046344
  402.000000000     5.270599790
  403.000000000     5.289163772
  404.000000000     5.307612873
  405.000000000     5.325890489
  406.000000000     5.343934344
  407.000000000     5.361623037
  408.000000000     5.378878183
  409.000000000     5.395646142
  410.000000000     5.411851785
  411.000000000     5.427462681
  412.000000000     5.442396732
  413.000000000     5.456637312
  414.000000000     5.470206439
  415.000000000     5.483119296
  416.000000000     5.495456232
  417.000000000     5.507496841
  418.000000000     5.520936215
  419.000000000     5.536179060
  420.000000000     5.553174689
  421.000000000     5.571790555
  422.000000000     5.591769059
  423.000000000     5.612696691
  424.000000000     5.634024947
  425.000000000     5.655028610
  426.000000000     5.674970191
  427.000000000     5.696124878
  428.000000000     5.736358442
  429.000000000     5.786120013
  430.000000000     5.822312256
  431.000000000     5.823949717
  432.000000000     5.788070494
  433.000000000     5.732299386
  434.000000000     5.680916704
  435.000000000     5.649984608
  436.000000000     5.632908098
  437.000000000     5.617874617
  438.000000000     5.605509824
  439.000000000     5.596125708
  440.000000000     5.589452451
  441.000000000     5.583472874
  442.000000000     5.577664639
  443.000000000     5.571731970
  444.000000000     5.565385871
  445.000000000     5.558260934
  446.000000000     5.553945343
  447.000000000     5.580197345
  448.000000000     5.637682194
  449.000000000     5.711065488
  450.000000000     5.774322985
  451.000000000     5.799233884
  452.000000000     5.769457051
  453.000000000     5.690002989
  454.000000000     5.584287333
  455.000000000     5.481480814
  456.000000000     5.404243638
  457.000000000     5.363178753
  458.000000000     5.332612107
  459.000000000     5.300740096
  460.000000000     5.267842482
  461.000000000     5.234196420
  462.000000000     5.200077322
  463.000000000     5.165700471
  464.000000000     5.131259711
  465.000000000     5.096991598
  466.000000000     5.063005191
  467.000000000     5.029392796
  468.000000000     4.996174088
  469.000000000     4.963405320
  470.000000000     4.931114416
  471.000000000     4.899346529
  472.000000000     4.868116038
  473.000000000     4.837472147
  474.000000000     4.807547939
  475.000000000     4.778448908
  476.000000000     4.750303094
  477.000000000     4.723299633
  478.000000000     4.697626745
  479.000000000     4.673503664
  480.000000000     4.651145832
  481.000000000     4.630722250
  482.000000000     4.612390525
  483.000000000     4.596292644
  484.000000000     4.582570228
  485.000000000     4.571354714
  486.000000000     4.562735010
  487.000000000     4.556806176
  488.000000000     4.553634141
  489.000000000     4.553326529
  490.000000000     4.562685523
  491.000000000     4.601882688
  492.000000000     4.663503013
  493.000000000     4.751174595
  494.000000000     4.842280689
  495.000000000     4.911253704
  496.000000000     4.942491900
  497.000000000     4.933312914
  498.000000000     4.892537036
  499.000000000     4.837689915
