    0.000000000  2455.934850868
    1.000000000  2455.934850868
    2.000000000  2455.934850868
    3.000000000  2455.934850868
    4.000000000  2455.934850868
    5.000000000  2455.934850868
    6.000000000  2455.934850868
    7.000000000  2455.934850868
    8.000000000  2455.934850868
    9.000000000  2455.934850868
   10.000000000  2455.934850868
   11.000000000  2455.934850868
   12.000000000  2455.934850868
   13.000000000  2455.934850868
   14.000000000  2455.934850868
   15.000000000  2455.934850868
   16.000000000  2455.934850868
   17.000000000  2455.934850868
   18.000000000  2455.934850868
   19.000000000  2455.934850868
   20.000000000  2455.934850868
   21.000000000  2455.934850868
   22.000000000  2455.934850868
   23.000000000  2455.934850868
   24.000000000  2455.934850868
   25.000000000  2455.934850868
   26.000000000  2455.934850868
   27.000000000  2455.934850868
   28.000000000  2455.934850868
   29.000000000  2455.934850868
   30.000000000  2455.934850868
   31.000000000  2455.934850868
   32.000000000  2455.934850868
   33.000000000  2455.934850868
   34.000000000  2455.934850868
   35.000000000  2455.934850868
   36.000000000  2455.934850868
   37.000000000  2455.934850868
   38.000000000  2455.934850868
   39.000000000  2455.934850868
   40.000000000  2455.934850868
   41.000000000  2455.934850868
   42.000000000  2455.934850868
   43.000000000  2455.934850868
   44.000000000  2455.934850868
   45.000000000  2455.934850868
   46.000000000  2455.934850868
   47.000000000  2455.934850868
   48.000000000  2455.934850868
   49.000000000  2455.934850868
   50.000000000  2455.934850868
   51.000000000  2455.934850868
   52.000000000  2455.934850868
   53.000000000  2455.934850868
   54.000000000  2455.934850868
   55.000000000  2455.934850868
   56.000000000  2455.934850868
   57.000000000  2455.934850868
   58.000000000  2455.934850868
   59.000000000  2455.934850868
   60.000000000  2455.934850868
   61.000000000  2455.934850868
   62.000000000  2455.934850868
   63.000000000  2455.934850868
   64.000000000  2455.934850868
   65.000000000  2455.934850868
   66.000000000  2455.934850868
   67.000000000  2455.934850868
   68.000000000  2455.934850868
   69.000000000  2455.934850868
   70.000000000  2455.934850868
   71.000000000  2455.934850868
   72.000000000  2455.934850868
   73.000000000  2455.934850868
   74.000000000  2455.934850868
   75.000000000  2455.934850868
   76.000000000  2455.934850868
   77.000000000  2455.934850868
   78.000000000  2455.934850868
   79.000000000  2455.934850868
   80.000000000  2455.934850868
   81.000000000  2455.934850868
   82.000000000  2455.934850868
   83.000000000  2455.934850868
   84.000000000  2455.934850868
   85.000000000  2455.934850868
   86.000000000  2455.934850868
   87.000000000  2455.934850868
   88.000000000  2455.934850868
   89.000000000  2455.934850868
   90.000000000  2455.934850868
   91.000000000  2455.934850868
   92.000000000  2455.934850868
   93.000000000  2455.934850868
   94.000000000  2455.934850868
   95.000000000  2455.934850868
   96.000000000  2455.934850868
   97.000000000  2455.934850868
   98.000000000  2455.934850868
   99.000000000  2455.934850868
  100.000000000  2455.934850868
  101.000000000  2455.934850868
  102.000000000  2455.934850868
  103.000000000  2455.934850868
  104.000000000  2455.934850868
  105.000000000  2455.934850868
  106.000000000  2455.934850868
  107.000000000  2455.934850868
  108.000000000  2455.934850868
  109.000000000  2455.934850868
  110.000000000  2455.934850868
  111.000000000  2455.934850868
  112.000000000  2455.934850868
  113.000000000  2455.934850868
  114.000000000  2455.934850868
  115.000000000  2455.934850868
  116.000000000  2455.934850868
  117.000000000  2455.934850868
  118.000000000  2455.934850868
  119.000000000  2455.934850868
  120.000000000  2455.934850868
  121.000000000  2455.934850868
  122.000000000  2455.934850868
  123.000000000  2455.934850868
  124.000000000  2455.934850868
  125.000000000  2455.934850868
  126.000000000  2455.934850868
  127.000000000  2455.934850868
  128.000000000  2455.934850868
  129.000000000  2455.934850868
  130.000000000  2455.934850868
  131.000000000  2455.934850868
  132.000000000  2455.934850868
  133.000000000  2455.934850868
  134.000000000  2455.934850868
  135.000000000  2455.934850868
  136.000000000  2455.934850868
  137.000000000  2455.934850868
  138.000000000  2455.934850868
  139.000000000  2455.934850868
  140.000000000  2455.934850868
  141.000000000  2455.934850868
  142.000000000  2455.934850868
  143.000000000  2455.934850868
  144.000000000  2455.934850868
  145.000000000  2455.934850868
  146.000000000  2455.934850868
  147.000000000  2455.934850868
  148.000000000  2455.934850868
  149.000000000  2455.934850868
  150.000000000  2455.934850868
  151.000000000  2455.934850868
  152.000000000  2455.934850868
  153.000000000  2455.934850868
  154.000000000  2455.934850868
  155.000000000  2455.934850868
  156.000000000  2455.934850868
  157.000000000  2455.934850868
  158.000000000  2455.934850868
  159.000000000  2455.934850868
  160.000000000  2455.934850868
  161.000000000  2455.934850868
  162.000000000  2455.934850868
  163.000000000  2455.934850868
  164.000000000  2455.934850868
  165.000000000  2455.934850868
  166.000000000  2455.934850868
  167.000000000  2455.934850868
  168.000000000  2455.934850868
  169.000000000  2455.934850868
  170.000000000  2455.934850868
  171.000000000  2455.934850868
  172.000000000  2455.934850868
  173.000000000  2455.934850868
  174.000000000  2455.934850868
  175.000000000  2455.934850868
  176.000000000  2455.934850868
  177.000000000  2455.934850868
  178.000000000  2455.934850868
  179.000000000  2455.934850868
  180.000000000  2455.934850868
  181.000000000  2455.934850868
  182.000000000  2455.934850868
  183.000000000  2455.934850868
  184.000000000  2455.934850868
  185.000000000  2455.934850868
  186.000000000  2455.934850868
  187.000000000  2455.934850868
  188.000000000  2455.934850868
  189.000000000  2455.934850868
  190.000000000  2455.934850868
  191.000000000  2455.934850868
  192.000000000  2455.934850868
  193.000000000  2455.934850868
  194.000000000  2455.934850868
  195.000000000  2455.934850868
  196.000000000  2455.934850868
  197.000000000  2455.934850868
  198.000000000  2455.934850868
  199.000000000  2455.934850868
  200.000000000  2455.934850868
  201.000000000  2455.934850868
  202.000000000  2455.934850868
  203.000000000  2455.934850868
  204.000000000  2455.934850868
  205.000000000  2455.934850868
  206.000000000  2455.934850868
  207.000000000  2455.934850868
  208.000000000  2455.934850868
  209.000000000  2455.934850868
  210.000000000  2455.934850868
  211.000000000  2455.934850868
  212.000000000  2455.934850868
  213.000000000  2455.934850868
  214.000000000  2455.934850868
  215.000000000  2455.934850868
  216.000000000  2455.934850868
  217.000000000  2455.934850868
  218.000000000  2455.934850868
  219.000000000  2455.934850868
  220.000000000  2455.934850868
  221.000000000  2455.934850868
  222.000000000  2455.934850868
  223.000000000  2455.934850868
  224.000000000  2455.934850868
  225.000000000  2455.934850868
  226.000000000  2455.934850868
  227.000000000  2455.934850868
  228.000000000  2455.934850868
  229.000000000  2455.934850868
  230.000000000  2455.934850868
  231.000000000  2455.934850868
  232.000000000  2455.934850868
  233.000000000  2455.934850868
  234.000000000  2455.934850868
  235.000000000  2455.934850868
  236.000000000  2455.934850868
  237.000000000  2455.934850868
  238.000000000  2455.934850868
  239.000000000  2455.934850868
  240.000000000  2455.934850868
  241.000000000  2455.934850868
  242.000000000  2455.934850868
  243.000000000  2455.934850868
  244.000000000  2455.934850868
  245.000000000  2455.934850868
  246.000000000  2455.934850868
  247.000000000  2455.934850868
  248.000000000  2455.934850868
  249.000000000  2455.934850868
  250.000000000  2455.934850868
  251.000000000  2455.934850868
  252.000000000  2455.934850868
  253.000000000  2455.934850868
  254.000000000  2455.934850868
  255.000000000  2455.934850868
  256.000000000  2455.934850868
  257.000000000  2455.934850868
  258.000000000  2455.934850868
  259.000000000  2455.934850868
  260.000000000  2455.934850868
  261.000000000  2455.934850868
  262.000000000  2455.934850868
  263.000000000  2455.934850868
  264.000000000  2455.934850868
  265.000000000  2455.934850868
  266.000000000  2455.934850868
  267.000000000  2455.934850868
  268.000000000  2455.934850868
  269.000000000  2455.934850868
  270.000000000  2455.934850868
  271.000000000  2455.934850868
  272.000000000  2455.934850868
  273.000000000  2455.934850868
  274.000000000  2455.934850868
  275.000000000  2455.934850868
  276.000000000  2455.934850868
  277.000000000  2455.934850868
  278.000000000  2455.934850868
  279.000000000  2455.934850868
  280.000000000  2455.934850868
  281.000000000  2455.934850868
  282.000000000  2455.934850868
  283.000000000  2455.934850868
  284.000000000  2455.934850868
  285.000000000  2455.934850868
  286.000000000  2455.934850868
  287.000000000  2455.934850868
  288.000000000  2455.934850868
  289.000000000  2455.934850868
  290.000000000  2455.934850868
  291.000000000  2455.934850868
  292.000000000  2455.934850868
  293.000000000  2455.934850868
  294.000000000  2455.934850868
  295.000000000  2455.934850868
  296.000000000  2455.934850868
  297.000000000  2455.934850868
  298.000000000  2455.934850868
  299.000000000  2455.934850868
  300.000000000  2455.934850868
  301.000000000  2455.934850868
  302.000000000  2455.934850868
  303.000000000  2455.934850868
  304.000000000  2455.934850868
  305.000000000  2455.934850868
  306.000000000  2455.934850868
  307.000000000  2455.934850868
  308.000000000  2455.934850868
  309.000000000  2455.934850868
  310.000000000  2455.934850868
  311.000000000  2455.934850868
  312.000000000  2455.934850868
  313.000000000  2455.934850868
  314.000000000  2455.934850868
  315.000000000  2455.934850868
  316.000000000  2455.934850868
  317.000000000  2455.934850868
  318.000000000  2455.934850868
  319.000000000  2455.934850868
  320.000000000  2455.934850868
  321.000000000  2455.934850868
  322.000000000  2455.934850868
  323.000000000  2455.934850868
  324.000000000  2455.934850868
  325.000000000  2455.934850868
  326.000000000  2455.934850868
  327.000000000  2455.934850868
  328.000000000  2455.934850868
  329.000000000  2455.934850868
  330.000000000  2455.934850868
  331.000000000  2455.934850868
  332.000000000  2455.934850868
  333.000000000  2455.934850868
  334.000000000  2455.934850868
  335.000000000  2455.934850868
  336.000000000  2455.934850868
  337.000000000  2455.934850868
  338.000000000  2455.934850868
  339.000000000  2455.934850868
  340.000000000  2455.934850868
  341.000000000  2455.934850868
  342.000000000  2455.934850868
  343.000000000  2455.934850868
  344.000000000  2455.934850868
  345.000000000  2455.934850868
  346.000000000  2455.934850868
  347.000000000  2455.934850868
  348.000000000  2455.934850868
  349.000000000  2455.934850868
  350.000000000  2455.934850868
  351.000000000  2455.934850868
  352.000000000  2455.934850868
  353.000000000  2455.934850868
  354.000000000  2455.934850868
  355.000000000  2455.934850868
  356.000000000  2455.934850868
  357.000000000  2455.934850868
  358.000000000  2455.934850868
  359.000000000  2455.934850868
  360.000000000  2455.934850868
  361.000000000  2455.934850868
  362.000000000  2455.934850868
  363.000000000  2455.934850868
  364.000000000  2455.934850868
  365.000000000  2455.934850868
  366.000000000  2455.934850868
  367.000000000  2455.934850868
  368.000000000  2455.934850868
  369.000000000  2455.934850868
  370.000000000  2455.934850868
  371.000000000  2455.934850868
  372.000000000  2455.934850868
  373.000000000  2455.934850868
  374.000000000  2455.934850868
  375.000000000  2455.934850868
  376.000000000  2455.934850868
  377.000000000  2455.934850868
  378.000000000  2455.934850868
  379.000000000  2455.934850868
  380.000000000  2455.934850868
  381.000000000  2455.934850868
  382.000000000  2455.934850868
  383.000000000  2455.934850868
  384.000000000  2455.934850868
  385.000000000  2455.934850868
  386.000000000  2455.934850868
  387.000000000  2455.934850868
  388.000000000  2455.934850868
  389.000000000  2455.934850868
  390.000000000  2455.934850868
  391.000000000  2455.934850868
  392.000000000  2455.934850868
  393.000000000  2455.934850868
  394.000000000  2455.934850868
  395.000000000  2455.934850868
  396.000000000  2455.934850868
  397.000000000  2455.934850868
  398.000000000  2455.934850868
  399.000000000  2455.934850868
  400.000000000  2455.934850868
  401.000000000  2455.934850868
  402.000000000  2455.934850868
  403.000000000  2455.934850868
  404.000000000  2455.934850868
  405.000000000  2455.934850868
  406.000000000  2455.934850868
  407.000000000  2455.934850868
  408.000000000  2455.934850868
  409.000000000  2455.934850868
  410.000000000  2455.934850868
  411.000000000  2455.934850868
  412.000000000  2455.934850868
  413.000000000  2455.934850868
  414.000000000  2455.934850868
  415.000000000  2455.934850868
  416.000000000  2455.934850868
  417.000000000  2455.934850868
  418.000000000  2455.934850868
  419.000000000  2455.934850868
  420.000000000  2455.934850868
  421.000000000  2455.934850868
  422.000000000  2455.934850868
  423.000000000  2455.934850868
  424.000000000  2455.934850868
  425.000000000  2455.934850868
  426.000000000  2455.934850868
  427.000000000  2455.934850868
  428.000000000  2455.934850868
  429.000000000  2455.934850868
  430.000000000  2455.934850868
  431.000000000  2455.934850868
  432.000000000  2455.934850868
  433.000000000  2455.934850868
  434.000000000  2455.934850868
  435.000000000  2455.934850868
  436.000000000  2455.934850868
  437.000000000  2455.934850868
  438.000000000  2455.934850868
  439.000000000  2455.934850868
  440.000000000  2455.934850868
  441.000000000  2455.934850868
  442.000000000  2455.934850868
  443.000000000  2455.934850868
  444.000000000  2455.934850868
  445.000000000  2455.934850868
  446.000000000  2455.934850868
  447.000000000  2455.934850868
  448.000000000  2455.934850868
  449.000000000  2455.934850868
  450.000000000  2455.934850868
  451.000000000  2455.934850868
  452.000000000  2455.934850868
  453.000000000  2455.934850868
  454.000000000  2455.934850868
  455.000000000  2455.934850868
  456.000000000  2455.934850868
  457.000000000  2455.934850868
  458.000000000  2455.934850868
  459.000000000  2455.934850868
  460.000000000  2455.934850868
  461.000000000  2455.934850868
  462.000000000  2455.934850868
  463.000000000  2455.934850868
  464.000000000  2455.934850868
  465.000000000  2455.934850868
  466.000000000  2455.934850868
  467.000000000  2455.934850868
  468.000000000  2455.934850868
  469.000000000  2455.934850868
  470.000000000  2455.934850868
  471.000000000  2455.934850868
  472.000000000  2455.934850868
  473.000000000  2455.934850868
  474.000000000  2455.934850868
  475.000000000  2455.934850868
  476.000000000  2455.934850868
  477.000000000  2455.934850868
  478.000000000  2455.934850868
  479.000000000  2455.934850868
  480.000000000  2455.934850868
  481.000000000  2455.934850868
  482.000000000  2455.934850868
  483.000000000  2455.934850868
  484.000000000  2455.934850868
  485.000000000  2455.934850868
  486.000000000  2455.934850868
  487.000000000  2455.934850868
  488.000000000  2455.934850868
  489.000000000  2455.934850868
  490.000000000  2455.934850868
  491.000000000  2455.934850868
  492.000000000  2455.934850868
  493.000000000  2455.934850868
  494.000000000  2455.934850868
  495.000000000  2455.934850868
  496.000000000  2455.934850868
  497.000000000  2455.934850868
  498.000000000  2455.934850868
  499.000000000  2455.934850868
