    0.000000000    12.219990730
    1.000000000    12.219990730
    2.000000000    12.219990730
    3.000000000    12.219990730
    4.000000000    12.219990730
    5.000000000    12.219990730
    6.000000000    12.219990730
    7.000000000    12.219990730
    8.000000000    12.219990730
    9.000000000    12.219990730
   10.000000000    12.219990730
   11.000000000    12.219990730
   12.000000000    12.219990730
   13.000000000    12.219990730
   14.000000000    12.219990730
   15.000000000    12.219990730
   16.000000000    12.219990730
   17.000000000    12.219990730
   18.000000000    12.219990730
   19.000000000    12.219990730
   20.000000000    12.219990730
   21.000000000    12.219990730
   22.000000000    12.219990730
   23.000000000    12.219990730
   24.000000000    12.219990730
   25.000000000    12.219990730
   26.000000000    12.219990730
   27.000000000    12.219990730
   28.000000000    12.219990730
   29.000000000    12.219990730
   30.000000000    12.219990730
   31.000000000    12.219990730
   32.000000000    12.219990730
   33.000000000    12.219990730
   34.000000000    12.219990730
   35.000000000    12.219990730
   36.000000000    12.219990730
   37.000000000    12.219990730
   38.000000000    12.219990730
   39.000000000    12.219990730
   40.000000000    12.219990730
   41.000000000    12.219990730
   42.000000000    12.219990730
   43.000000000    12.219990730
   44.000000000    12.219990730
   45.000000000    12.219990730
   46.000000000    12.219990730
   47.000000000    12.219990730
   48.000000000    12.219990730
   49.000000000    12.219990730
   50.000000000    12.219990730
   51.000000000    12.219990730
   52.000000000    12.219990730
   53.000000000    12.219990730
   54.000000000    12.219990730
   55.000000000    12.219990730
   56.000000000    12.219990730
   57.000000000    12.219990730
   58.000000000    12.219990730
   59.000000000    12.219990730
   60.000000000    12.219990730
   61.000000000    12.219990730
   62.000000000    12.219990730
   63.000000000    12.219990730
   64.000000000    12.219990730
   65.000000000    12.219990730
   66.000000000    12.219990730
   67.000000000    12.219990730
   68.000000000    12.219990730
   69.000000000    12.219990730
   70.000000000    12.219990730
   71.000000000    12.219990730
   72.000000000    12.219990730
   73.000000000    12.219990730
   74.000000000    12.219990730
   75.000000000    12.219990730
   76.000000000    12.219990730
   77.000000000    12.219990730
   78.000000000    12.219990730
   79.000000000    12.219990730
   80.000000000    12.219990730
   81.000000000    12.219990730
   82.000000000    12.219990730
   83.000000000    12.219990730
   84.000000000    12.219990730
   85.000000000    12.219990730
   86.000000000    12.219990730
   87.000000000    12.219990730
   88.000000000    12.219990730
   89.000000000    12.219990730
   90.000000000    12.219990730
   91.000000000    12.219990730
   92.000000000    12.219990730
   93.000000000    12.219990730
   94.000000000    12.219990730
   95.000000000    12.219990730
   96.000000000    12.219990730
   97.000000000    12.219990730
   98.000000000    12.219990730
   99.000000000    12.219990730
  100.000000000    12.219990730
  101.000000000    12.219990730
  102.000000000    12.219990730
  103.000000000    12.219990730
  104.000000000    12.219990730
  105.000000000    12.219990730
  106.000000000    12.219990730
  107.000000000    12.219990730
  108.000000000    12.219990730
  109.000000000    12.219990730
  110.000000000    12.219990730
  111.000000000    12.219990730
  112.000000000    12.219990730
  113.000000000    12.219990730
  114.000000000    12.219990730
  115.000000000    12.219990730
  116.000000000    12.219990730
  117.000000000    12.219990730
  118.000000000    12.219990730
  119.000000000    12.219990730
  120.000000000    12.219990730
  121.000000000    12.219990730
  122.000000000    12.219990730
  123.000000000    12.219990730
  124.000000000    12.219990730
  125.000000000    12.219990730
  126.000000000    12.219990730
  127.000000000    12.219990730
  128.000000000    12.219990730
  129.000000000    12.219990730
  130.000000000    12.219990730
  131.000000000    12.219990730
  132.000000000    12.219990730
  133.000000000    12.219990730
  134.000000000    12.219990730
  135.000000000    12.219990730
  136.000000000    12.219990730
  137.000000000    12.219990730
  138.000000000    12.219990730
  139.000000000    12.219990730
  140.000000000    12.219990730
  141.000000000    12.219990730
  142.000000000    12.219990730
  143.000000000    12.219990730
  144.000000000    12.219990730
  145.000000000    12.219990730
  146.000000000    12.219990730
  147.000000000    12.219990730
  148.000000000    12.219990730
  149.000000000    12.219990730
  150.000000000    12.219990730
  151.000000000    12.219990730
  152.000000000    12.219990730
  153.000000000    12.219990730
  154.000000000    12.219990730
  155.000000000    12.219990730
  156.000000000    12.219990730
  157.000000000    12.219990730
  158.000000000    12.219990730
  159.000000000    12.219990730
  160.000000000    12.219990730
  161.000000000    12.219990730
  162.000000000    12.219990730
  163.000000000    12.219990730
  164.000000000    12.219990730
  165.000000000    12.219990730
  166.000000000    12.219990730
  167.000000000    12.219990730
  168.000000000    12.219990730
  169.000000000    12.219990730
  170.000000000    12.219990730
  171.000000000    12.219990730
  172.000000000    12.219990730
  173.000000000    12.219990730
  174.000000000    12.219990730
  175.000000000    12.219990730
  176.000000000    12.219990730
  177.000000000    12.219990730
  178.000000000    12.219990730
  179.000000000    12.219990730
  180.000000000    12.219990730
  181.000000000    12.219990730
  182.000000000    12.219990730
  183.000000000    12.219990730
  184.000000000    12.219990730
  185.000000000    12.219990730
  186.000000000    12.219990730
  187.000000000    12.219990730
  188.000000000    12.219990730
  189.000000000    12.219990730
  190.000000000    12.219990730
  191.000000000    12.219990730
  192.000000000    12.219990730
  193.000000000    12.219990730
  194.000000000    12.219990730
  195.000000000    12.219990730
  196.000000000    12.219990730
  197.000000000    12.219990730
  198.000000000    12.219990730
  199.000000000    12.219990730
  200.000000000    12.219990730
  201.000000000    12.219990730
  202.000000000    12.219990730
  203.000000000    12.219990730
  204.000000000    12.219990730
  205.000000000    12.219990730
  206.000000000    12.219990730
  207.000000000    12.219990730
  208.000000000    12.219990730
  209.000000000    12.219990730
  210.000000000    12.219990730
  211.000000000    12.219990730
  212.000000000    12.219990730
  213.000000000    12.219990730
  214.000000000    12.219990730
  215.000000000    12.219990730
  216.000000000    12.219990730
  217.000000000    12.219990730
  218.000000000    12.219990730
  219.000000000    12.219990730
  220.000000000    12.219990730
  221.000000000    12.219990730
  222.000000000    12.219990730
  223.000000000    12.219990730
  224.000000000    12.219990730
  225.000000000    12.219990730
  226.000000000    12.219990730
  227.000000000    12.219990730
  228.000000000    12.219990730
  229.000000000    12.219990730
  230.000000000    12.219990730
  231.000000000    12.219990730
  232.000000000    12.219990730
  233.000000000    12.219990730
  234.000000000    12.219990730
  235.000000000    12.219990730
  236.000000000    12.219990730
  237.000000000    12.219990730
  238.000000000    12.219990730
  239.000000000    12.219990730
  240.000000000    12.219990730
  241.000000000    12.219990730
  242.000000000    12.219990730
  243.000000000    12.219990730
  244.000000000    12.219990730
  245.000000000    12.219990730
  246.000000000    12.219990730
  247.000000000    12.219990730
  248.000000000    12.219990730
  249.000000000    12.219990730
  250.000000000    12.219990730
  251.000000000    12.219990730
  252.000000000    12.219990730
  253.000000000    12.219990730
  254.000000000    12.219990730
  255.000000000    12.219990730
  256.000000000    12.219990730
  257.000000000    12.219990730
  258.000000000    12.219990730
  259.000000000    12.219990730
  260.000000000    12.219990730
  261.000000000    12.219990730
  262.000000000    12.219990730
  263.000000000    12.219990730
  264.000000000    12.219990730
  265.000000000    12.219990730
  266.000000000    12.219990730
  267.000000000    12.219990730
  268.000000000    12.219990730
  269.000000000    12.219990730
  270.000000000    12.219990730
  271.000000000    12.219990730
  272.000000000    12.219990730
  273.000000000    12.219990730
  274.000000000    12.219990730
  275.000000000    12.219990730
  276.000000000    12.219990730
  277.000000000    12.219990730
  278.000000000    12.219990730
  279.000000000    12.219990730
  280.000000000    12.219990730
  281.000000000    12.219990730
  282.000000000    12.219990730
  283.000000000    12.219990730
  284.000000000    12.219990730
  285.000000000    12.219990730
  286.000000000    12.219990730
  287.000000000    12.219990730
  288.000000000    12.219990730
  289.000000000    12.219990730
  290.000000000    12.219990730
  291.000000000    12.219990730
  292.000000000    12.219990730
  293.000000000    12.219990730
  294.000000000    12.219990730
  295.000000000    12.219990730
  296.000000000    12.219990730
  297.000000000    12.219990730
  298.000000000    12.219990730
  299.000000000    12.219990730
  300.000000000    12.219990730
  301.000000000    12.219990730
  302.000000000    12.219990730
  303.000000000    12.219990730
  304.000000000    12.219990730
  305.000000000    12.219990730
  306.000000000    12.219990730
  307.000000000    12.219990730
  308.000000000    12.219990730
  309.000000000    12.219990730
  310.000000000    12.219990730
  311.000000000    12.219990730
  312.000000000    12.219990730
  313.000000000    12.219990730
  314.000000000    12.219990730
  315.000000000    12.219990730
  316.000000000    12.219990730
  317.000000000    12.219990730
  318.000000000    12.219990730
  319.000000000    12.219990730
  320.000000000    12.219990730
  321.000000000    12.219990730
  322.000000000    12.219990730
  323.000000000    12.219990730
  324.000000000    12.219990730
  325.000000000    12.219990730
  326.000000000    12.219990730
  327.000000000    12.219990730
  328.000000000    12.219990730
  329.000000000    12.219990730
  330.000000000    12.219990730
  331.000000000    12.219990730
  332.000000000    12.219990730
  333.000000000    12.219990730
  334.000000000    12.219990730
  335.000000000    12.219990730
  336.000000000    12.219990730
  337.000000000    12.219990730
  338.000000000    12.219990730
  339.000000000    12.219990730
  340.000000000    12.219990730
  341.000000000    12.219990730
  342.000000000    12.219990730
  343.000000000    12.219990730
  344.000000000    12.219990730
  345.000000000    12.219990730
  346.000000000    12.219990730
  347.000000000    12.219990730
  348.000000000    12.219990730
  349.000000000    12.219990730
  350.000000000    12.219990730
  351.000000000    12.219990730
  352.000000000    12.219990730
  353.000000000    12.219990730
  354.000000000    12.219990730
  355.000000000    12.219990730
  356.000000000    12.219990730
  357.000000000    12.219990730
  358.000000000    12.219990730
  359.000000000    12.219990730
  360.000000000    12.219990730
  361.000000000    12.219990730
  362.000000000    12.219990730
  363.000000000    12.219990730
  364.000000000    12.219990730
  365.000000000    12.219990730
  366.000000000    12.219990730
  367.000000000    12.219990730
  368.000000000    12.219990730
  369.000000000    12.219990730
  370.000000000    12.219990730
  371.000000000    12.219990730
  372.000000000    12.219990730
  373.000000000    12.219990730
  374.000000000    12.219990730
  375.000000000    12.219990730
  376.000000000    12.219990730
  377.000000000    12.219990730
  378.000000000    12.219990730
  379.000000000    12.219990730
  380.000000000    12.219990730
  381.000000000    12.219990730
  382.000000000    12.219990730
  383.000000000    12.219990730
  384.000000000    12.219990730
  385.000000000    12.219990730
  386.000000000    12.219990730
  387.000000000    12.219990730
  388.000000000    12.219990730
  389.000000000    12.219990730
  390.000000000    12.219990730
  391.000000000    12.219990730
  392.000000000    12.219990730
  393.000000000    12.219990730
  394.000000000    12.219990730
  395.000000000    12.219990730
  396.000000000    12.219990730
  397.000000000    12.219990730
  398.000000000    12.219990730
  399.000000000    12.219990730
  400.000000000    12.219990730
  401.000000000    12.219990730
  402.000000000    12.219990730
  403.000000000    12.219990730
  404.000000000    12.219990730
  405.000000000    12.219990730
  406.000000000    12.219990730
  407.000000000    12.219990730
  408.000000000    12.219990730
  409.000000000    12.219990730
  410.000000000    12.219990730
  411.000000000    12.219990730
  412.000000000    12.219990730
  413.000000000    12.219990730
  414.000000000    12.219990730
  415.000000000    12.219990730
  416.000000000    12.219990730
  417.000000000    12.219990730
  418.000000000    12.219990730
  419.000000000    12.219990730
  420.000000000    12.219990730
  421.000000000    12.219990730
  422.000000000    12.219990730
  423.000000000    12.219990730
  424.000000000    12.219990730
  425.000000000    12.219990730
  426.000000000    12.219990730
  427.000000000    12.219990730
  428.000000000    12.219990730
  429.000000000    12.219990730
  430.000000000    12.219990730
  431.000000000    12.219990730
  432.000000000    12.219990730
  433.000000000    12.219990730
  434.000000000    12.219990730
  435.000000000    12.219990730
  436.000000000    12.219990730
  437.000000000    12.219990730
  438.000000000    12.219990730
  439.000000000    12.219990730
  440.000000000    12.219990730
  441.000000000    12.219990730
  442.000000000    12.219990730
  443.000000000    12.219990730
  444.000000000    12.219990730
  445.000000000    12.219990730
  446.000000000    12.219990730
  447.000000000    12.219990730
  448.000000000    12.219990730
  449.000000000    12.219990730
  450.000000000    12.219990730
  451.000000000    12.219990730
  452.000000000    12.219990730
  453.000000000    12.219990730
  454.000000000    12.219990730
  455.000000000    12.219990730
  456.000000000    12.219990730
  457.000000000    12.219990730
  458.000000000    12.219990730
  459.000000000    12.219990730
  460.000000000    12.219990730
  461.000000000    12.219990730
  462.000000000    12.219990730
  463.000000000    12.219990730
  464.000000000    12.219990730
  465.000000000    12.219990730
  466.000000000    12.219990730
  467.000000000    12.219990730
  468.000000000    12.219990730
  469.000000000    12.219990730
  470.000000000    12.219990730
  471.000000000    12.219990730
  472.000000000    12.219990730
  473.000000000    12.219990730
  474.000000000    12.219990730
  475.000000000    12.219990730
  476.000000000    12.219990730
  477.000000000    12.219990730
  478.000000000    12.219990730
  479.000000000    12.219990730
  480.000000000    12.219990730
  481.000000000    12.219990730
  482.000000000    12.219990730
  483.000000000    12.219990730
  484.000000000    12.219990730
  485.000000000    12.219990730
  486.000000000    12.219990730
  487.000000000    12.219990730
  488.000000000    12.219990730
  489.000000000    12.219990730
  490.000000000    12.219990730
  491.000000000    12.219990730
  492.000000000    12.219990730
  493.000000000    12.219990730
  494.000000000    12.219990730
  495.000000000    12.219990730
  496.000000000    12.219990730
  497.000000000    12.219990730
  498.000000000    12.219990730
  499.000000000    12.219990730
