    0.000000000   300.000000000
    1.000000000   300.738537874
    2.000000000   301.738466471
    3.000000000   302.872311030
    4.000000000   303.980258916
    5.000000000   304.890263840
    6.000000000   305.438483180
    7.000000000   305.487088921
    8.000000000   304.937290830
    9.000000000   303.736479762
   10.000000000   301.879504871
   11.000000000   299.404980236
   12.000000000   296.388069070
   13.000000000   292.931331037
   14.000000000   289.155127742
   15.000000000   285.188799955
   16.000000000   281.163403197
   17.000000000   277.202216774
   18.000000000   273.390059628
   19.000000000   269.772889267
   20.000000000   266.386435834
   21.000000000   263.260922389
   22.000000000   260.420600907
   23.000000000   257.883425626
   24.000000000   255.660874841
   25.000000000   253.757922700
   26.000000000   252.173162037
   27.000000000   250.899085599
   28.000000000   249.922473082
   29.000000000   249.224877108
   30.000000000   248.783207692
   31.000000000   248.570376642
   32.000000000   248.555994203
   33.000000000   248.707091044
   34.000000000   248.988838061
   35.000000000   249.365273130
   36.000000000   249.799996948
   37.000000000   250.256823876
   38.000000000   250.700403035
   39.000000000   251.096772719
   40.000000000   251.413863105
   41.000000000   251.621939595
   42.000000000   251.693993711
   43.000000000   251.606072949
   44.000000000   251.337548007
   45.000000000   250.871345704
   46.000000000   250.194118851
   47.000000000   249.296370479
   48.000000000   248.172534449
   49.000000000   246.821014236
   50.000000000   245.244184785
   51.000000000   243.448350628
   52.000000000   241.443669347
   53.000000000   239.244021183
   54.000000000   236.866839226
   55.000000000   234.331379348
   56.000000000   231.655709111
   57.000000000   228.859165854
   58.000000000   225.966703195
   59.000000000   223.009933855
   60.000000000   220.027617796
   61.000000000   217.065073661
   62.000000000   214.172091353
   63.000000000   211.399364102
   64.000000000   208.794138125
   65.000000000   206.396238821
   66.000000000   204.235669991
   67.000000000   202.332491628
   68.000000000   200.698806851
   69.000000000   199.341938290
   70.000000000   198.267577768
   71.000000000   197.481912000
   72.000000000   196.992304997
   73.000000000   196.806735434
   74.000000000   196.932568247
   75.000000000   197.373661776
   76.000000000   198.125180313
   77.000000000   199.173920053
   78.000000000   200.502012030
   79.000000000   202.087392319
   80.000000000   203.904200419
   81.000000000   205.923244378
   82.000000000   208.112518215
   83.000000000   210.437779233
   84.000000000   212.863141739
   85.000000000   215.351681626
   86.000000000   217.866075318
   87.000000000   220.369251218
   88.000000000   222.825005115
   89.000000000   225.198583927
   90.000000000   227.457258981
   91.000000000   229.570845783
   92.000000000   231.512184776
   93.000000000   233.257573025
   94.000000000   234.787131795
   95.000000000   236.085113397
   96.000000000   237.140143455
   97.000000000   237.945384639
   98.000000000   238.498609838
   99.000000000   238.802201622
  100.000000000   238.863066904
  101.000000000   238.692466927
  102.000000000   238.305760279
  103.000000000   237.722069184
  104.000000000   236.963866180
  105.000000000   236.056481395
  106.000000000   235.027558752
  107.000000000   233.906466919
  108.000000000   232.723678059
  109.000000000   231.510131636
  110.000000000   230.296587037
  111.000000000   229.112990207
  112.000000000   227.987875668
  113.000000000   226.947810714
  114.000000000   226.016889681
  115.000000000   225.216289696
  116.000000000   224.563905943
  117.000000000   224.074067670
  118.000000000   223.757351741
  119.000000000   223.620460366
  120.000000000   223.666168470
  121.000000000   223.893377146
  122.000000000   224.297242709
  123.000000000   224.869365226
  124.000000000   225.598041674
  125.000000000   226.468572153
  126.000000000   227.463611907
  127.000000000   228.563564018
  128.000000000   229.747009548
  129.000000000   230.991154013
  130.000000000   232.272278109
  131.000000000   233.566191861
  132.000000000   234.848684694
  133.000000000   236.095967190
  134.000000000   237.285096586
  135.000000000   238.394376855
  136.000000000   239.403716062
  137.000000000   240.294958954
  138.000000000   241.052187943
  139.000000000   241.661985163
  140.000000000   242.113641156
  141.000000000   242.399330679
  142.000000000   242.514246951
  143.000000000   242.456671380
  144.000000000   242.228003111
  145.000000000   241.832735499
  146.000000000   241.278418705
  147.000000000   240.575560315
  148.000000000   239.737443437
  149.000000000   238.779914292
  150.000000000   237.721145390
  151.000000000   236.581353617
  152.000000000   235.382467344
  153.000000000   234.147756085
  154.000000000   232.901434368
  155.000000000   231.668246617
  156.000000000   230.473022618
  157.000000000   229.340228649
  158.000000000   228.293519336
  159.000000000   227.355287456
  160.000000000   226.546233667
  161.000000000   225.884972263
  162.000000000   225.387670461
  163.000000000   225.067721978
  164.000000000   224.935478968
  165.000000000   224.998052881
  166.000000000   225.259190906
  167.000000000   225.719220243
  168.000000000   226.375052512
  169.000000000   227.220267035
  170.000000000   228.245255153
  171.000000000   229.437431565
  172.000000000   230.781512997
  173.000000000   232.259839853
  174.000000000   233.852744449
  175.000000000   235.538958037
  176.000000000   237.296019794
  177.000000000   239.100717231
  178.000000000   240.929538806
  179.000000000   242.759108828
  180.000000000   244.566613288
  181.000000000   246.330205865
  182.000000000   248.029394430
  183.000000000   249.645378457
  184.000000000   251.161369837
  185.000000000   252.562874634
  186.000000000   253.837904705
  187.000000000   254.977151785
  188.000000000   255.974100704
  189.000000000   256.825076663
  190.000000000   257.529235734
  191.000000000   258.088517408
  192.000000000   258.507518014
  193.000000000   258.793303702
  194.000000000   258.955198520
  195.000000000   259.004507688
  196.000000000   258.954200590
  197.000000000   258.818567781
  198.000000000   258.612855210
  199.000000000   258.352889881
  200.000000000   258.054717592
  201.000000000   257.734242443
  202.000000000   257.406872304
  203.000000000   257.087204767
  204.000000000   256.788761606
  205.000000000   256.523774630
  206.000000000   256.303009433
  207.000000000   256.135611082
  208.000000000   256.028995233
  209.000000000   255.988795813
  210.000000000   256.018835839
  211.000000000   256.121129653
  212.000000000   256.295923407
  213.000000000   256.541751375
  214.000000000   256.855489673
  215.000000000   257.232465991
  216.000000000   257.666596754
  217.000000000   258.150495135
  218.000000000   258.675596142
  219.000000000   259.232299868
  220.000000000   259.810145248
  221.000000000   260.397978112
  222.000000000   260.984137868
  223.000000000   261.556650308
  224.000000000   262.103407704
  225.000000000   262.612374069
  226.000000000   263.071783313
  227.000000000   263.470330577
  228.000000000   263.797354288
  229.000000000   264.043036754
  230.000000000   264.198606396
  231.000000000   264.256503585
  232.000000000   264.210522206
  233.000000000   264.055947798
  234.000000000   263.789676280
  235.000000000   263.410298979
  236.000000000   262.918166796
  237.000000000   262.315438022
  238.000000000   261.606096413
  239.000000000   260.795900694
  240.000000000   259.892313344
  241.000000000   258.904402102
  242.000000000   257.842692302
  243.000000000   256.719004825
  244.000000000   255.546252740
  245.000000000   254.338208307
  246.000000000   253.109247457
  247.000000000   251.874081084
  248.000000000   250.647485085
  249.000000000   249.444021830
  250.000000000   248.277770135
  251.000000000   247.162063041
  252.000000000   246.109243440
  253.000000000   245.130448787
  254.000000000   244.235410533
  255.000000000   243.432286723
  256.000000000   242.727553570
  257.000000000   242.125929802
  258.000000000   241.630333695
  259.000000000   241.241881248
  260.000000000   240.959921413
  261.000000000   240.782104931
  262.000000000   240.704491244
  263.000000000   240.721690486
  264.000000000   240.826914837
  265.000000000   241.003680350
  266.000000000   241.220294954
  267.000000000   241.440356164
  268.000000000   241.634191903
  269.000000000   241.786927180
  270.000000000   241.905560507
  271.000000000   242.020839351
  272.000000000   242.180463315
  273.000000000   242.433589412
  274.000000000   242.811666296
  275.000000000   243.313912318
  276.000000000   243.904528906
  277.000000000   244.523145353
  278.000000000   245.103404124
  279.000000000   245.591212374
  280.000000000   245.955818529
  281.000000000   246.191581837
  282.000000000   246.312630324
  283.000000000   246.344618902
  284.000000000   246.317136953
  285.000000000   246.252111151
  286.000000000   246.160118102
  287.000000000   246.048705695
  288.000000000   245.926244402
  289.000000000   245.801719855
  290.000000000   245.684494131
  291.000000000   245.584077647
  292.000000000   245.509888858
  293.000000000   245.471009662
  294.000000000   245.475961072
  295.000000000   245.532497442
  296.000000000   245.647360478
  297.000000000   245.824398287
  298.000000000   246.063856738
  299.000000000   246.364422997
  300.000000000   246.724602986
  301.000000000   247.143541078
  302.000000000   247.621832436
  303.000000000   248.162014945
  304.000000000   248.768435600
  305.000000000   249.446304175
  306.000000000   250.200015362
  307.000000000   251.031097534
  308.000000000   251.936425898
  309.000000000   252.907347975
  310.000000000   253.930024240
  311.000000000   254.986916864
  312.000000000   256.058953170
  313.000000000   257.127780350
  314.000000000   258.177527445
  315.000000000   259.195694203
  316.000000000   260.173220890
  317.000000000   261.103982683
  318.000000000   261.984011268
  319.000000000   262.810745990
  320.000000000   263.581972287
  321.000000000   264.294129451
  322.000000000   264.942859509
  323.000000000   265.524605159
  324.000000000   266.036744181
  325.000000000   266.477624992
  326.000000000   266.846572743
  327.000000000   267.143885925
  328.000000000   267.370838580
  329.000000000   267.529677377
  330.000000000   267.623601976
  331.000000000   267.656727141
  332.000000000   267.634039684
  333.000000000   267.561344928
  334.000000000   267.445203673
  335.000000000   267.292834951
  336.000000000   267.112018710
  337.000000000   266.910993186
  338.000000000   266.698300402
  339.000000000   266.482663154
  340.000000000   266.272850767
  341.000000000   266.077502212
  342.000000000   265.904961040
  343.000000000   265.763099992
  344.000000000   265.659150965
  345.000000000   265.599537790
  346.000000000   265.589711963
  347.000000000   265.634004240
  348.000000000   265.735499329
  349.000000000   265.895897781
  350.000000000   266.115437675
  351.000000000   266.392882046
  352.000000000   266.725493578
  353.000000000   267.109051830
  354.000000000   267.537910364
  355.000000000   268.005089247
  356.000000000   268.502417357
  357.000000000   269.020725458
  358.000000000   269.550061211
  359.000000000   270.079916526
  360.000000000   270.599485701
  361.000000000   271.097933165
  362.000000000   271.564667733
  363.000000000   271.989615041
  364.000000000   272.363488635
  365.000000000   272.678057040
  366.000000000   272.926362965
  367.000000000   273.102911774
  368.000000000   273.203865549
  369.000000000   273.227194564
  370.000000000   273.172750311
  371.000000000   273.042325700
  372.000000000   272.839696255
  373.000000000   272.570582646
  374.000000000   272.242575913
  375.000000000   271.865019828
  376.000000000   271.448845339
  377.000000000   271.006369758
  378.000000000   270.551048645
  379.000000000   270.097191736
  380.000000000   269.659641238
  381.000000000   269.253468691
  382.000000000   268.893646931
  383.000000000   268.594702735
  384.000000000   268.370391398
  385.000000000   268.233378911
  386.000000000   268.194973955
  387.000000000   268.264910252
  388.000000000   268.451172021
  389.000000000   268.759856639
  390.000000000   269.195114902
  391.000000000   269.759174485
  392.000000000   270.452374826
  393.000000000   271.273254378
  394.000000000   272.218716840
  395.000000000   273.284214900
  396.000000000   274.463948611
  397.000000000   275.751093129
  398.000000000   277.138043649
  399.000000000   278.616661024
  400.000000000   280.178521622
  401.000000000   281.815165765
  402.000000000   283.518324542
  403.000000000   285.280123907
  404.000000000   287.093258808
  405.000000000   288.951141156
  406.000000000   290.848010220
  407.000000000   292.778976422
  408.000000000   294.740029273
  409.000000000   296.727950004
  410.000000000   298.740109604
  411.000000000   300.774171022
  412.000000000   302.827647357
  413.000000000   304.897302552
  414.000000000   306.978390699
  415.000000000   309.063719351
  416.000000000   311.142613067
  417.000000000   313.199742717
  418.000000000   315.213357562
  419.000000000   317.154690604
  420.000000000   318.988918660
  421.000000000   320.676407486
  422.000000000   322.174914869
  423.000000000   323.442970505
  424.000000000   324.444101440
  425.000000000   325.151150632
  426.000000000   325.549804717
  427.000000000   325.365324740
  428.000000000   322.444139547
  429.000000000   314.690383536
  430.000000000   305.660947913
  431.000000000   303.266082512
  432.000000000   310.202838884
  433.000000000   320.170518521
  434.000000000   326.377524626
  435.000000000   328.341914099
  436.000000000   328.792092739
  437.000000000   328.978990592
  438.000000000   328.918244127
  439.000000000   328.634608566
  440.000000000   328.160829857
  441.000000000   327.534109361
  442.000000000   326.793074930
  443.000000000   325.975969736
  444.000000000   325.118605426
  445.000000000   324.252804541
  446.000000000   323.379283599
  447.000000000   322.282308121
  448.000000000   320.605608359
  449.000000000   318.315889098
  450.000000000   315.992294290
  451.000000000   314.601279349
  452.000000000   314.742695294
  453.000000000   316.093525521
  454.000000000   317.713782668
  455.000000000   318.839774498
  456.000000000   319.315694361
  457.000000000   319.444767280
  458.000000000   319.505580064
  459.000000000   319.543191450
  460.000000000   319.529631391
  461.000000000   319.439861847
  462.000000000   319.254149118
  463.000000000   318.960282082
  464.000000000   318.555483573
  465.000000000   318.047796491
  466.000000000   317.456682944
  467.000000000   316.812729014
  468.000000000   316.156320091
  469.000000000   315.535360940
  470.000000000   315.002202170
  471.000000000   314.609974952
  472.000000000   314.408648186
  473.000000000   314.441188352
  474.000000000   314.740208684
  475.000000000   315.325407278
  476.000000000   316.202078132
  477.000000000   317.360858084
  478.000000000   318.778746583
  479.000000000   320.421309352
  480.000000000   322.245630354
  481.000000000   324.203684321
  482.000000000   326.245847632
  483.000000000   328.324084567
  484.000000000   330.394427837
  485.000000000   332.418476216
  486.000000000   334.363945861
  487.000000000   336.204353147
  488.000000000   337.918030018
  489.000000000   339.486935726
  490.000000000   340.853571483
  491.000000000   341.801408850
  492.000000000   342.054117362
  493.000000000   341.163856962
  494.000000000   338.864682243
  495.000000000   335.889056910
  496.000000000   333.916561774
  497.000000000   334.803087828
  498.000000000   339.434309542
  499.000000000   347.008838619
