    0.000000000    13.745848170
    1.000000000    13.745848170
    2.000000000    13.745848170
    3.000000000    13.745848170
    4.000000000    13.745848170
    5.000000000    13.745848170
    6.000000000    13.745848170
    7.000000000    13.745848170
    8.000000000    13.745848170
    9.000000000    13.745848170
   10.000000000    13.745848170
   11.000000000    13.745848170
   12.000000000    13.745848170
   13.000000000    13.745848170
   14.000000000    13.745848170
   15.000000000    13.745848170
   16.000000000    13.745848170
   17.000000000    13.745848170
   18.000000000    13.745848170
   19.000000000    13.745848170
   20.000000000    13.745848170
   21.000000000    13.745848170
   22.000000000    13.745848170
   23.000000000    13.745848170
   24.000000000    13.745848170
   25.000000000    13.745848170
   26.000000000    13.745848170
   27.000000000    13.745848170
   28.000000000    13.745848170
   29.000000000    13.745848170
   30.000000000    13.745848170
   31.000000000    13.745848170
   32.000000000    13.745848170
   33.000000000    13.745848170
   34.000000000    13.745848170
   35.000000000    13.745848170
   36.000000000    13.745848170
   37.000000000    13.745848170
   38.000000000    13.745848170
   39.000000000    13.745848170
   40.000000000    13.745848170
   41.000000000    13.745848170
   42.000000000    13.745848170
   43.000000000    13.745848170
   44.000000000    13.745848170
   45.000000000    13.745848170
   46.000000000    13.745848170
   47.000000000    13.745848170
   48.000000000    13.745848170
   49.000000000    13.745848170
   50.000000000    13.745848170
   51.000000000    13.745848170
   52.000000000    13.745848170
   53.000000000    13.745848170
   54.000000000    13.745848170
   55.000000000    13.745848170
   56.000000000    13.745848170
   57.000000000    13.745848170
   58.000000000    13.745848170
   59.000000000    13.745848170
   60.000000000    13.745848170
   61.000000000    13.745848170
   62.000000000    13.745848170
   63.000000000    13.745848170
   64.000000000    13.745848170
   65.000000000    13.745848170
   66.000000000    13.745848170
   67.000000000    13.745848170
   68.000000000    13.745848170
   69.000000000    13.745848170
   70.000000000    13.745848170
   71.000000000    13.745848170
   72.000000000    13.745848170
   73.000000000    13.745848170
   74.000000000    13.745848170
   75.000000000    13.745848170
   76.000000000    13.745848170
   77.000000000    13.745848170
   78.000000000    13.745848170
   79.000000000    13.745848170
   80.000000000    13.745848170
   81.000000000    13.745848170
   82.000000000    13.745848170
   83.000000000    13.745848170
   84.000000000    13.745848170
   85.000000000    13.745848170
   86.000000000    13.745848170
   87.000000000    13.745848170
   88.000000000    13.745848170
   89.000000000    13.745848170
   90.000000000    13.745848170
   91.000000000    13.745848170
   92.000000000    13.745848170
   93.000000000    13.745848170
   94.000000000    13.745848170
   95.000000000    13.745848170
   96.000000000    13.745848170
   97.000000000    13.745848170
   98.000000000    13.745848170
   99.000000000    13.745848170
  100.000000000    13.745848170
  101.000000000    13.745848170
  102.000000000    13.745848170
  103.000000000    13.745848170
  104.000000000    13.745848170
  105.000000000    13.745848170
  106.000000000    13.745848170
  107.000000000    13.745848170
  108.000000000    13.745848170
  109.000000000    13.745848170
  110.000000000    13.745848170
  111.000000000    13.745848170
  112.000000000    13.745848170
  113.000000000    13.745848170
  114.000000000    13.745848170
  115.000000000    13.745848170
  116.000000000    13.745848170
  117.000000000    13.745848170
  118.000000000    13.745848170
  119.000000000    13.745848170
  120.000000000    13.745848170
  121.000000000    13.745848170
  122.000000000    13.745848170
  123.000000000    13.745848170
  124.000000000    13.745848170
  125.000000000    13.745848170
  126.000000000    13.745848170
  127.000000000    13.745848170
  128.000000000    13.745848170
  129.000000000    13.745848170
  130.000000000    13.745848170
  131.000000000    13.745848170
  132.000000000    13.745848170
  133.000000000    13.745848170
  134.000000000    13.745848170
  135.000000000    13.745848170
  136.000000000    13.745848170
  137.000000000    13.745848170
  138.000000000    13.745848170
  139.000000000    13.745848170
  140.000000000    13.745848170
  141.000000000    13.745848170
  142.000000000    13.745848170
  143.000000000    13.745848170
  144.000000000    13.745848170
  145.000000000    13.745848170
  146.000000000    13.745848170
  147.000000000    13.745848170
  148.000000000    13.745848170
  149.000000000    13.745848170
  150.000000000    13.745848170
  151.000000000    13.745848170
  152.000000000    13.745848170
  153.000000000    13.745848170
  154.000000000    13.745848170
  155.000000000    13.745848170
  156.000000000    13.745848170
  157.000000000    13.745848170
  158.000000000    13.745848170
  159.000000000    13.745848170
  160.000000000    13.745848170
  161.000000000    13.745848170
  162.000000000    13.745848170
  163.000000000    13.745848170
  164.000000000    13.745848170
  165.000000000    13.745848170
  166.000000000    13.745848170
  167.000000000    13.745848170
  168.000000000    13.745848170
  169.000000000    13.745848170
  170.000000000    13.745848170
  171.000000000    13.745848170
  172.000000000    13.745848170
  173.000000000    13.745848170
  174.000000000    13.745848170
  175.000000000    13.745848170
  176.000000000    13.745848170
  177.000000000    13.745848170
  178.000000000    13.745848170
  179.000000000    13.745848170
  180.000000000    13.745848170
  181.000000000    13.745848170
  182.000000000    13.745848170
  183.000000000    13.745848170
  184.000000000    13.745848170
  185.000000000    13.745848170
  186.000000000    13.745848170
  187.000000000    13.745848170
  188.000000000    13.745848170
  189.000000000    13.745848170
  190.000000000    13.745848170
  191.000000000    13.745848170
  192.000000000    13.745848170
  193.000000000    13.745848170
  194.000000000    13.745848170
  195.000000000    13.745848170
  196.000000000    13.745848170
  197.000000000    13.745848170
  198.000000000    13.745848170
  199.000000000    13.745848170
  200.000000000    13.745848170
  201.000000000    13.745848170
  202.000000000    13.745848170
  203.000000000    13.745848170
  204.000000000    13.745848170
  205.000000000    13.745848170
  206.000000000    13.745848170
  207.000000000    13.745848170
  208.000000000    13.745848170
  209.000000000    13.745848170
  210.000000000    13.745848170
  211.000000000    13.745848170
  212.000000000    13.745848170
  213.000000000    13.745848170
  214.000000000    13.745848170
  215.000000000    13.745848170
  216.000000000    13.745848170
  217.000000000    13.745848170
  218.000000000    13.745848170
  219.000000000    13.745848170
  220.000000000    13.745848170
  221.000000000    13.745848170
  222.000000000    13.745848170
  223.000000000    13.745848170
  224.000000000    13.745848170
  225.000000000    13.745848170
  226.000000000    13.745848170
  227.000000000    13.745848170
  228.000000000    13.745848170
  229.000000000    13.745848170
  230.000000000    13.745848170
  231.000000000    13.745848170
  232.000000000    13.745848170
  233.000000000    13.745848170
  234.000000000    13.745848170
  235.000000000    13.745848170
  236.000000000    13.745848170
  237.000000000    13.745848170
  238.000000000    13.745848170
  239.000000000    13.745848170
  240.000000000    13.745848170
  241.000000000    13.745848170
  242.000000000    13.745848170
  243.000000000    13.745848170
  244.000000000    13.745848170
  245.000000000    13.745848170
  246.000000000    13.745848170
  247.000000000    13.745848170
  248.000000000    13.745848170
  249.000000000    13.745848170
  250.000000000    13.745848170
  251.000000000    13.745848170
  252.000000000    13.745848170
  253.000000000    13.745848170
  254.000000000    13.745848170
  255.000000000    13.745848170
  256.000000000    13.745848170
  257.000000000    13.745848170
  258.000000000    13.745848170
  259.000000000    13.745848170
  260.000000000    13.745848170
  261.000000000    13.745848170
  262.000000000    13.745848170
  263.000000000    13.745848170
  264.000000000    13.745848170
  265.000000000    13.745848170
  266.000000000    13.745848170
  267.000000000    13.745848170
  268.000000000    13.745848170
  269.000000000    13.745848170
  270.000000000    13.745848170
  271.000000000    13.745848170
  272.000000000    13.745848170
  273.000000000    13.745848170
  274.000000000    13.745848170
  275.000000000    13.745848170
  276.000000000    13.745848170
  277.000000000    13.745848170
  278.000000000    13.745848170
  279.000000000    13.745848170
  280.000000000    13.745848170
  281.000000000    13.745848170
  282.000000000    13.745848170
  283.000000000    13.745848170
  284.000000000    13.745848170
  285.000000000    13.745848170
  286.000000000    13.745848170
  287.000000000    13.745848170
  288.000000000    13.745848170
  289.000000000    13.745848170
  290.000000000    13.745848170
  291.000000000    13.745848170
  292.000000000    13.745848170
  293.000000000    13.745848170
  294.000000000    13.745848170
  295.000000000    13.745848170
  296.000000000    13.745848170
  297.000000000    13.745848170
  298.000000000    13.745848170
  299.000000000    13.745848170
  300.000000000    13.745848170
  301.000000000    13.745848170
  302.000000000    13.745848170
  303.000000000    13.745848170
  304.000000000    13.745848170
  305.000000000    13.745848170
  306.000000000    13.745848170
  307.000000000    13.745848170
  308.000000000    13.745848170
  309.000000000    13.745848170
  310.000000000    13.745848170
  311.000000000    13.745848170
  312.000000000    13.745848170
  313.000000000    13.745848170
  314.000000000    13.745848170
  315.000000000    13.745848170
  316.000000000    13.745848170
  317.000000000    13.745848170
  318.000000000    13.745848170
  319.000000000    13.745848170
  320.000000000    13.745848170
  321.000000000    13.745848170
  322.000000000    13.745848170
  323.000000000    13.745848170
  324.000000000    13.745848170
  325.000000000    13.745848170
  326.000000000    13.745848170
  327.000000000    13.745848170
  328.000000000    13.745848170
  329.000000000    13.745848170
  330.000000000    13.745848170
  331.000000000    13.745848170
  332.000000000    13.745848170
  333.000000000    13.745848170
  334.000000000    13.745848170
  335.000000000    13.745848170
  336.000000000    13.745848170
  337.000000000    13.745848170
  338.000000000    13.745848170
  339.000000000    13.745848170
  340.000000000    13.745848170
  341.000000000    13.745848170
  342.000000000    13.745848170
  343.000000000    13.745848170
  344.000000000    13.745848170
  345.000000000    13.745848170
  346.000000000    13.745848170
  347.000000000    13.745848170
  348.000000000    13.745848170
  349.000000000    13.745848170
  350.000000000    13.745848170
  351.000000000    13.745848170
  352.000000000    13.745848170
  353.000000000    13.745848170
  354.000000000    13.745848170
  355.000000000    13.745848170
  356.000000000    13.745848170
  357.000000000    13.745848170
  358.000000000    13.745848170
  359.000000000    13.745848170
  360.000000000    13.745848170
  361.000000000    13.745848170
  362.000000000    13.745848170
  363.000000000    13.745848170
  364.000000000    13.745848170
  365.000000000    13.745848170
  366.000000000    13.745848170
  367.000000000    13.745848170
  368.000000000    13.745848170
  369.000000000    13.745848170
  370.000000000    13.745848170
  371.000000000    13.745848170
  372.000000000    13.745848170
  373.000000000    13.745848170
  374.000000000    13.745848170
  375.000000000    13.745848170
  376.000000000    13.745848170
  377.000000000    13.745848170
  378.000000000    13.745848170
  379.000000000    13.745848170
  380.000000000    13.745848170
  381.000000000    13.745848170
  382.000000000    13.745848170
  383.000000000    13.745848170
  384.000000000    13.745848170
  385.000000000    13.745848170
  386.000000000    13.745848170
  387.000000000    13.745848170
  388.000000000    13.745848170
  389.000000000    13.745848170
  390.000000000    13.745848170
  391.000000000    13.745848170
  392.000000000    13.745848170
  393.000000000    13.745848170
  394.000000000    13.745848170
  395.000000000    13.745848170
  396.000000000    13.745848170
  397.000000000    13.745848170
  398.000000000    13.745848170
  399.000000000    13.745848170
  400.000000000    13.745848170
  401.000000000    13.745848170
  402.000000000    13.745848170
  403.000000000    13.745848170
  404.000000000    13.745848170
  405.000000000    13.745848170
  406.000000000    13.745848170
  407.000000000    13.745848170
  408.000000000    13.745848170
  409.000000000    13.745848170
  410.000000000    13.745848170
  411.000000000    13.745848170
  412.000000000    13.745848170
  413.000000000    13.745848170
  414.000000000    13.745848170
  415.000000000    13.745848170
  416.000000000    13.745848170
  417.000000000    13.745848170
  418.000000000    13.745848170
  419.000000000    13.745848170
  420.000000000    13.745848170
  421.000000000    13.745848170
  422.000000000    13.745848170
  423.000000000    13.745848170
  424.000000000    13.745848170
  425.000000000    13.745848170
  426.000000000    13.745848170
  427.000000000    13.745848170
  428.000000000    13.745848170
  429.000000000    13.745848170
  430.000000000    13.745848170
  431.000000000    13.745848170
  432.000000000    13.745848170
  433.000000000    13.745848170
  434.000000000    13.745848170
  435.000000000    13.745848170
  436.000000000    13.745848170
  437.000000000    13.745848170
  438.000000000    13.745848170
  439.000000000    13.745848170
  440.000000000    13.745848170
  441.000000000    13.745848170
  442.000000000    13.745848170
  443.000000000    13.745848170
  444.000000000    13.745848170
  445.000000000    13.745848170
  446.000000000    13.745848170
  447.000000000    13.745848170
  448.000000000    13.745848170
  449.000000000    13.745848170
  450.000000000    13.745848170
  451.000000000    13.745848170
  452.000000000    13.745848170
  453.000000000    13.745848170
  454.000000000    13.745848170
  455.000000000    13.745848170
  456.000000000    13.745848170
  457.000000000    13.745848170
  458.000000000    13.745848170
  459.000000000    13.745848170
  460.000000000    13.745848170
  461.000000000    13.745848170
  462.000000000    13.745848170
  463.000000000    13.745848170
  464.000000000    13.745848170
  465.000000000    13.745848170
  466.000000000    13.745848170
  467.000000000    13.745848170
  468.000000000    13.745848170
  469.000000000    13.745848170
  470.000000000    13.745848170
  471.000000000    13.745848170
  472.000000000    13.745848170
  473.000000000    13.745848170
  474.000000000    13.745848170
  475.000000000    13.745848170
  476.000000000    13.745848170
  477.000000000    13.745848170
  478.000000000    13.745848170
  479.000000000    13.745848170
  480.000000000    13.745848170
  481.000000000    13.745848170
  482.000000000    13.745848170
  483.000000000    13.745848170
  484.000000000    13.745848170
  485.000000000    13.745848170
  486.000000000    13.745848170
  487.000000000    13.745848170
  488.000000000    13.745848170
  489.000000000    13.745848170
  490.000000000    13.745848170
  491.000000000    13.745848170
  492.000000000    13.745848170
  493.000000000    13.745848170
  494.000000000    13.745848170
  495.000000000    13.745848170
  496.000000000    13.745848170
  497.000000000    13.745848170
  498.000000000    13.745848170
  499.000000000    13.745848170
