    0.000000000     6.835679979
    1.000000000     6.855509755
    2.000000000     6.859423091
    3.000000000     6.848713866
    4.000000000     6.825327587
    5.000000000     6.791655606
    6.000000000     6.750384529
    7.000000000     6.704281421
    8.000000000     6.656050455
    9.000000000     6.608194974
   10.000000000     6.562905983
   11.000000000     6.521983525
   12.000000000     6.486813289
   13.000000000     6.458376319
   14.000000000     6.437269648
   15.000000000     6.423777903
   16.000000000     6.417996590
   17.000000000     6.418602198
   18.000000000     6.416972321
   19.000000000     6.411442077
   20.000000000     6.401951070
   21.000000000     6.388458649
   22.000000000     6.370958703
   23.000000000     6.349482523
   24.000000000     6.324104730
   25.000000000     6.294915109
   26.000000000     6.262094606
   27.000000000     6.225799311
   28.000000000     6.186228819
   29.000000000     6.143598198
   30.000000000     6.098170796
   31.000000000     6.050257976
   32.000000000     6.000127616
   33.000000000     5.948065305
   34.000000000     5.894423675
   35.000000000     5.839513776
   36.000000000     5.783665012
   37.000000000     5.727202331
   38.000000000     5.670473621
   39.000000000     5.613799030
   40.000000000     5.557566346
   41.000000000     5.502086335
   42.000000000     5.447616736
   43.000000000     5.394445918
   44.000000000     5.342863178
   45.000000000     5.293077020
   46.000000000     5.245332181
   47.000000000     5.199857517
   48.000000000     5.156835477
   49.000000000     5.116447217
   50.000000000     5.078846701
   51.000000000     5.044156142
   52.000000000     5.012486947
   53.000000000     4.983924278
   54.000000000     4.958558661
   55.000000000     4.937695704
   56.000000000     4.923935169
   57.000000000     4.916971952
   58.000000000     4.916110529
   59.000000000     4.920426174
   60.000000000     4.928675862
   61.000000000     4.939372188
   62.000000000     4.950967171
   63.000000000     4.961999599
   64.000000000     4.971324859
   65.000000000     4.978293749
   66.000000000     4.982860639
   67.000000000     4.985509064
   68.000000000     4.987207075
   69.000000000     4.989202038
   70.000000000     4.992827347
   71.000000000     4.999332246
   72.000000000     5.009785744
   73.000000000     5.024968513
   74.000000000     5.045428947
   75.000000000     5.070177202
   76.000000000     5.096082468
   77.000000000     5.122908016
   78.000000000     5.150542009
   79.000000000     5.178904229
   80.000000000     5.207927539
   81.000000000     5.237574308
   82.000000000     5.267761601
   83.000000000     5.298448433
   84.000000000     5.329559897
   85.000000000     5.361047509
   86.000000000     5.392885683
   87.000000000     5.424993146
   88.000000000     5.457330388
   89.000000000     5.489820715
   90.000000000     5.522443151
   91.000000000     5.555142611
   92.000000000     5.587833225
   93.000000000     5.620396464
   94.000000000     5.652746391
   95.000000000     5.684805722
   96.000000000     5.716461819
   97.000000000     5.747562138
   98.000000000     5.777987661
   99.000000000     5.807589881
  100.000000000     5.836204895
  101.000000000     5.863691026
  102.000000000     5.889952766
  103.000000000     5.914769518
  104.000000000     5.937952324
  105.000000000     5.959313806
  106.000000000     5.978678574
  107.000000000     5.995867384
  108.000000000     6.010710225
  109.000000000     6.023007367
  110.000000000     6.032615404
  111.000000000     6.039394724
  112.000000000     6.043204284
  113.000000000     6.043901847
  114.000000000     6.041396653
  115.000000000     6.035622932
  116.000000000     6.026502720
  117.000000000     6.014028713
  118.000000000     5.998147140
  119.000000000     5.978839587
  120.000000000     5.956151401
  121.000000000     5.930121343
  122.000000000     5.900831862
  123.000000000     5.868340829
  124.000000000     5.832745813
  125.000000000     5.794177630
  126.000000000     5.752796408
  127.000000000     5.708762304
  128.000000000     5.662276727
  129.000000000     5.613547399
  130.000000000     5.562783336
  131.000000000     5.510225004
  132.000000000     5.456118608
  133.000000000     5.400659594
  134.000000000     5.344106672
  135.000000000     5.286720323
  136.000000000     5.228717145
  137.000000000     5.170361938
  138.000000000     5.111947310
  139.000000000     5.053685089
  140.000000000     4.995799111
  141.000000000     4.938547180
  142.000000000     4.882117364
  143.000000000     4.826685388
  144.000000000     4.772439359
  145.000000000     4.719622434
  146.000000000     4.668344287
  147.000000000     4.618700371
  148.000000000     4.570835310
  149.000000000     4.524900633
  150.000000000     4.480963772
  151.000000000     4.439118619
  152.000000000     4.399445058
  153.000000000     4.361978827
  154.000000000     4.326736795
  155.000000000     4.293763928
  156.000000000     4.263115693
  157.000000000     4.234832967
  158.000000000     4.208925985
  159.000000000     4.185418077
  160.000000000     4.164262590
  161.000000000     4.145468644
  162.000000000     4.129035625
  163.000000000     4.114921368
  164.000000000     4.103121318
  165.000000000     4.093604803
  166.000000000     4.086358639
  167.000000000     4.081403139
  168.000000000     4.078690036
  169.000000000     4.078218821
  170.000000000     4.079993570
  171.000000000     4.083982764
  172.000000000     4.090175819
  173.000000000     4.098530562
  174.000000000     4.109040266
  175.000000000     4.121675132
  176.000000000     4.136406327
  177.000000000     4.153214175
  178.000000000     4.172063161
  179.000000000     4.192901892
  180.000000000     4.215657305
  181.000000000     4.240285795
  182.000000000     4.266718024
  183.000000000     4.294897771
  184.000000000     4.324712959
  185.000000000     4.356070393
  186.000000000     4.388810672
  187.000000000     4.422805495
  188.000000000     4.457917386
  189.000000000     4.494040245
  190.000000000     4.530993758
  191.000000000     4.568587569
  192.000000000     4.606562281
  193.000000000     4.644717415
  194.000000000     4.682831368
  195.000000000     4.720674915
  196.000000000     4.758008620
  197.000000000     4.794607496
  198.000000000     4.830227856
  199.000000000     4.864601528
  200.000000000     4.897510376
  201.000000000     4.928750378
  202.000000000     4.958079595
  203.000000000     4.985248941
  204.000000000     5.010080148
  205.000000000     5.032402283
  206.000000000     5.051997776
  207.000000000     5.068731650
  208.000000000     5.082441001
  209.000000000     5.092994241
  210.000000000     5.100312312
  211.000000000     5.104334373
  212.000000000     5.105003147
  213.000000000     5.102300078
  214.000000000     5.096237823
  215.000000000     5.086754474
  216.000000000     5.073861114
  217.000000000     5.057595490
  218.000000000     5.038015748
  219.000000000     5.015240683
  220.000000000     4.989366946
  221.000000000     4.960527851
  222.000000000     4.928860684
  223.000000000     4.894486541
  224.000000000     4.857596064
  225.000000000     4.818370756
  226.000000000     4.776979051
  227.000000000     4.733638062
  228.000000000     4.688556367
  229.000000000     4.641935338
  230.000000000     4.593972095
  231.000000000     4.544856970
  232.000000000     4.494790235
  233.000000000     4.443989157
  234.000000000     4.392673819
  235.000000000     4.341073087
  236.000000000     4.289390999
  237.000000000     4.237863028
  238.000000000     4.186634524
  239.000000000     4.135951337
  240.000000000     4.085972164
  241.000000000     4.036845805
  242.000000000     3.988714642
  243.000000000     3.941791195
  244.000000000     3.896185652
  245.000000000     3.852046535
  246.000000000     3.809529480
  247.000000000     3.768773059
  248.000000000     3.729889428
  249.000000000     3.692999742
  250.000000000     3.658201985
  251.000000000     3.625583939
  252.000000000     3.595262060
  253.000000000     3.567318305
  254.000000000     3.541847282
  255.000000000     3.518953385
  256.000000000     3.498696463
  257.000000000     3.481140059
  258.000000000     3.466351351
  259.000000000     3.454421136
  260.000000000     3.445398685
  261.000000000     3.439346045
  262.000000000     3.436289405
  263.000000000     3.436241340
  264.000000000     3.439307319
  265.000000000     3.448000336
  266.000000000     3.464137774
  267.000000000     3.487662678
  268.000000000     3.518085415
  269.000000000     3.554345566
  270.000000000     3.594776822
  271.000000000     3.637120834
  272.000000000     3.678887956
  273.000000000     3.717765471
  274.000000000     3.752093854
  275.000000000     3.781246891
  276.000000000     3.805664585
  277.000000000     3.826827923
  278.000000000     3.846816278
  279.000000000     3.867933128
  280.000000000     3.892201812
  281.000000000     3.921171156
  282.000000000     3.955716200
  283.000000000     3.996184787
  284.000000000     4.042461726
  285.000000000     4.091427145
  286.000000000     4.141339926
  287.000000000     4.191996471
  288.000000000     4.243177402
  289.000000000     4.294644500
  290.000000000     4.346197370
  291.000000000     4.397571659
  292.000000000     4.448504290
  293.000000000     4.498766279
  294.000000000     4.548124666
  295.000000000     4.596363781
  296.000000000     4.643363928
  297.000000000     4.691641183
  298.000000000     4.742161521
  299.000000000     4.794471258
  300.000000000     4.847933848
  301.000000000     4.901678872
  302.000000000     4.954523970
  303.000000000     5.005044627
  304.000000000     5.051713419
  305.000000000     5.092991237
  306.000000000     5.127545030
  307.000000000     5.154369078
  308.000000000     5.172976400
  309.000000000     5.183498680
  310.000000000     5.186703567
  311.000000000     5.183738648
  312.000000000     5.175983249
  313.000000000     5.164947183
  314.000000000     5.152086568
  315.000000000     5.138723384
  316.000000000     5.125781674
  317.000000000     5.113935239
  318.000000000     5.103569063
  319.000000000     5.094922039
  320.000000000     5.087206576
  321.000000000     5.078041157
  322.000000000     5.067421011
  323.000000000     5.055451528
  324.000000000     5.042272909
  325.000000000     5.028079005
  326.000000000     5.012948117
  327.000000000     4.996964515
  328.000000000     4.980225187
  329.000000000     4.962873613
  330.000000000     4.944977652
  331.000000000     4.926641349
  332.000000000     4.907929609
  333.000000000     4.888922982
  334.000000000     4.869771721
  335.000000000     4.850562442
  336.000000000     4.831343978
  337.000000000     4.812172042
  338.000000000     4.793097788
  339.000000000     4.774200628
  340.000000000     4.755555307
  341.000000000     4.737234205
  342.000000000     4.719265083
  343.000000000     4.701707387
  344.000000000     4.684632891
  345.000000000     4.668097335
  346.000000000     4.652203967
  347.000000000     4.636975556
  348.000000000     4.622511778
  349.000000000     4.608875547
  350.000000000     4.596098313
  351.000000000     4.584249505
  352.000000000     4.573402889
  353.000000000     4.563685148
  354.000000000     4.555174291
  355.000000000     4.547911674
  356.000000000     4.542002133
  357.000000000     4.537501127
  358.000000000     4.534476223
  359.000000000     4.533027322
  360.000000000     4.533213937
  361.000000000     4.535064468
  362.000000000     4.538641060
  363.000000000     4.544021305
  364.000000000     4.551256744
  365.000000000     4.560344437
  366.000000000     4.571323248
  367.000000000     4.584198993
  368.000000000     4.598961385
  369.000000000     4.615591484
  370.000000000     4.634084592
  371.000000000     4.654389428
  372.000000000     4.676434156
  373.000000000     4.700153532
  374.000000000     4.725467505
  375.000000000     4.752250787
  376.000000000     4.780411729
  377.000000000     4.809872695
  378.000000000     4.840520588
  379.000000000     4.872172053
  380.000000000     4.904702066
  381.000000000     4.937944457
  382.000000000     4.971723489
  383.000000000     5.005922786
  384.000000000     5.040357983
  385.000000000     5.074847183
  386.000000000     5.109213184
  387.000000000     5.143295572
  388.000000000     5.176952835
  389.000000000     5.210005102
  390.000000000     5.242291460
  391.000000000     5.273667010
  392.000000000     5.303984906
  393.000000000     5.333149891
  394.000000000     5.361009713
  395.000000000     5.387409311
  396.000000000     5.412211141
  397.000000000     5.435271911
  398.000000000     5.456541744
  399.000000000     5.475879032
  400.000000000     5.493169545
  401.000000000     5.508282663
  402.000000000     5.521121795
  403.000000000     5.531591627
  404.000000000     5.539582603
  405.000000000     5.545030961
  406.000000000     5.547856763
  407.000000000     5.548012467
  408.000000000     5.545515612
  409.000000000     5.540353870
  410.000000000     5.532583543
  411.000000000     5.522342703
  412.000000000     5.509772558
  413.000000000     5.495109252
  414.000000000     5.478731237
  415.000000000     5.461140289
  416.000000000     5.442942341
  417.000000000     5.425217292
  418.000000000     5.412493981
  419.000000000     5.406306107
  420.000000000     5.407156691
  421.000000000     5.415331289
  422.000000000     5.430757766
  423.000000000     5.452975493
  424.000000000     5.480952540
  425.000000000     5.513027580
  426.000000000     5.547183141
  427.000000000     5.616354038
  428.000000000     5.943486965
  429.000000000     6.469038071
  430.000000000     6.954937616
  431.000000000     7.127631342
  432.000000000     6.878285628
  433.000000000     6.358693193
  434.000000000     5.861079009
  435.000000000     5.626384494
  436.000000000     5.579561982
  437.000000000     5.537917551
  438.000000000     5.503161004
  439.000000000     5.476499361
  440.000000000     5.457621714
  441.000000000     5.442030080
  442.000000000     5.428739822
  443.000000000     5.417106591
  444.000000000     5.406394193
  445.000000000     5.395911155
  446.000000000     5.387270474
  447.000000000     5.396595889
  448.000000000     5.423740294
  449.000000000     5.459238001
  450.000000000     5.487538476
  451.000000000     5.492174167
  452.000000000     5.463818608
  453.000000000     5.405744488
  454.000000000     5.331832527
  455.000000000     5.259083791
  456.000000000     5.200487196
  457.000000000     5.161956993
  458.000000000     5.128250879
  459.000000000     5.092415968
  460.000000000     5.054585446
  461.000000000     5.014980767
  462.000000000     4.973861553
  463.000000000     4.931484039
  464.000000000     4.888184250
  465.000000000     4.844276961
  466.000000000     4.800064131
  467.000000000     4.755827128
  468.000000000     4.711817161
  469.000000000     4.668247020
  470.000000000     4.625328701
  471.000000000     4.583274554
  472.000000000     4.542254466
  473.000000000     4.502419230
  474.000000000     4.463914078
  475.000000000     4.426788574
  476.000000000     4.391107943
  477.000000000     4.357001246
  478.000000000     4.324556653
  479.000000000     4.293875966
  480.000000000     4.265041116
  481.000000000     4.238043595
  482.000000000     4.212897861
  483.000000000     4.189527175
  484.000000000     4.167901167
  485.000000000     4.148035206
  486.000000000     4.129902295
  487.000000000     4.113550496
  488.000000000     4.099080895
  489.000000000     4.086658822
  490.000000000     4.085754354
  491.000000000     4.128351825
  492.000000000     4.213921875
  493.000000000     4.358605855
  494.000000000     4.519452524
  495.000000000     4.633916642
  496.000000000     4.653791519
  497.000000000     4.567946945
  498.000000000     4.406594012
  499.000000000     4.225150236
