    0.000000000   263.801689425
    1.000000000   264.451114554
    2.000000000   265.330390731
    3.000000000   266.327424432
    4.000000000   267.301686180
    5.000000000   268.101888967
    6.000000000   268.583959594
    7.000000000   268.626700516
    8.000000000   268.143241632
    9.000000000   267.087321671
   10.000000000   265.454411292
   11.000000000   263.278465361
   12.000000000   260.625577821
   13.000000000   257.585933377
   14.000000000   254.265370681
   15.000000000   250.777624110
   16.000000000   247.237935893
   17.000000000   243.754710325
   18.000000000   240.402532006
   19.000000000   237.221813165
   20.000000000   234.243972710
   21.000000000   231.495586952
   22.000000000   228.997981602
   23.000000000   226.766944516
   24.000000000   224.812569009
   25.000000000   223.139229044
   26.000000000   221.745687244
   27.000000000   220.625342187
   28.000000000   219.766568747
   29.000000000   219.153145426
   30.000000000   218.764768299
   31.000000000   218.577617664
   32.000000000   218.564970625
   33.000000000   218.697835965
   34.000000000   218.945587095
   35.000000000   219.276601119
   36.000000000   219.658870711
   37.000000000   220.060576429
   38.000000000   220.450632867
   39.000000000   220.799176175
   40.000000000   221.078006106
   41.000000000   221.260975871
   42.000000000   221.324335864
   43.000000000   221.247023712
   44.000000000   221.010899267
   45.000000000   220.600949417
   46.000000000   220.005437457
   47.000000000   219.216012333
   48.000000000   218.227779522
   49.000000000   217.039335137
   50.000000000   215.652767560
   51.000000000   214.073620611
   52.000000000   212.310826249
   53.000000000   210.376589910
   54.000000000   208.286241188
   55.000000000   206.056712525
   56.000000000   203.703891428
   57.000000000   201.244781975
   58.000000000   198.701326855
   59.000000000   196.101324365
   60.000000000   193.478857650
   61.000000000   190.873777157
   62.000000000   188.329865088
   63.000000000   185.891697978
   64.000000000   183.600821265
   65.000000000   181.492254973
   66.000000000   179.592382615
   67.000000000   177.918843723
   68.000000000   176.482281043
   69.000000000   175.289133648
   70.000000000   174.344406578
   71.000000000   173.653540055
   72.000000000   173.223009540
   73.000000000   173.059830992
   74.000000000   173.170480688
   75.000000000   173.558351415
   76.000000000   174.219190947
   77.000000000   175.141388665
   78.000000000   176.309231689
   79.000000000   177.703318351
   80.000000000   179.300908505
   81.000000000   181.076332529
   82.000000000   183.001446318
   83.000000000   185.046138935
   84.000000000   187.178854691
   85.000000000   189.367124778
   86.000000000   191.578129124
   87.000000000   193.779269229
   88.000000000   195.938709319
   89.000000000   198.025889654
   90.000000000   200.012030637
   91.000000000   201.870589867
   92.000000000   203.577684888
   93.000000000   205.112472784
   94.000000000   206.457473409
   95.000000000   207.598839208
   96.000000000   208.526568246
   97.000000000   209.234648196
   98.000000000   209.721120669
   99.000000000   209.988080754
  100.000000000   210.041601968
  101.000000000   209.891586761
  102.000000000   209.551540538
  103.000000000   209.038278215
  104.000000000   208.371560770
  105.000000000   207.573661973
  106.000000000   206.668890201
  107.000000000   205.683070469
  108.000000000   204.642998138
  109.000000000   203.575879482
  110.000000000   202.508762431
  111.000000000   201.467979619
  112.000000000   200.478622565
  113.000000000   199.564052925
  114.000000000   198.745457788
  115.000000000   198.041459026
  116.000000000   197.467792572
  117.000000000   197.037058692
  118.000000000   196.758558035
  119.000000000   196.638184115
  120.000000000   196.678377032
  121.000000000   196.878170474
  122.000000000   197.233305200
  123.000000000   197.736394822
  124.000000000   198.377148415
  125.000000000   199.142639785
  126.000000000   200.017617013
  127.000000000   200.984847764
  128.000000000   202.025497530
  129.000000000   203.119522236
  130.000000000   204.246064572
  131.000000000   205.383853351
  132.000000000   206.511599272
  133.000000000   207.608383371
  134.000000000   208.654031183
  135.000000000   209.629464546
  136.000000000   210.517015839
  137.000000000   211.300720441
  138.000000000   211.966581397
  139.000000000   212.502799852
  140.000000000   212.899958566
  141.000000000   213.151176496
  142.000000000   213.252226851
  143.000000000   213.201598408
  144.000000000   213.000521489
  145.000000000   212.652947277
  146.000000000   212.165514921
  147.000000000   211.547464152
  148.000000000   210.810475324
  149.000000000   209.968482636
  150.000000000   209.037465886
  151.000000000   208.035202569
  152.000000000   206.980975155
  153.000000000   205.895245435
  154.000000000   204.799306186
  155.000000000   203.714916146
  156.000000000   202.663909112
  157.000000000   201.667799236
  158.000000000   200.747386952
  159.000000000   199.922363102
  160.000000000   199.210930581
  161.000000000   198.629457662
  162.000000000   198.192160811
  163.000000000   197.910817643
  164.000000000   197.794531211
  165.000000000   197.849554892
  166.000000000   198.079183732
  167.000000000   198.483705453
  168.000000000   199.060404321
  169.000000000   199.803634384
  170.000000000   200.704946375
  171.000000000   201.753273547
  172.000000000   202.935176722
  173.000000000   204.235127129
  174.000000000   205.635830208
  175.000000000   207.118583519
  176.000000000   208.663636385
  177.000000000   210.250577161
  178.000000000   211.858731231
  179.000000000   213.467543440
  180.000000000   215.056952541
  181.000000000   216.607748212
  182.000000000   218.101910926
  183.000000000   219.522908647
  184.000000000   220.855978938
  185.000000000   222.088376715
  186.000000000   223.209560338
  187.000000000   224.211344686
  188.000000000   225.088000715
  189.000000000   225.836297034
  190.000000000   226.455491544
  191.000000000   226.947289712
  192.000000000   227.315733270
  193.000000000   227.567035761
  194.000000000   227.709396183
  195.000000000   227.752755656
  196.000000000   227.708518664
  197.000000000   227.589251451
  198.000000000   227.408360371
  199.000000000   227.179762728
  200.000000000   226.917568217
  201.000000000   226.635761930
  202.000000000   226.347892612
  203.000000000   226.066796490
  204.000000000   225.804363790
  205.000000000   225.571350417
  206.000000000   225.377222977
  207.000000000   225.230023085
  208.000000000   225.136271614
  209.000000000   225.100922698
  210.000000000   225.127338063
  211.000000000   225.217289000
  212.000000000   225.370991958
  213.000000000   225.587158070
  214.000000000   225.863040380
  215.000000000   226.194530345
  216.000000000   226.576278440
  217.000000000   227.001789141
  218.000000000   227.463530918
  219.000000000   227.953062196
  220.000000000   228.461184154
  221.000000000   228.978088496
  222.000000000   229.493521609
  223.000000000   229.996954106
  224.000000000   230.477739188
  225.000000000   230.925293144
  226.000000000   231.329269594
  227.000000000   231.679727732
  228.000000000   231.967292424
  229.000000000   232.183330588
  230.000000000   232.320129036
  231.000000000   232.371040291
  232.000000000   232.330607073
  233.000000000   232.194683773
  234.000000000   231.960540852
  235.000000000   231.626939609
  236.000000000   231.194188604
  237.000000000   230.664185709
  238.000000000   230.040433992
  239.000000000   229.327997327
  240.000000000   228.533437763
  241.000000000   227.664728914
  242.000000000   226.731126117
  243.000000000   225.743023934
  244.000000000   224.711777330
  245.000000000   223.649496789
  246.000000000   222.568823627
  247.000000000   221.482693707
  248.000000000   220.404100051
  249.000000000   219.345847919
  250.000000000   218.320317361
  251.000000000   217.339232640
  252.000000000   216.413447342
  253.000000000   215.552755065
  254.000000000   214.765713053
  255.000000000   214.059494994
  256.000000000   213.439795673
  257.000000000   212.910764451
  258.000000000   212.474967484
  259.000000000   212.133386111
  260.000000000   211.885447841
  261.000000000   211.729086881
  262.000000000   211.660838141
  263.000000000   211.675962105
  264.000000000   211.768489976
  265.000000000   211.923926780
  266.000000000   212.114404441
  267.000000000   212.307912838
  268.000000000   212.478360157
  269.000000000   212.612666237
  270.000000000   212.716985143
  271.000000000   212.818354323
  272.000000000   212.958717894
  273.000000000   213.181301534
  274.000000000   213.513759270
  275.000000000   213.955403767
  276.000000000   214.474755946
  277.000000000   215.018729492
  278.000000000   215.528973639
  279.000000000   215.957922440
  280.000000000   216.278534840
  281.000000000   216.485850702
  282.000000000   216.592293354
  283.000000000   216.620422157
  284.000000000   216.596256209
  285.000000000   216.539076487
  286.000000000   216.458183415
  287.000000000   216.360214144
  288.000000000   216.252529157
  289.000000000   216.143029871
  290.000000000   216.039948724
  291.000000000   215.951648598
  292.000000000   215.886411504
  293.000000000   215.852223512
  294.000000000   215.856577480
  295.000000000   215.906292113
  296.000000000   216.007295656
  297.000000000   216.162971900
  298.000000000   216.373537046
  299.000000000   216.637836669
  300.000000000   216.954556968
  301.000000000   217.322945556
  302.000000000   217.743525784
  303.000000000   218.218529312
  304.000000000   218.751778623
  305.000000000   219.347854874
  306.000000000   220.010622489
  307.000000000   220.741425426
  308.000000000   221.537515932
  309.000000000   222.391285546
  310.000000000   223.290564634
  311.000000000   224.219931500
  312.000000000   225.162614796
  313.000000000   226.102476182
  314.000000000   227.025559705
  315.000000000   227.920873408
  316.000000000   228.780450713
  317.000000000   229.598905825
  318.000000000   230.372749250
  319.000000000   231.099729304
  320.000000000   231.777898638
  321.000000000   232.404126181
  322.000000000   232.974579798
  323.000000000   233.486131416
  324.000000000   233.936475214
  325.000000000   234.324158889
  326.000000000   234.648589023
  327.000000000   234.910028088
  328.000000000   235.109596401
  329.000000000   235.249269545
  330.000000000   235.331861105
  331.000000000   235.360989352
  332.000000000   235.341039388
  333.000000000   235.277116056
  334.000000000   235.174988525
  335.000000000   235.041004771
  336.000000000   234.882006004
  337.000000000   234.705236429
  338.000000000   234.518207376
  339.000000000   234.328589142
  340.000000000   234.144092934
  341.000000000   233.972315338
  342.000000000   233.820593162
  343.000000000   233.695849216
  344.000000000   233.604442786
  345.000000000   233.552022599
  346.000000000   233.543382366
  347.000000000   233.582330291
  348.000000000   233.671578877
  349.000000000   233.812623486
  350.000000000   234.005673469
  351.000000000   234.249641115
  352.000000000   234.542119395
  353.000000000   234.879397112
  354.000000000   235.256509131
  355.000000000   235.667317726
  356.000000000   236.104637712
  357.000000000   236.560406221
  358.000000000   237.025871774
  359.000000000   237.491794198
  360.000000000   237.948671618
  361.000000000   238.386975895
  362.000000000   238.797393787
  363.000000000   239.171066513
  364.000000000   239.499828132
  365.000000000   239.776440388
  366.000000000   239.994785463
  367.000000000   240.150031710
  368.000000000   240.238804297
  369.000000000   240.259318409
  370.000000000   240.211443457
  371.000000000   240.096756014
  372.000000000   239.918576048
  373.000000000   239.681933965
  374.000000000   239.393504864
  375.000000000   239.061505087
  376.000000000   238.695546643
  377.000000000   238.306460624
  378.000000000   237.906079027
  379.000000000   237.506984963
  380.000000000   237.122229761
  381.000000000   236.765066414
  382.000000000   236.448661120
  383.000000000   236.185787841
  384.000000000   235.988542141
  385.000000000   235.868061723
  386.000000000   235.834290749
  387.000000000   235.895788459
  388.000000000   236.059575691
  389.000000000   236.331014103
  390.000000000   236.713753653
  391.000000000   237.209753224
  392.000000000   237.819311294
  393.000000000   238.541142669
  394.000000000   239.372524651
  395.000000000   240.309458613
  396.000000000   241.346844433
  397.000000000   242.478680761
  398.000000000   243.698280395
  399.000000000   244.998486267
  400.000000000   246.371891148
  401.000000000   247.811056115
  402.000000000   249.308709991
  403.000000000   250.857928820
  404.000000000   252.452288987
  405.000000000   254.085997327
  406.000000000   255.753988207
  407.000000000   257.451962027
  408.000000000   259.176392211
  409.000000000   260.924448369
  410.000000000   262.693818708
  411.000000000   264.482448170
  412.000000000   266.288149925
  413.000000000   268.108078381
  414.000000000   269.938060278
  415.000000000   271.771771016
  416.000000000   273.599823264
  417.000000000   275.408737521
  418.000000000   277.179387514
  419.000000000   278.886477302
  420.000000000   280.499385501
  421.000000000   281.983260179
  422.000000000   283.300956109
  423.000000000   284.416006840
  424.000000000   285.296340279
  425.000000000   285.918076184
  426.000000000   286.268628255
  427.000000000   286.106407822
  428.000000000   283.537695859
  429.000000000   276.719516075
  430.000000000   268.779581502
  431.000000000   266.673683040
  432.000000000   272.773443207
  433.000000000   281.538412299
  434.000000000   286.996474623
  435.000000000   288.723838828
  436.000000000   289.119698447
  437.000000000   289.284045012
  438.000000000   289.230628278
  439.000000000   288.981216477
  440.000000000   288.564604398
  441.000000000   288.013504646
  442.000000000   287.361884196
  443.000000000   286.643371761
  444.000000000   285.889457916
  445.000000000   285.128125462
  446.000000000   284.360004462
  447.000000000   283.395391180
  448.000000000   281.921003747
  449.000000000   279.907564383
  450.000000000   277.864336930
  451.000000000   276.641163292
  452.000000000   276.765515842
  453.000000000   277.953353496
  454.000000000   279.378108738
  455.000000000   280.368237228
  456.000000000   280.786732108
  457.000000000   280.900230954
  458.000000000   280.953706006
  459.000000000   280.986779163
  460.000000000   280.974855274
  461.000000000   280.895917416
  462.000000000   280.732612977
  463.000000000   280.474204242
  464.000000000   280.118249140
  465.000000000   279.671820108
  466.000000000   279.152030933
  467.000000000   278.585777151
  468.000000000   278.008571208
  469.000000000   277.462537631
  470.000000000   276.993710350
  471.000000000   276.648809674
  472.000000000   276.471775204
  473.000000000   276.500389040
  474.000000000   276.763329270
  475.000000000   277.277917196
  476.000000000   278.048808036
  477.000000000   279.067768400
  478.000000000   280.314573005
  479.000000000   281.758942450
  480.000000000   283.363138990
  481.000000000   285.084932139
  482.000000000   286.880685911
  483.000000000   288.708160626
  484.000000000   290.528694133
  485.000000000   292.308518740
  486.000000000   294.019246003
  487.000000000   295.637587841
  488.000000000   297.144490686
  489.000000000   298.524090608
  490.000000000   299.725826679
  491.000000000   300.559297008
  492.000000000   300.781513450
  493.000000000   299.998672791
  494.000000000   297.976918873
  495.000000000   295.360335574
  496.000000000   293.625843743
  497.000000000   294.405400646
  498.000000000   298.477814354
  499.000000000   305.138392910
