192
      12.228263        0.000000        0.000000        0.000000       12.228263        0.000000        0.000000        0.000000       12.228263
H    5.315170000    3.628800000    1.047490000
H    4.023620000    3.280500000    2.077630000
H    2.187310000   10.588900000    4.233250000
H    2.593060000    9.241130000    4.920080000
H    1.247990000    0.337608000    4.592240000
H    2.897030000    0.659485000    4.808810000
H    8.927650000    2.234080000    9.738540000
H    9.333310000    2.615010000   11.227800000
H   10.857200000    3.303470000    7.261110000
H    0.227867000    2.853100000    6.800060000
H   10.908700000   11.956000000   11.625100000
H   10.631200000   10.422200000   11.748000000
H    0.037408400    1.294090000   11.194700000
H   11.757400000    0.568246000    9.856750000
H    9.270950000    9.484540000    7.424810000
H    8.881840000   10.414400000    6.073090000
H    0.621331000    9.059850000    5.300230000
H   11.480500000    8.360380000    5.218050000
H    1.696320000   12.125400000   10.403700000
H    3.142150000    0.273610000   10.571800000
H    9.735750000    5.651210000    8.005470000
H    8.956780000    6.273110000    9.283670000
H    5.514150000    7.101750000   12.046700000
H    5.700560000    8.327760000    0.797815000
H    5.818330000    8.961000000   11.032800000
H    5.322280000    9.585580000    9.689260000
H    5.551750000    2.041710000    2.426070000
H    6.715940000    1.492710000    3.208730000
H    4.075170000    7.926410000    6.075290000
H    3.359050000    6.515630000    6.640570000
H    6.549240000    8.200150000    5.139610000
H    7.268150000    8.833770000    6.475100000
H    5.752770000    4.838000000    6.163230000
H    4.522000000    5.645270000    5.614700000
H    4.535950000    5.673460000   10.996600000
H    3.690720000    5.940630000    0.131849000
H   11.498600000    9.376730000    9.751460000
H   11.709700000    8.443530000   10.989400000
H    6.262580000    6.817160000    6.975980000
H    7.605540000    6.218400000    7.568290000
H   10.939400000   11.746300000    5.579170000
H   10.535200000   11.007800000    4.286550000
H   11.516800000    5.419090000    1.200440000
H    0.853086000    5.307840000    0.890899000
H    7.115980000    4.619140000    2.232450000
H    6.931550000    5.149080000    0.776911000
H   11.834200000    6.533520000   10.023400000
H    0.003007330    6.185140000   11.479600000
H   10.756900000    2.495350000    0.803296000
H   12.076100000    3.307490000    0.637783000
H    4.325200000    2.666790000    9.070610000
H    5.238200000    2.149280000   10.203400000
H    7.836180000   12.132300000    9.456360000
H    8.192980000   11.445600000    8.057850000
H    9.994200000    8.934780000    3.917450000
H   10.233500000    7.368360000    3.789870000
H    5.220180000   10.343500000    1.662220000
H    4.109690000    9.127070000    2.221490000
H    3.140130000    9.067520000    9.312950000
H    3.366420000   10.566900000    9.520620000
H    2.653440000    2.060620000    7.703470000
H    2.061140000    2.985680000    8.802930000
H    5.841320000    4.207280000    9.734200000
H    6.109430000    5.526430000    8.921280000
H    8.739200000    3.576810000    7.321260000
H    9.387530000    4.451370000    6.089650000
H    0.847752000   10.050400000   12.013400000
H    1.421270000   11.187000000    0.693943000
H    7.938400000    1.444940000    8.008320000
H    6.835790000    2.452630000    8.141990000
H    0.392471000    7.141720000    6.502870000
H    1.252410000    5.901010000    7.123190000
H    6.191750000    8.366280000    3.034560000
H    7.690800000    8.674720000    3.374750000
H    2.252070000    4.011610000    3.551130000
H    3.654110000    4.472710000    3.996130000
H   11.045000000    8.735090000    7.538140000
H   10.049300000    8.136600000    8.547330000
H    2.212570000    8.836560000    2.941030000
H    2.113670000    9.098410000    1.378180000
H    6.988240000   10.940800000   10.707300000
H    8.329260000   11.321100000   11.541500000
H    8.724530000    6.457300000   11.981200000
H    7.669680000    7.384960000    0.434898000
H    0.037781300    3.592820000    4.463570000
H    0.520165000    4.860010000    5.397870000
H    9.971260000    5.663370000    2.953660000
H    9.810780000    6.575960000    1.707760000
H    4.631990000   10.250900000    6.113950000
H    3.754420000    9.913490000    7.306310000
H    0.632961000    0.211433000    6.572020000
H   12.020600000    1.280460000    5.876410000
H    3.241820000    7.000290000   10.553900000
H    1.709170000    7.242270000   10.346400000
H    2.952720000    0.203231000    6.804230000
H    2.327380000    0.058133800    8.209690000
H    4.831100000    1.594060000    4.494190000
H    4.834490000    2.857160000    5.385670000
H    4.707400000    0.568655000   12.094500000
H    4.411020000    2.045370000   12.148700000
H   12.049100000    2.988420000    8.895310000
H    0.119929000    3.653010000   10.392500000
H    0.084506400    0.870364000    1.264890000
H    1.265380000    0.336041000    2.261830000
H    9.584640000    1.772970000    3.619860000
H    8.856840000    0.514699000    4.140210000
H    2.769710000    5.326480000    2.131120000
H    2.563180000    6.777970000    1.642910000
H    9.918110000    3.853350000    4.107970000
H    8.392950000    4.582710000    4.189430000
H   11.483500000    1.779700000    3.972510000
H   11.581800000    2.760540000    2.755730000
H   11.916500000   11.278800000    2.357630000
H   12.122900000    9.641820000    2.718040000
H    7.098950000    6.306460000    3.658990000
H    6.096350000    5.160930000    4.174930000
H    2.705040000    5.968120000    8.659050000
H    2.893910000    4.578090000    7.874820000
H    5.970020000    0.177415000    1.676270000
H    6.491290000   11.810200000    0.257933000
H    7.491050000    5.388370000   10.389500000
H    8.885800000    4.712770000   10.778600000
H    9.085050000   10.396300000    1.710700000
H    7.542120000   10.741200000    2.192740000
H    9.937670000    0.294087000    8.460430000
H   11.149500000    1.380210000    8.106190000
H    8.421080000    1.740890000    0.913362000
H    8.209150000    3.260070000    1.101880000
O    4.556840000    3.021370000    1.284310000
O    1.979850000    9.608670000    4.286330000
O    2.207020000    0.232910000    4.249690000
O    9.281320000    2.891560000   10.302300000
O   11.697900000    2.698840000    7.393280000
O   10.292500000   11.357100000   12.109600000
O   12.206400000    0.366263000   10.719600000
O    8.538270000    9.983570000    6.910760000
O   12.109300000    8.767200000    5.879050000
O    2.602050000   12.004800000    9.940370000
O    9.259390000    6.444180000    8.281160000
O    6.150850000    7.856480000    0.004884760
O    6.095250000    9.565660000   10.303600000
O    5.847040000    1.227980000    2.964230000
O    3.756590000    7.041430000    5.827110000
O    6.466310000    8.361830000    6.128200000
O    5.002550000    4.783200000    5.496760000
O    4.102480000    6.389640000   11.546900000
O   11.631400000    9.360450000   10.733100000
O    6.637590000    6.056180000    7.489000000
O   10.084400000   11.507500000    5.027230000
O   12.208300000    4.988320000    0.606470000
O    6.960860000    4.347850000    1.275590000
O    0.262067000    6.769020000   10.696200000
O   11.719300000    2.380600000    0.846874000
O    5.239860000    2.720010000    9.434690000
O    8.285070000    0.024942700    8.602490000
O    9.977940000    8.100400000    4.395650000
O    5.048820000    9.351280000    1.821130000
O    3.793660000    9.785370000    9.131450000
O    2.882000000    2.840780000    8.281810000
O    5.972860000    5.204120000    9.841060000
O    9.544130000    4.086010000    7.037180000
O    1.642450000   10.289800000    0.280033000
O    7.690400000    2.375370000    7.728060000
O    0.395800000    6.148370000    6.598690000
O    6.901410000    8.067690000    3.602030000
O    3.146110000    4.156980000    3.189850000
O   10.419200000    8.977590000    8.229250000
O    2.491710000    8.429430000    2.029970000
O    7.490790000   11.684800000   11.233000000
O    8.640190000    7.130530000    0.551971000
O    0.763894000    4.153590000    4.745430000
O   10.419800000    6.377600000    2.428250000
O    3.899230000    9.634580000    6.376970000
O    0.106627000    0.413905000    5.724450000
O    2.603820000    7.391100000    9.880170000
O    2.184620000    0.507844000    7.363610000
O    4.390620000    1.959400000    5.264300000
O    4.309260000    1.220260000   11.546100000
O    0.413612000    2.985900000    9.712220000
O    0.589892000    0.062338400    1.652320000
O    8.672620000    1.419800000    3.765630000
O    2.432160000    5.853060000    1.299100000
O    9.375030000    4.672040000    4.309410000
O   11.165000000    2.680610000    3.659350000
O   11.418000000   10.405700000    2.794620000
O    6.976230000    5.274580000    3.701580000
O    2.546280000    5.509970000    7.804720000
O    5.827940000   11.690900000    0.978672000
O    8.506250000    5.604350000   10.575500000
O    8.218150000   10.056600000    2.019870000
O   10.904700000    0.458490000    8.405280000
O    8.784750000    2.604980000    0.664582000
