287
      12.239000        0.000000        0.000000        0.000000       15.074000        0.000000       -2.809764        0.000000       13.358706
Al   10.772500000    7.342640000    6.538190000
Al   12.172600000    0.139447000    0.180762000
Al    1.565050000    6.545870000    5.834010000
Al    7.793950000    8.341720000    7.504890000
Al    9.136380000   14.015800000    0.678361000
Al    0.388929000    0.895851000   12.769200000
Al    4.684620000    7.595900000    6.728040000
Al    3.397330000   15.014200000   13.334500000
C   11.475400000   12.553700000    1.403680000
C   -1.995220000    2.557080000   12.102800000
C   -1.006070000    5.188470000    5.001300000
C   10.309700000    9.832860000    7.846750000
C    0.165799000    8.551360000    4.312900000
C    9.195690000    6.434890000    8.995360000
C   10.417600000    1.199690000    2.194960000
C    9.793170000   13.790900000   10.225100000
C    6.772210000   13.588100000    2.403960000
C    2.811800000    1.318590000   10.945900000
C    4.024690000    5.894800000    4.464790000
C    5.379270000    8.880850000    9.246210000
C    6.086470000   10.053600000    5.932380000
C    3.448560000    5.097560000    7.562020000
C    5.004840000    2.345970000    1.135370000
C    4.660930000   12.273000000   12.696500000
C   11.624500000   10.163800000    2.350840000
C   -1.975810000    4.782540000   10.750700000
C   11.157400000    3.267610000    3.481290000
C   -1.975990000   11.483200000    9.580380000
C    4.820290000   12.805200000    3.942340000
C    4.729210000    2.571780000    9.860580000
C    6.104890000    4.993600000    3.282690000
C    3.610690000   10.540000000    9.871870000
C    6.106090000   12.852500000    3.559960000
C    3.407190000    2.171030000    9.857230000
C    4.747590000    4.936950000    3.645810000
C    4.812840000    9.859950000   10.252000000
C   -0.122890000   11.415000000    2.002670000
C    9.696000000    3.748590000   11.446700000
C   10.570000000    4.324560000    4.084090000
C   -1.325750000   10.931100000    8.526830000
C    0.299188000    9.675810000    3.379490000
C    9.172080000    5.419430000   10.066200000
C   10.117400000    2.459450000    2.921000000
C   -1.601380000   12.834300000    9.648110000
C    6.891780000   12.021300000    4.393620000
C    2.727300000    3.051810000    8.931350000
C    4.204110000    3.760620000    3.083670000
C    5.279250000   10.063800000   11.567900000
C    1.409560000   10.499300000    3.281000000
C    8.006460000    4.908370000   10.542800000
C    8.943880000    3.060740000    3.269830000
C   -0.427055000   12.898400000    8.873770000
C    5.970320000   11.352100000    5.154050000
C    3.625450000    3.986920000    8.518340000
C    5.137200000    3.233310000    2.253590000
C    4.523750000   10.820900000   12.499700000
H    0.572857000    7.059210000    7.971100000
H    8.603970000    7.486530000    5.406020000
H    7.395800000    0.167452000   12.176600000
H    1.885010000    0.211511000    1.543760000
H    2.636450000    8.776600000    6.665740000
H    6.554330000    6.333590000    7.077360000
H    5.449800000    1.192310000   13.347500000
H    1.380170000   13.824700000   13.120400000
H   10.825000000    9.654620000    1.826190000
H   -0.971925000    5.193720000   10.681000000
H   -0.073062900    2.984060000    3.339630000
H    9.462380000   11.007300000   10.098200000
H    4.013420000   13.291000000    3.425340000
H    5.530230000    2.237920000   10.493000000
H    6.862700000    5.730720000    3.486130000
H    3.226050000   10.318800000    8.911190000
H    7.977040000   11.982800000    4.462310000
H    1.646900000    2.959440000    8.615330000
H    3.176630000    3.480240000    3.125670000
H    6.301250000    9.803710000   11.876200000
H    2.353560000   10.338200000    3.740340000
H    6.896190000    5.048260000   10.436000000
H    7.894140000    2.686140000    3.233560000
H    0.227047000   13.670200000    8.485210000
H    7.590760000   11.155500000    8.559460000
H    7.319300000   12.600800000    8.154500000
H   11.939000000    7.227530000    1.327600000
H   11.572500000    6.001480000    2.081930000
H    6.503790000    7.661120000   11.789600000
H    5.273400000    7.281600000   12.558500000
H    9.774190000   13.365100000    4.415990000
H   10.870300000   14.019500000    3.638700000
H    4.414960000   14.829500000    9.631490000
H    4.743890000    0.505003000    8.155720000
H    2.736730000    5.264300000    0.616154000
H    2.360170000    5.241550000    2.049300000
H   -1.471370000    2.053430000    8.855300000
H    9.505050000    2.408330000    7.837200000
H    2.842660000   11.354300000    7.063070000
H    1.622300000   10.640900000    7.644800000
H    0.645249000   13.948200000   11.189500000
H    0.468872000    0.017873700    9.989450000
H    2.526040000    9.042870000    0.505503000
H    2.080180000    7.492160000    0.850801000
H    3.811130000    1.328420000    6.058750000
H    5.026970000    2.112300000    6.460170000
H   10.054200000   14.174500000    6.979660000
H    9.893470000    0.599771000    7.189860000
H   -0.895546000    3.767960000    7.700770000
H    0.260735000    4.719540000    7.451830000
H    7.732570000    7.230640000   13.090600000
H    8.699750000    8.414970000   13.039800000
H    0.559117000    8.419550000    9.538700000
H    1.945920000    8.005240000    8.936700000
H   -1.969150000    9.270420000   10.452100000
H   -1.566510000    7.997200000    9.447070000
H    5.830710000   11.949700000    9.331030000
H    5.921560000   12.674400000   10.672500000
H    8.866310000    6.575080000    1.090210000
H    9.250530000    5.406410000    1.976880000
H    2.554860000    1.098880000    4.318240000
H    2.232380000    2.590530000    4.809890000
H   -2.394670000    7.221440000   12.450000000
H   -1.350020000    7.692900000   11.254100000
H    8.861080000    8.952040000    0.506286000
H    8.603730000    8.888140000    2.132800000
H    5.777170000    0.937157000    3.443750000
H    4.450300000    0.354882000    3.883720000
H    1.152300000    3.572440000   11.528400000
H    1.324490000    5.306310000   11.685500000
H    4.350120000    4.099870000   13.357600000
H    2.680600000    4.476110000   11.555800000
H    5.990150000    3.510320000    4.830170000
H    6.494000000    3.648970000    6.324380000
H    6.413300000    8.216020000    0.718862000
H    6.152270000    6.615760000    0.882554000
H    4.164520000    6.112300000   11.190500000
H    3.117570000    7.098900000   11.516900000
H    5.817910000    0.329279000    6.249660000
H    7.119650000   14.860600000    5.520660000
H    8.182910000    4.036840000   12.863300000
H   10.491400000    5.073460000    0.565274000
H    0.730278000   11.889600000    5.680020000
H   -0.247503000   12.802900000    4.823900000
H   10.381100000    9.659980000    4.848860000
H    9.038810000   10.013700000    4.356600000
H    1.160180000    2.635850000    1.431800000
H    0.439633000    3.957600000    1.099600000
H   -0.360110000    1.606980000    5.112240000
H   -0.830105000    0.287180000    5.647130000
H    7.824300000    4.335610000    7.405100000
H    6.555710000    4.468480000    8.272690000
H    2.421320000    9.648070000   12.629500000
H    0.178280000   10.769400000   13.007400000
H    0.083956600   12.196100000   12.585200000
H    1.683900000   12.088100000   11.926600000
H    6.551700000    9.959990000    2.626470000
H    4.948020000    9.533640000    2.625860000
H    0.417450000    7.137820000   12.214000000
H    1.299990000    7.263350000   10.930700000
H    6.765300000    2.578440000   13.219200000
H    6.414520000    2.527890000   12.510200000
H    1.742930000    1.193150000    6.360270000
H    0.753623000    0.018301100    6.602170000
H    7.757930000    0.395949000    9.722640000
H    8.514620000    1.756560000    9.832000000
H    0.442557000    1.299270000    8.433750000
H    0.376587000    1.926940000    9.934380000
H    7.211510000   14.685800000    7.830040000
H    6.387670000   14.093000000    9.047770000
H    5.830440000   10.125700000    0.633010000
H    3.470830000   10.736600000   12.670800000
H    8.937470000    0.111499000    3.227550000
H    8.986420000    0.632302000    4.772820000
H    3.084550000    8.340790000    2.435480000
H    3.532090000    8.542290000    4.103310000
H    8.462640000    2.741190000    6.067680000
H    7.847640000    1.442850000    6.536810000
H    8.977850000   10.744200000   11.882000000
H   -0.955074000   10.069000000   12.353800000
H    2.011710000   14.179500000    3.464090000
H    1.027570000    0.245170000    3.711970000
H    1.133420000   12.941500000    0.323226000
H   -1.976710000   13.348900000   12.212000000
H    3.447760000   13.345800000    6.827540000
H    3.973970000   13.111200000    8.317260000
H    8.422980000   12.429000000    6.521930000
H    9.654320000   11.807300000    5.692050000
H    7.308270000    7.866590000    3.553110000
H    8.656010000    7.279070000    3.114080000
O    0.250205000    6.907260000    6.979190000
O    9.002310000    7.738850000    6.258760000
O    7.642580000   14.856700000   13.069700000
O    1.763100000    0.359069000    0.551570000
O    2.861940000    7.827350000    6.626450000
O    6.475680000    7.248110000    6.775670000
O    7.989710000    0.239781000    0.054545500
O    4.435470000   14.778400000    0.059173100
O    7.876850000   13.195200000    1.962660000
O    1.721650000    1.735160000   11.527900000
O    2.780060000    5.753850000    4.614790000
O    6.652920000    8.927370000    9.054130000
O   10.271400000   12.570900000    1.125410000
O   -0.713690000    2.497970000   12.183500000
O    0.180095000    5.418340000    4.837550000
O    9.097450000    9.617500000    8.097270000
O    1.260000000    8.059740000    4.756490000
O    8.124580000    6.996420000    8.691570000
O    9.533850000    0.243349000    2.142740000
O    0.926720000   14.198500000   10.370200000
O    0.081702100   13.561800000    1.167300000
O    9.440060000    1.708140000   12.579000000
O   10.472000000    5.581270000    6.000930000
O   -1.163180000    9.030440000    7.221490000
O   -0.967293000    8.188760000    4.804160000
O   10.317300000    6.698380000    8.433710000
O   11.547100000    1.118140000    1.659730000
O    9.562300000   14.186500000   11.373500000
O    7.273360000    9.727980000    6.236110000
O    2.303400000    5.188360000    7.041420000
O    3.776340000    2.113980000    0.855969000
O    5.820900000   12.774600000   12.576300000
O    5.005130000    9.396580000    6.197150000
O    4.454640000    5.849100000    7.384090000
O    6.040910000    1.898870000    0.560557000
O    3.621400000   12.930000000   12.918900000
O    6.148350000   14.676500000    2.025030000
O    3.461790000    0.298442000   11.383600000
O    4.694780000    6.807250000    4.979380000
O    4.549480000    8.132830000    8.653650000
O    1.173440000   11.544300000    2.464000000
O    8.311790000    3.980090000   11.560900000
O    9.178840000    4.199460000    4.038400000
O   -0.234555000   11.616100000    8.209450000
O    4.658160000   11.894300000    4.973160000
O    4.882340000    3.728280000    9.109900000
O    6.391800000    3.871840000    2.451520000
O    2.946740000   11.387300000   10.540100000
O    6.985780000   11.677800000    7.988850000
O   -0.042929900    6.742020000    2.220840000
O    6.184660000    7.554030000   12.743700000
O   10.578300000   13.130200000    3.912360000
O    5.104850000    0.042656500    8.998570000
O    2.891110000    5.772110000    1.419310000
O    9.898000000    2.591530000    8.768740000
O    2.268330000   10.558400000    6.917950000
O   -0.045147200   14.767600000   11.291800000
O    2.080890000    8.399720000    1.214650000
O    4.418530000    1.395390000    6.833200000
O   10.578400000   14.986400000    7.053640000
O   -0.018992300    4.001930000    8.046560000
O    8.690260000    7.455470000   13.232900000
O    1.191250000    7.646520000    9.451830000
O   -1.281980000    8.602070000   10.181100000
O    5.456020000   12.737600000    9.816760000
O    9.484140000    6.341240000    1.817000000
O    2.600260000    1.728470000    5.095430000
O   -1.406720000    7.081550000   12.127100000
O    8.806160000    9.486240000    1.314680000
O    5.229150000    0.809151000    4.237390000
O    1.581050000    4.422350000   11.309100000
O    3.903620000    4.683340000   11.649200000
O    6.213960000    2.962590000    5.574380000
O    6.511340000    7.421100000    1.292500000
O    3.956490000    7.106700000   11.044500000
O    6.786670000    0.042515300    6.395290000
O   11.142400000    4.350490000    0.503797000
O    0.670768000   12.761400000    5.228760000
O    9.821930000   10.463700000    4.755090000
O    1.254400000    3.599780000    1.607680000
O   -0.429705000    0.638448000    4.785970000
O    6.881240000    4.575130000    7.336240000
O   -0.056382300    9.889480000   12.645600000
O    1.114840000   12.271900000   12.729200000
O    5.644390000   10.170900000    2.308580000
O    1.363600000    6.963080000   11.926800000
O    4.215570000    4.986070000   13.028300000
O    1.231560000    0.721465000    7.132290000
O    7.900710000    1.164350000   10.335700000
O   -0.148307000    1.359680000    9.262580000
O    7.350820000   14.214600000    8.715300000
O    3.309510000    9.857310000   12.999900000
O    8.567930000   14.981000000    4.272050000
O    3.819010000    8.310100000    3.173410000
O    8.719600000    1.925700000    6.540010000
O    9.263520000    9.833260000   12.123100000
O    1.840860000    0.037955500    3.228330000
O   -1.520050000   12.570400000   12.735100000
O    3.271870000   12.899500000    7.676470000
O    9.356880000   12.633100000    6.212710000
O    8.257070000    8.079030000    3.550710000
