    0.000000000  1828.497253313
    1.000000000  1828.497253313
    2.000000000  1828.497253313
    3.000000000  1828.497253313
    4.000000000  1828.497253313
    5.000000000  1828.497253313
    6.000000000  1828.497253313
    7.000000000  1828.497253313
    8.000000000  1828.497253313
    9.000000000  1828.497253313
   10.000000000  1828.497253313
   11.000000000  1828.497253313
   12.000000000  1828.497253313
   13.000000000  1828.497253313
   14.000000000  1828.497253313
   15.000000000  1828.497253313
   16.000000000  1828.497253313
   17.000000000  1828.497253313
   18.000000000  1828.497253313
   19.000000000  1828.497253313
   20.000000000  1828.497253313
   21.000000000  1828.497253313
   22.000000000  1828.497253313
   23.000000000  1828.497253313
   24.000000000  1828.497253313
   25.000000000  1828.497253313
   26.000000000  1828.497253313
   27.000000000  1828.497253313
   28.000000000  1828.497253313
   29.000000000  1828.497253313
   30.000000000  1828.497253313
   31.000000000  1828.497253313
   32.000000000  1828.497253313
   33.000000000  1828.497253313
   34.000000000  1828.497253313
   35.000000000  1828.497253313
   36.000000000  1828.497253313
   37.000000000  1828.497253313
   38.000000000  1828.497253313
   39.000000000  1828.497253313
   40.000000000  1828.497253313
   41.000000000  1828.497253313
   42.000000000  1828.497253313
   43.000000000  1828.497253313
   44.000000000  1828.497253313
   45.000000000  1828.497253313
   46.000000000  1828.497253313
   47.000000000  1828.497253313
   48.000000000  1828.497253313
   49.000000000  1828.497253313
   50.000000000  1828.497253313
   51.000000000  1828.497253313
   52.000000000  1828.497253313
   53.000000000  1828.497253313
   54.000000000  1828.497253313
   55.000000000  1828.497253313
   56.000000000  1828.497253313
   57.000000000  1828.497253313
   58.000000000  1828.497253313
   59.000000000  1828.497253313
   60.000000000  1828.497253313
   61.000000000  1828.497253313
   62.000000000  1828.497253313
   63.000000000  1828.497253313
   64.000000000  1828.497253313
   65.000000000  1828.497253313
   66.000000000  1828.497253313
   67.000000000  1828.497253313
   68.000000000  1828.497253313
   69.000000000  1828.497253313
   70.000000000  1828.497253313
   71.000000000  1828.497253313
   72.000000000  1828.497253313
   73.000000000  1828.497253313
   74.000000000  1828.497253313
   75.000000000  1828.497253313
   76.000000000  1828.497253313
   77.000000000  1828.497253313
   78.000000000  1828.497253313
   79.000000000  1828.497253313
   80.000000000  1828.497253313
   81.000000000  1828.497253313
   82.000000000  1828.497253313
   83.000000000  1828.497253313
   84.000000000  1828.497253313
   85.000000000  1828.497253313
   86.000000000  1828.497253313
   87.000000000  1828.497253313
   88.000000000  1828.497253313
   89.000000000  1828.497253313
   90.000000000  1828.497253313
   91.000000000  1828.497253313
   92.000000000  1828.497253313
   93.000000000  1828.497253313
   94.000000000  1828.497253313
   95.000000000  1828.497253313
   96.000000000  1828.497253313
   97.000000000  1828.497253313
   98.000000000  1828.497253313
   99.000000000  1828.497253313
  100.000000000  1828.497253313
  101.000000000  1828.497253313
  102.000000000  1828.497253313
  103.000000000  1828.497253313
  104.000000000  1828.497253313
  105.000000000  1828.497253313
  106.000000000  1828.497253313
  107.000000000  1828.497253313
  108.000000000  1828.497253313
  109.000000000  1828.497253313
  110.000000000  1828.497253313
  111.000000000  1828.497253313
  112.000000000  1828.497253313
  113.000000000  1828.497253313
  114.000000000  1828.497253313
  115.000000000  1828.497253313
  116.000000000  1828.497253313
  117.000000000  1828.497253313
  118.000000000  1828.497253313
  119.000000000  1828.497253313
  120.000000000  1828.497253313
  121.000000000  1828.497253313
  122.000000000  1828.497253313
  123.000000000  1828.497253313
  124.000000000  1828.497253313
  125.000000000  1828.497253313
  126.000000000  1828.497253313
  127.000000000  1828.497253313
  128.000000000  1828.497253313
  129.000000000  1828.497253313
  130.000000000  1828.497253313
  131.000000000  1828.497253313
  132.000000000  1828.497253313
  133.000000000  1828.497253313
  134.000000000  1828.497253313
  135.000000000  1828.497253313
  136.000000000  1828.497253313
  137.000000000  1828.497253313
  138.000000000  1828.497253313
  139.000000000  1828.497253313
  140.000000000  1828.497253313
  141.000000000  1828.497253313
  142.000000000  1828.497253313
  143.000000000  1828.497253313
  144.000000000  1828.497253313
  145.000000000  1828.497253313
  146.000000000  1828.497253313
  147.000000000  1828.497253313
  148.000000000  1828.497253313
  149.000000000  1828.497253313
  150.000000000  1828.497253313
  151.000000000  1828.497253313
  152.000000000  1828.497253313
  153.000000000  1828.497253313
  154.000000000  1828.497253313
  155.000000000  1828.497253313
  156.000000000  1828.497253313
  157.000000000  1828.497253313
  158.000000000  1828.497253313
  159.000000000  1828.497253313
  160.000000000  1828.497253313
  161.000000000  1828.497253313
  162.000000000  1828.497253313
  163.000000000  1828.497253313
  164.000000000  1828.497253313
  165.000000000  1828.497253313
  166.000000000  1828.497253313
  167.000000000  1828.497253313
  168.000000000  1828.497253313
  169.000000000  1828.497253313
  170.000000000  1828.497253313
  171.000000000  1828.497253313
  172.000000000  1828.497253313
  173.000000000  1828.497253313
  174.000000000  1828.497253313
  175.000000000  1828.497253313
  176.000000000  1828.497253313
  177.000000000  1828.497253313
  178.000000000  1828.497253313
  179.000000000  1828.497253313
  180.000000000  1828.497253313
  181.000000000  1828.497253313
  182.000000000  1828.497253313
  183.000000000  1828.497253313
  184.000000000  1828.497253313
  185.000000000  1828.497253313
  186.000000000  1828.497253313
  187.000000000  1828.497253313
  188.000000000  1828.497253313
  189.000000000  1828.497253313
  190.000000000  1828.497253313
  191.000000000  1828.497253313
  192.000000000  1828.497253313
  193.000000000  1828.497253313
  194.000000000  1828.497253313
  195.000000000  1828.497253313
  196.000000000  1828.497253313
  197.000000000  1828.497253313
  198.000000000  1828.497253313
  199.000000000  1828.497253313
  200.000000000  1828.497253313
  201.000000000  1828.497253313
  202.000000000  1828.497253313
  203.000000000  1828.497253313
  204.000000000  1828.497253313
  205.000000000  1828.497253313
  206.000000000  1828.497253313
  207.000000000  1828.497253313
  208.000000000  1828.497253313
  209.000000000  1828.497253313
  210.000000000  1828.497253313
  211.000000000  1828.497253313
  212.000000000  1828.497253313
  213.000000000  1828.497253313
  214.000000000  1828.497253313
  215.000000000  1828.497253313
  216.000000000  1828.497253313
  217.000000000  1828.497253313
  218.000000000  1828.497253313
  219.000000000  1828.497253313
  220.000000000  1828.497253313
  221.000000000  1828.497253313
  222.000000000  1828.497253313
  223.000000000  1828.497253313
  224.000000000  1828.497253313
  225.000000000  1828.497253313
  226.000000000  1828.497253313
  227.000000000  1828.497253313
  228.000000000  1828.497253313
  229.000000000  1828.497253313
  230.000000000  1828.497253313
  231.000000000  1828.497253313
  232.000000000  1828.497253313
  233.000000000  1828.497253313
  234.000000000  1828.497253313
  235.000000000  1828.497253313
  236.000000000  1828.497253313
  237.000000000  1828.497253313
  238.000000000  1828.497253313
  239.000000000  1828.497253313
  240.000000000  1828.497253313
  241.000000000  1828.497253313
  242.000000000  1828.497253313
  243.000000000  1828.497253313
  244.000000000  1828.497253313
  245.000000000  1828.497253313
  246.000000000  1828.497253313
  247.000000000  1828.497253313
  248.000000000  1828.497253313
  249.000000000  1828.497253313
  250.000000000  1828.497253313
  251.000000000  1828.497253313
  252.000000000  1828.497253313
  253.000000000  1828.497253313
  254.000000000  1828.497253313
  255.000000000  1828.497253313
  256.000000000  1828.497253313
  257.000000000  1828.497253313
  258.000000000  1828.497253313
  259.000000000  1828.497253313
  260.000000000  1828.497253313
  261.000000000  1828.497253313
  262.000000000  1828.497253313
  263.000000000  1828.497253313
  264.000000000  1828.497253313
  265.000000000  1828.497253313
  266.000000000  1828.497253313
  267.000000000  1828.497253313
  268.000000000  1828.497253313
  269.000000000  1828.497253313
  270.000000000  1828.497253313
  271.000000000  1828.497253313
  272.000000000  1828.497253313
  273.000000000  1828.497253313
  274.000000000  1828.497253313
  275.000000000  1828.497253313
  276.000000000  1828.497253313
  277.000000000  1828.497253313
  278.000000000  1828.497253313
  279.000000000  1828.497253313
  280.000000000  1828.497253313
  281.000000000  1828.497253313
  282.000000000  1828.497253313
  283.000000000  1828.497253313
  284.000000000  1828.497253313
  285.000000000  1828.497253313
  286.000000000  1828.497253313
  287.000000000  1828.497253313
  288.000000000  1828.497253313
  289.000000000  1828.497253313
  290.000000000  1828.497253313
  291.000000000  1828.497253313
  292.000000000  1828.497253313
  293.000000000  1828.497253313
  294.000000000  1828.497253313
  295.000000000  1828.497253313
  296.000000000  1828.497253313
  297.000000000  1828.497253313
  298.000000000  1828.497253313
  299.000000000  1828.497253313
  300.000000000  1828.497253313
  301.000000000  1828.497253313
  302.000000000  1828.497253313
  303.000000000  1828.497253313
  304.000000000  1828.497253313
  305.000000000  1828.497253313
  306.000000000  1828.497253313
  307.000000000  1828.497253313
  308.000000000  1828.497253313
  309.000000000  1828.497253313
  310.000000000  1828.497253313
  311.000000000  1828.497253313
  312.000000000  1828.497253313
  313.000000000  1828.497253313
  314.000000000  1828.497253313
  315.000000000  1828.497253313
  316.000000000  1828.497253313
  317.000000000  1828.497253313
  318.000000000  1828.497253313
  319.000000000  1828.497253313
  320.000000000  1828.497253313
  321.000000000  1828.497253313
  322.000000000  1828.497253313
  323.000000000  1828.497253313
  324.000000000  1828.497253313
  325.000000000  1828.497253313
  326.000000000  1828.497253313
  327.000000000  1828.497253313
  328.000000000  1828.497253313
  329.000000000  1828.497253313
  330.000000000  1828.497253313
  331.000000000  1828.497253313
  332.000000000  1828.497253313
  333.000000000  1828.497253313
  334.000000000  1828.497253313
  335.000000000  1828.497253313
  336.000000000  1828.497253313
  337.000000000  1828.497253313
  338.000000000  1828.497253313
  339.000000000  1828.497253313
  340.000000000  1828.497253313
  341.000000000  1828.497253313
  342.000000000  1828.497253313
  343.000000000  1828.497253313
  344.000000000  1828.497253313
  345.000000000  1828.497253313
  346.000000000  1828.497253313
  347.000000000  1828.497253313
  348.000000000  1828.497253313
  349.000000000  1828.497253313
  350.000000000  1828.497253313
  351.000000000  1828.497253313
  352.000000000  1828.497253313
  353.000000000  1828.497253313
  354.000000000  1828.497253313
  355.000000000  1828.497253313
  356.000000000  1828.497253313
  357.000000000  1828.497253313
  358.000000000  1828.497253313
  359.000000000  1828.497253313
  360.000000000  1828.497253313
  361.000000000  1828.497253313
  362.000000000  1828.497253313
  363.000000000  1828.497253313
  364.000000000  1828.497253313
  365.000000000  1828.497253313
  366.000000000  1828.497253313
  367.000000000  1828.497253313
  368.000000000  1828.497253313
  369.000000000  1828.497253313
  370.000000000  1828.497253313
  371.000000000  1828.497253313
  372.000000000  1828.497253313
  373.000000000  1828.497253313
  374.000000000  1828.497253313
  375.000000000  1828.497253313
  376.000000000  1828.497253313
  377.000000000  1828.497253313
  378.000000000  1828.497253313
  379.000000000  1828.497253313
  380.000000000  1828.497253313
  381.000000000  1828.497253313
  382.000000000  1828.497253313
  383.000000000  1828.497253313
  384.000000000  1828.497253313
  385.000000000  1828.497253313
  386.000000000  1828.497253313
  387.000000000  1828.497253313
  388.000000000  1828.497253313
  389.000000000  1828.497253313
  390.000000000  1828.497253313
  391.000000000  1828.497253313
  392.000000000  1828.497253313
  393.000000000  1828.497253313
  394.000000000  1828.497253313
  395.000000000  1828.497253313
  396.000000000  1828.497253313
  397.000000000  1828.497253313
  398.000000000  1828.497253313
  399.000000000  1828.497253313
  400.000000000  1828.497253313
  401.000000000  1828.497253313
  402.000000000  1828.497253313
  403.000000000  1828.497253313
  404.000000000  1828.497253313
  405.000000000  1828.497253313
  406.000000000  1828.497253313
  407.000000000  1828.497253313
  408.000000000  1828.497253313
  409.000000000  1828.497253313
  410.000000000  1828.497253313
  411.000000000  1828.497253313
  412.000000000  1828.497253313
  413.000000000  1828.497253313
  414.000000000  1828.497253313
  415.000000000  1828.497253313
  416.000000000  1828.497253313
  417.000000000  1828.497253313
  418.000000000  1828.497253313
  419.000000000  1828.497253313
  420.000000000  1828.497253313
  421.000000000  1828.497253313
  422.000000000  1828.497253313
  423.000000000  1828.497253313
  424.000000000  1828.497253313
  425.000000000  1828.497253313
  426.000000000  1828.497253313
  427.000000000  1828.497253313
  428.000000000  1828.497253313
  429.000000000  1828.497253313
  430.000000000  1828.497253313
  431.000000000  1828.497253313
  432.000000000  1828.497253313
  433.000000000  1828.497253313
  434.000000000  1828.497253313
  435.000000000  1828.497253313
  436.000000000  1828.497253313
  437.000000000  1828.497253313
  438.000000000  1828.497253313
  439.000000000  1828.497253313
  440.000000000  1828.497253313
  441.000000000  1828.497253313
  442.000000000  1828.497253313
  443.000000000  1828.497253313
  444.000000000  1828.497253313
  445.000000000  1828.497253313
  446.000000000  1828.497253313
  447.000000000  1828.497253313
  448.000000000  1828.497253313
  449.000000000  1828.497253313
  450.000000000  1828.497253313
  451.000000000  1828.497253313
  452.000000000  1828.497253313
  453.000000000  1828.497253313
  454.000000000  1828.497253313
  455.000000000  1828.497253313
  456.000000000  1828.497253313
  457.000000000  1828.497253313
  458.000000000  1828.497253313
  459.000000000  1828.497253313
  460.000000000  1828.497253313
  461.000000000  1828.497253313
  462.000000000  1828.497253313
  463.000000000  1828.497253313
  464.000000000  1828.497253313
  465.000000000  1828.497253313
  466.000000000  1828.497253313
  467.000000000  1828.497253313
  468.000000000  1828.497253313
  469.000000000  1828.497253313
  470.000000000  1828.497253313
  471.000000000  1828.497253313
  472.000000000  1828.497253313
  473.000000000  1828.497253313
  474.000000000  1828.497253313
  475.000000000  1828.497253313
  476.000000000  1828.497253313
  477.000000000  1828.497253313
  478.000000000  1828.497253313
  479.000000000  1828.497253313
  480.000000000  1828.497253313
  481.000000000  1828.497253313
  482.000000000  1828.497253313
  483.000000000  1828.497253313
  484.000000000  1828.497253313
  485.000000000  1828.497253313
  486.000000000  1828.497253313
  487.000000000  1828.497253313
  488.000000000  1828.497253313
  489.000000000  1828.497253313
  490.000000000  1828.497253313
  491.000000000  1828.497253313
  492.000000000  1828.497253313
  493.000000000  1828.497253313
  494.000000000  1828.497253313
  495.000000000  1828.497253313
  496.000000000  1828.497253313
  497.000000000  1828.497253313
  498.000000000  1828.497253313
  499.000000000  1828.497253313
