    0.000000000     2.828787676
    1.000000000     2.834282693
    2.000000000     2.832806151
    3.000000000     2.824392849
    4.000000000     2.809149675
    5.000000000     2.787157820
    6.000000000     2.758583874
    7.000000000     2.723645612
    8.000000000     2.682520948
    9.000000000     2.635453608
   10.000000000     2.582724847
   11.000000000     2.524677236
   12.000000000     2.461603816
   13.000000000     2.393881756
   14.000000000     2.321883863
   15.000000000     2.246001548
   16.000000000     2.166695088
   17.000000000     2.084364467
   18.000000000     1.999498311
   19.000000000     1.912514667
   20.000000000     1.823838925
   21.000000000     1.733918897
   22.000000000     1.643186410
   23.000000000     1.552077999
   24.000000000     1.460993576
   25.000000000     1.370367193
   26.000000000     1.280611488
   27.000000000     1.192156647
   28.000000000     1.105390207
   29.000000000     1.020675922
   30.000000000     0.938290465
   31.000000000     0.858580804
   32.000000000     0.781883056
   33.000000000     0.708494031
   34.000000000     0.638706019
   35.000000000     0.572787159
   36.000000000     0.510950541
   37.000000000     0.453434839
   38.000000000     0.400496234
   39.000000000     0.352350322
   40.000000000     0.309157672
   41.000000000     0.271034330
   42.000000000     0.238085126
   43.000000000     0.210450446
   44.000000000     0.188210371
   45.000000000     0.171480140
   46.000000000     0.160324396
   47.000000000     0.154865309
   48.000000000     0.155101278
   49.000000000     0.161044136
   50.000000000     0.172711740
   51.000000000     0.190057883
   52.000000000     0.213048383
   53.000000000     0.241633904
   54.000000000     0.275682803
   55.000000000     0.315143715
   56.000000000     0.359909333
   57.000000000     0.409827806
   58.000000000     0.464685647
   59.000000000     0.524294353
   60.000000000     0.588452959
   61.000000000     0.656957307
   62.000000000     0.729571552
   63.000000000     0.806022693
   64.000000000     0.885978078
   65.000000000     0.969135480
   66.000000000     1.055199118
   67.000000000     1.143818899
   68.000000000     1.234631759
   69.000000000     1.327240685
   70.000000000     1.421269646
   71.000000000     1.516317614
   72.000000000     1.612024624
   73.000000000     1.708002605
   74.000000000     1.803815839
   75.000000000     1.899004508
   76.000000000     1.993154941
   77.000000000     2.085888607
   78.000000000     2.176737021
   79.000000000     2.265308961
   80.000000000     2.351218363
   81.000000000     2.434062305
   82.000000000     2.513430844
   83.000000000     2.588987773
   84.000000000     2.660409789
   85.000000000     2.727401335
   86.000000000     2.789670100
   87.000000000     2.846972122
   88.000000000     2.899100004
   89.000000000     2.945886119
   90.000000000     2.987154879
   91.000000000     3.022776433
   92.000000000     3.052666925
   93.000000000     3.076810313
   94.000000000     3.095141889
   95.000000000     3.107637518
   96.000000000     3.114286917
   97.000000000     3.115142326
   98.000000000     3.110333272
   99.000000000     3.099878875
  100.000000000     3.083910404
  101.000000000     3.062525569
  102.000000000     3.035800323
  103.000000000     3.003898831
  104.000000000     2.966949512
  105.000000000     2.925127535
  106.000000000     2.878616172
  107.000000000     2.827629404
  108.000000000     2.772405197
  109.000000000     2.713132063
  110.000000000     2.650094052
  111.000000000     2.583513855
  112.000000000     2.513626418
  113.000000000     2.440734807
  114.000000000     2.365155287
  115.000000000     2.287220793
  116.000000000     2.207174681
  117.000000000     2.125338730
  118.000000000     2.042101816
  119.000000000     1.957780239
  120.000000000     1.872758265
  121.000000000     1.787421900
  122.000000000     1.702146189
  123.000000000     1.617276968
  124.000000000     1.533189510
  125.000000000     1.450275248
  126.000000000     1.368912226
  127.000000000     1.289512221
  128.000000000     1.212383045
  129.000000000     1.137892567
  130.000000000     1.066372911
  131.000000000     0.998164980
  132.000000000     0.933601822
  133.000000000     0.872930962
  134.000000000     0.816404480
  135.000000000     0.764299564
  136.000000000     0.716809631
  137.000000000     0.674161970
  138.000000000     0.636465649
  139.000000000     0.603843209
  140.000000000     0.576410846
  141.000000000     0.554194334
  142.000000000     0.537258035
  143.000000000     0.525667812
  144.000000000     0.519364332
  145.000000000     0.518289508
  146.000000000     0.522341982
  147.000000000     0.531414044
  148.000000000     0.545398401
  149.000000000     0.564127160
  150.000000000     0.587399886
  151.000000000     0.615069670
  152.000000000     0.646898114
  153.000000000     0.682619939
  154.000000000     0.722012629
  155.000000000     0.764833810
  156.000000000     0.810773149
  157.000000000     0.859513950
  158.000000000     0.910729774
  159.000000000     0.964129080
  160.000000000     1.019340906
  161.000000000     1.076058327
  162.000000000     1.133889135
  163.000000000     1.192470866
  164.000000000     1.251460274
  165.000000000     1.310480206
  166.000000000     1.369166643
  167.000000000     1.427155128
  168.000000000     1.484090554
  169.000000000     1.539636412
  170.000000000     1.593482907
  171.000000000     1.645277254
  172.000000000     1.694754690
  173.000000000     1.741668946
  174.000000000     1.785772515
  175.000000000     1.826797396
  176.000000000     1.864544490
  177.000000000     1.898860005
  178.000000000     1.929604990
  179.000000000     1.956692185
  180.000000000     1.980112596
  181.000000000     1.999860270
  182.000000000     2.015925244
  183.000000000     2.028359268
  184.000000000     2.037206320
  185.000000000     2.042568926
  186.000000000     2.044532483
  187.000000000     2.043220035
  188.000000000     2.038727246
  189.000000000     2.031199870
  190.000000000     2.020782032
  191.000000000     2.007609996
  192.000000000     1.991859851
  193.000000000     1.973756811
  194.000000000     1.953418204
  195.000000000     1.931038413
  196.000000000     1.906779492
  197.000000000     1.880829770
  198.000000000     1.853366981
  199.000000000     1.824547623
  200.000000000     1.794521443
  201.000000000     1.763438392
  202.000000000     1.731461560
  203.000000000     1.698785842
  204.000000000     1.665611992
  205.000000000     1.632108022
  206.000000000     1.598424055
  207.000000000     1.564782081
  208.000000000     1.531320364
  209.000000000     1.498214475
  210.000000000     1.465644265
  211.000000000     1.433769141
  212.000000000     1.402798270
  213.000000000     1.372881451
  214.000000000     1.344142807
  215.000000000     1.316710029
  216.000000000     1.290751710
  217.000000000     1.266362670
  218.000000000     1.243650851
  219.000000000     1.222768413
  220.000000000     1.203793770
  221.000000000     1.186835367
  222.000000000     1.171997916
  223.000000000     1.159331543
  224.000000000     1.148846066
  225.000000000     1.140621654
  226.000000000     1.134694470
  227.000000000     1.131073267
  228.000000000     1.129747642
  229.000000000     1.130758127
  230.000000000     1.134113170
  231.000000000     1.139816887
  232.000000000     1.147861706
  233.000000000     1.158266675
  234.000000000     1.171032236
  235.000000000     1.186148109
  236.000000000     1.203595552
  237.000000000     1.223414250
  238.000000000     1.245594509
  239.000000000     1.270096466
  240.000000000     1.296846209
  241.000000000     1.325833885
  242.000000000     1.356985896
  243.000000000     1.390165560
  244.000000000     1.425286131
  245.000000000     1.462211908
  246.000000000     1.500853910
  247.000000000     1.541055283
  248.000000000     1.582660206
  249.000000000     1.625438695
  250.000000000     1.669185050
  251.000000000     1.713714153
  252.000000000     1.758799988
  253.000000000     1.804195785
  254.000000000     1.849658840
  255.000000000     1.894881011
  256.000000000     1.939553405
  257.000000000     1.983391288
  258.000000000     2.026104759
  259.000000000     2.067472255
  260.000000000     2.107171473
  261.000000000     2.144848554
  262.000000000     2.180223442
  263.000000000     2.213005910
  264.000000000     2.242977426
  265.000000000     2.269839604
  266.000000000     2.293375049
  267.000000000     2.313370857
  268.000000000     2.329645032
  269.000000000     2.342079877
  270.000000000     2.350504643
  271.000000000     2.354831219
  272.000000000     2.354985842
  273.000000000     2.350946279
  274.000000000     2.342719249
  275.000000000     2.330350574
  276.000000000     2.313911645
  277.000000000     2.293495183
  278.000000000     2.269242438
  279.000000000     2.241384300
  280.000000000     2.210053050
  281.000000000     2.175415488
  282.000000000     2.137701476
  283.000000000     2.097136479
  284.000000000     2.053948615
  285.000000000     2.008397603
  286.000000000     1.960773313
  287.000000000     1.911300770
  288.000000000     1.860288744
  289.000000000     1.808112823
  290.000000000     1.754991674
  291.000000000     1.701195172
  292.000000000     1.646978635
  293.000000000     1.592605589
  294.000000000     1.538347090
  295.000000000     1.484437102
  296.000000000     1.431088715
  297.000000000     1.378563476
  298.000000000     1.327131141
  299.000000000     1.277040461
  300.000000000     1.228515057
  301.000000000     1.181725522
  302.000000000     1.136868868
  303.000000000     1.094098118
  304.000000000     1.053610263
  305.000000000     1.015583489
  306.000000000     0.980173226
  307.000000000     0.947495695
  308.000000000     0.917677819
  309.000000000     0.890859177
  310.000000000     0.867202952
  311.000000000     0.846771774
  312.000000000     0.829705356
  313.000000000     0.816059824
  314.000000000     0.805968838
  315.000000000     0.799504320
  316.000000000     0.796710876
  317.000000000     0.797677678
  318.000000000     0.802469995
  319.000000000     0.811071436
  320.000000000     0.823505412
  321.000000000     0.839718771
  322.000000000     0.859708091
  323.000000000     0.883495189
  324.000000000     0.911062618
  325.000000000     0.942295134
  326.000000000     0.977174308
  327.000000000     1.015541795
  328.000000000     1.057281705
  329.000000000     1.102241262
  330.000000000     1.150301615
  331.000000000     1.201289830
  332.000000000     1.255089257
  333.000000000     1.311468132
  334.000000000     1.370167101
  335.000000000     1.430951420
  336.000000000     1.493553905
  337.000000000     1.557734331
  338.000000000     1.623200710
  339.000000000     1.689638437
  340.000000000     1.756738016
  341.000000000     1.824185164
  342.000000000     1.891655531
  343.000000000     1.958866184
  344.000000000     2.025480717
  345.000000000     2.091202263
  346.000000000     2.155694777
  347.000000000     2.218671468
  348.000000000     2.279785368
  349.000000000     2.338708551
  350.000000000     2.395102324
  351.000000000     2.448682328
  352.000000000     2.499197572
  353.000000000     2.546340525
  354.000000000     2.589842362
  355.000000000     2.629467423
  356.000000000     2.664991363
  357.000000000     2.696224941
  358.000000000     2.722982815
  359.000000000     2.745115296
  360.000000000     2.762512552
  361.000000000     2.775062866
  362.000000000     2.782730509
  363.000000000     2.785538060
  364.000000000     2.783574845
  365.000000000     2.776768247
  366.000000000     2.765219639
  367.000000000     2.749065038
  368.000000000     2.728435383
  369.000000000     2.703478636
  370.000000000     2.674409406
  371.000000000     2.641425043
  372.000000000     2.604798640
  373.000000000     2.564749700
  374.000000000     2.521516528
  375.000000000     2.475379583
  376.000000000     2.426616903
  377.000000000     2.375550264
  378.000000000     2.322425041
  379.000000000     2.267510985
  380.000000000     2.211080963
  381.000000000     2.153449287
  382.000000000     2.094810004
  383.000000000     2.035431762
  384.000000000     1.975559589
  385.000000000     1.915420008
  386.000000000     1.855231670
  387.000000000     1.795185796
  388.000000000     1.735529704
  389.000000000     1.676443174
  390.000000000     1.618033819
  391.000000000     1.560457377
  392.000000000     1.503869082
  393.000000000     1.448397232
  394.000000000     1.394131991
  395.000000000     1.341199928
  396.000000000     1.289689583
  397.000000000     1.239710122
  398.000000000     1.191343614
  399.000000000     1.144634606
  400.000000000     1.099619468
  401.000000000     1.056362782
  402.000000000     1.014913256
  403.000000000     0.975381690
  404.000000000     0.937819373
  405.000000000     0.902275971
  406.000000000     0.868828869
  407.000000000     0.837569370
  408.000000000     0.808535023
  409.000000000     0.781803313
  410.000000000     0.757479457
  411.000000000     0.735700023
  412.000000000     0.716532001
  413.000000000     0.700073396
  414.000000000     0.686451100
  415.000000000     0.675795815
  416.000000000     0.668247963
  417.000000000     0.663947041
  418.000000000     0.663020767
  419.000000000     0.665628057
  420.000000000     0.671786587
  421.000000000     0.681578446
  422.000000000     0.695110280
  423.000000000     0.712473144
  424.000000000     0.733723759
  425.000000000     0.758891024
  426.000000000     0.788014892
  427.000000000     0.821049030
  428.000000000     0.857994559
  429.000000000     0.898796859
  430.000000000     0.943359562
  431.000000000     0.991564956
  432.000000000     1.043283762
  433.000000000     1.098346251
  434.000000000     1.156547078
  435.000000000     1.217662796
  436.000000000     1.281461612
  437.000000000     1.347677989
  438.000000000     1.415995829
  439.000000000     1.486080099
  440.000000000     1.557582617
  441.000000000     1.630191264
  442.000000000     1.703572361
  443.000000000     1.777257601
  444.000000000     1.850825357
  445.000000000     1.923877135
  446.000000000     1.995979818
  447.000000000     2.066751337
  448.000000000     2.135748943
  449.000000000     2.202571883
  450.000000000     2.266817024
  451.000000000     2.328135565
  452.000000000     2.386179636
  453.000000000     2.440703000
  454.000000000     2.491491666
  455.000000000     2.538223108
  456.000000000     2.580740326
  457.000000000     2.618884202
  458.000000000     2.652536521
  459.000000000     2.681622361
  460.000000000     2.706124268
  461.000000000     2.726086995
  462.000000000     2.741526395
  463.000000000     2.752470465
  464.000000000     2.759009441
  465.000000000     2.761281310
  466.000000000     2.759388831
  467.000000000     2.753450324
  468.000000000     2.743641995
  469.000000000     2.730086708
  470.000000000     2.712963742
  471.000000000     2.692514425
  472.000000000     2.668862941
  473.000000000     2.642209118
  474.000000000     2.612726278
  475.000000000     2.580655415
  476.000000000     2.546159949
  477.000000000     2.509373097
  478.000000000     2.470472354
  479.000000000     2.429678373
  480.000000000     2.387135227
  481.000000000     2.343068985
  482.000000000     2.297590827
  483.000000000     2.250841024
  484.000000000     2.202984131
  485.000000000     2.154145171
  486.000000000     2.104525987
  487.000000000     2.054213690
  488.000000000     2.003297147
  489.000000000     1.951855896
  490.000000000     1.899982249
  491.000000000     1.847808119
  492.000000000     1.795483090
  493.000000000     1.743084440
  494.000000000     1.690765510
  495.000000000     1.638555145
  496.000000000     1.586607593
  497.000000000     1.535051034
  498.000000000     1.484012477
  499.000000000     1.433611534
