    0.000000000 -20767.671261470
    1.000000000 -20764.135740606
    2.000000000 -20762.044578264
    3.000000000 -20761.415343995
    4.000000000 -20762.254679982
    5.000000000 -20764.561015882
    6.000000000 -20768.330971261
    7.000000000 -20773.549089858
    8.000000000 -20780.199916039
    9.000000000 -20788.259748686
   10.000000000 -20797.695715041
   11.000000000 -20808.464855612
   12.000000000 -20820.527720885
   13.000000000 -20833.827302791
   14.000000000 -20848.302465750
   15.000000000 -20863.892982045
   16.000000000 -20880.522953319
   17.000000000 -20898.124743509
   18.000000000 -20916.607111653
   19.000000000 -20935.887272869
   20.000000000 -20955.886525591
   21.000000000 -20976.516581242
   22.000000000 -20997.687226701
   23.000000000 -21019.307504109
   24.000000000 -21041.286770049
   25.000000000 -21063.527529039
   26.000000000 -21085.934467358
   27.000000000 -21108.403177589
   28.000000000 -21130.836393115
   29.000000000 -21153.135271449
   30.000000000 -21175.223769413
   31.000000000 -21197.000070333
   32.000000000 -21218.369512906
   33.000000000 -21239.239876035
   34.000000000 -21259.520548243
   35.000000000 -21279.125433728
   36.000000000 -21297.975052794
   37.000000000 -21315.983432449
   38.000000000 -21333.063768016
   39.000000000 -21349.140553814
   40.000000000 -21364.132432345
   41.000000000 -21377.989929947
   42.000000000 -21390.655738909
   43.000000000 -21402.074523668
   44.000000000 -21412.206740494
   45.000000000 -21421.001768058
   46.000000000 -21428.422068836
   47.000000000 -21434.427490264
   48.000000000 -21438.998086272
   49.000000000 -21442.118073449
   50.000000000 -21443.771669889
   51.000000000 -21443.958490528
   52.000000000 -21442.681731981
   53.000000000 -21439.944804847
   54.000000000 -21435.769762884
   55.000000000 -21430.170720865
   56.000000000 -21423.170313476
   57.000000000 -21414.804205030
   58.000000000 -21405.119753936
   59.000000000 -21394.165527260
   60.000000000 -21381.991682716
   61.000000000 -21368.646001579
   62.000000000 -21354.180914389
   63.000000000 -21338.666456465
   64.000000000 -21322.181449861
   65.000000000 -21304.796453629
   66.000000000 -21286.579699718
   67.000000000 -21267.615189744
   68.000000000 -21247.981919777
   69.000000000 -21227.766654612
   70.000000000 -21207.053424369
   71.000000000 -21185.930120407
   72.000000000 -21164.475718382
   73.000000000 -21142.765226128
   74.000000000 -21120.895469530
   75.000000000 -21098.962866398
   76.000000000 -21077.051837055
   77.000000000 -21055.242345630
   78.000000000 -21033.623906649
   79.000000000 -21012.277560379
   80.000000000 -20991.280063538
   81.000000000 -20970.715567221
   82.000000000 -20950.668479143
   83.000000000 -20931.217230812
   84.000000000 -20912.439020311
   85.000000000 -20894.402528022
   86.000000000 -20877.177612178
   87.000000000 -20860.831248519
   88.000000000 -20845.422990276
   89.000000000 -20831.000875139
   90.000000000 -20817.622573557
   91.000000000 -20805.338111347
   92.000000000 -20794.185263937
   93.000000000 -20784.198137499
   94.000000000 -20775.412516389
   95.000000000 -20767.857033646
   96.000000000 -20761.558439189
   97.000000000 -20756.539904270
   98.000000000 -20752.798377975
   99.000000000 -20750.356325163
  100.000000000 -20749.218025122
  101.000000000 -20749.386814812
  102.000000000 -20750.866091767
  103.000000000 -20753.637733703
  104.000000000 -20757.702244786
  105.000000000 -20763.041255803
  106.000000000 -20769.626228052
  107.000000000 -20777.430653984
  108.000000000 -20786.422578116
  109.000000000 -20796.570274474
  110.000000000 -20807.826984295
  111.000000000 -20820.147981914
  112.000000000 -20833.487912559
  113.000000000 -20847.785388281
  114.000000000 -20862.972829552
  115.000000000 -20878.979523522
  116.000000000 -20895.743592999
  117.000000000 -20913.192600370
  118.000000000 -20931.242355920
  119.000000000 -20949.811249411
  120.000000000 -20968.813446522
  121.000000000 -20988.158669176
  122.000000000 -21007.752601068
  123.000000000 -21027.504744195
  124.000000000 -21047.330112585
  125.000000000 -21067.128606988
  126.000000000 -21086.804898500
  127.000000000 -21106.260824034
  128.000000000 -21125.416892325
  129.000000000 -21144.176624518
  130.000000000 -21162.451247229
  131.000000000 -21180.158629421
  132.000000000 -21197.210022537
  133.000000000 -21213.537655491
  134.000000000 -21229.069573118
  135.000000000 -21243.733032509
  136.000000000 -21257.464702753
  137.000000000 -21270.195705276
  138.000000000 -21281.886429733
  139.000000000 -21292.490486355
  140.000000000 -21301.969166065
  141.000000000 -21310.289253593
  142.000000000 -21317.413694775
  143.000000000 -21323.310875221
  144.000000000 -21327.982831731
  145.000000000 -21331.422235667
  146.000000000 -21333.626504527
  147.000000000 -21334.599998397
  148.000000000 -21334.346116048
  149.000000000 -21332.883537299
  150.000000000 -21330.234075324
  151.000000000 -21326.409055716
  152.000000000 -21321.440285743
  153.000000000 -21315.368186675
  154.000000000 -21308.227542215
  155.000000000 -21300.059834376
  156.000000000 -21290.910361225
  157.000000000 -21280.825284591
  158.000000000 -21269.863059078
  159.000000000 -21258.079032092
  160.000000000 -21245.537880385
  161.000000000 -21232.296114580
  162.000000000 -21218.425545225
  163.000000000 -21204.003649153
  164.000000000 -21189.101961208
  165.000000000 -21173.794462791
  166.000000000 -21158.156019511
  167.000000000 -21142.265361946
  168.000000000 -21126.201754018
  169.000000000 -21110.046278779
  170.000000000 -21093.870709732
  171.000000000 -21077.757209463
  172.000000000 -21061.774205239
  173.000000000 -21045.994270452
  174.000000000 -21030.487033046
  175.000000000 -21015.328898617
  176.000000000 -21000.588346015
  177.000000000 -20986.324198822
  178.000000000 -20972.595558778
  179.000000000 -20959.450899723
  180.000000000 -20946.926453673
  181.000000000 -20935.062299808
  182.000000000 -20923.902179730
  183.000000000 -20913.475783602
  184.000000000 -20903.816385912
  185.000000000 -20894.949194299
  186.000000000 -20886.897288173
  187.000000000 -20879.680332074
  188.000000000 -20873.317391529
  189.000000000 -20867.824875544
  190.000000000 -20863.216513067
  191.000000000 -20859.502608244
  192.000000000 -20856.686113481
  193.000000000 -20854.759025481
  194.000000000 -20853.726742768
  195.000000000 -20853.586651790
  196.000000000 -20854.335721282
  197.000000000 -20855.960528941
  198.000000000 -20858.449898039
  199.000000000 -20861.798628528
  200.000000000 -20865.996519731
  201.000000000 -20871.026818940
  202.000000000 -20876.859981880
  203.000000000 -20883.469216395
  204.000000000 -20890.817811335
  205.000000000 -20898.881945606
  206.000000000 -20907.632213589
  207.000000000 -20917.015765933
  208.000000000 -20926.995951141
  209.000000000 -20937.528561187
  210.000000000 -20948.556925982
  211.000000000 -20960.030985257
  212.000000000 -20971.891088735
  213.000000000 -20984.076982396
  214.000000000 -20996.522812765
  215.000000000 -21009.174036686
  216.000000000 -21021.969208389
  217.000000000 -21034.851910445
  218.000000000 -21047.758546778
  219.000000000 -21060.621901935
  220.000000000 -21073.390987411
  221.000000000 -21085.999136886
  222.000000000 -21098.385986954
  223.000000000 -21110.496900808
  224.000000000 -21122.279164221
  225.000000000 -21133.676215436
  226.000000000 -21144.643837846
  227.000000000 -21155.134350892
  228.000000000 -21165.109388844
  229.000000000 -21174.517963919
  230.000000000 -21183.317005565
  231.000000000 -21191.468786849
  232.000000000 -21198.933671733
  233.000000000 -21205.670777529
  234.000000000 -21211.649056281
  235.000000000 -21216.836990149
  236.000000000 -21221.208363136
  237.000000000 -21224.733547087
  238.000000000 -21227.391709950
  239.000000000 -21229.160574447
  240.000000000 -21230.035992407
  241.000000000 -21230.007575579
  242.000000000 -21229.075922852
  243.000000000 -21227.249333817
  244.000000000 -21224.531520737
  245.000000000 -21220.949710751
  246.000000000 -21216.519655251
  247.000000000 -21211.263826158
  248.000000000 -21205.212433462
  249.000000000 -21198.407371021
  250.000000000 -21190.891858023
  251.000000000 -21182.702124279
  252.000000000 -21173.883747550
  253.000000000 -21164.486932118
  254.000000000 -21154.560797777
  255.000000000 -21144.169850438
  256.000000000 -21133.370838432
  257.000000000 -21122.222055807
  258.000000000 -21110.783734699
  259.000000000 -21099.108517761
  260.000000000 -21087.258872554
  261.000000000 -21075.304432874
  262.000000000 -21063.309122812
  263.000000000 -21051.335998083
  264.000000000 -21039.433355047
  265.000000000 -21027.675711990
  266.000000000 -21016.123269322
  267.000000000 -21004.826904080
  268.000000000 -20993.841974599
  269.000000000 -20983.215415508
  270.000000000 -20973.003126593
  271.000000000 -20963.254037987
  272.000000000 -20954.003382303
  273.000000000 -20945.293312872
  274.000000000 -20937.158984871
  275.000000000 -20929.620326669
  276.000000000 -20922.714003017
  277.000000000 -20916.464130425
  278.000000000 -20910.887636348
  279.000000000 -20905.989555795
  280.000000000 -20901.786327463
  281.000000000 -20898.293623754
  282.000000000 -20895.510916755
  283.000000000 -20893.444979901
  284.000000000 -20892.093161979
  285.000000000 -20891.461814745
  286.000000000 -20891.550027318
  287.000000000 -20892.360124579
  288.000000000 -20893.877519165
  289.000000000 -20896.076451248
  290.000000000 -20898.953873480
  291.000000000 -20902.493142054
  292.000000000 -20906.681935820
  293.000000000 -20911.502848313
  294.000000000 -20916.943555373
  295.000000000 -20922.982654294
  296.000000000 -20929.603211318
  297.000000000 -20936.771435274
  298.000000000 -20944.456130836
  299.000000000 -20952.620016551
  300.000000000 -20961.223056055
  301.000000000 -20970.237393417
  302.000000000 -20979.610036792
  303.000000000 -20989.316868399
  304.000000000 -20999.305728906
  305.000000000 -21009.532197097
  306.000000000 -21019.951802715
  307.000000000 -21030.521649491
  308.000000000 -21041.194040037
  309.000000000 -21051.911311682
  310.000000000 -21062.617753584
  311.000000000 -21073.265302471
  312.000000000 -21083.796531577
  313.000000000 -21094.158345216
  314.000000000 -21104.291164561
  315.000000000 -21114.141890346
  316.000000000 -21123.655070066
  317.000000000 -21132.779992289
  318.000000000 -21141.466224045
  319.000000000 -21149.666746301
  320.000000000 -21157.339376244
  321.000000000 -21164.450706397
  322.000000000 -21170.957128973
  323.000000000 -21176.812717589
  324.000000000 -21181.973224113
  325.000000000 -21186.421973780
  326.000000000 -21190.129048420
  327.000000000 -21193.076916985
  328.000000000 -21195.248880322
  329.000000000 -21196.631737797
  330.000000000 -21197.208381816
  331.000000000 -21196.973364505
  332.000000000 -21195.912738394
  333.000000000 -21194.028430204
  334.000000000 -21191.333405618
  335.000000000 -21187.841735102
  336.000000000 -21183.574053416
  337.000000000 -21178.548232099
  338.000000000 -21172.790833160
  339.000000000 -21166.333392309
  340.000000000 -21159.216133810
  341.000000000 -21151.476900473
  342.000000000 -21143.157666286
  343.000000000 -21134.291450325
  344.000000000 -21124.928864638
  345.000000000 -21115.114490733
  346.000000000 -21104.904177400
  347.000000000 -21094.342621028
  348.000000000 -21083.493744320
  349.000000000 -21072.418523863
  350.000000000 -21061.181697093
  351.000000000 -21049.836489998
  352.000000000 -21038.432191211
  353.000000000 -21027.030087489
  354.000000000 -21015.687515238
  355.000000000 -21004.465639355
  356.000000000 -20993.412481551
  357.000000000 -20982.580314420
  358.000000000 -20972.022088288
  359.000000000 -20961.784983452
  360.000000000 -20951.906712451
  361.000000000 -20942.435658236
  362.000000000 -20933.405073557
  363.000000000 -20924.844104617
  364.000000000 -20916.770431295
  365.000000000 -20909.221092569
  366.000000000 -20902.212161396
  367.000000000 -20895.753128808
  368.000000000 -20889.866282083
  369.000000000 -20884.562995114
  370.000000000 -20879.847223066
  371.000000000 -20875.729419531
  372.000000000 -20872.205306317
  373.000000000 -20869.276541310
  374.000000000 -20866.945571526
  375.000000000 -20865.201923438
  376.000000000 -20864.042594479
  377.000000000 -20863.465534102
  378.000000000 -20863.473034847
  379.000000000 -20864.055990993
  380.000000000 -20865.206490263
  381.000000000 -20866.915591417
  382.000000000 -20869.184436500
  383.000000000 -20872.011265740
  384.000000000 -20875.384562409
  385.000000000 -20879.293605993
  386.000000000 -20883.730131889
  387.000000000 -20888.684833514
  388.000000000 -20894.138646130
  389.000000000 -20900.076181864
  390.000000000 -20906.486047250
  391.000000000 -20913.356420419
  392.000000000 -20920.663932357
  393.000000000 -20928.388877663
  394.000000000 -20936.509866295
  395.000000000 -20945.000184350
  396.000000000 -20953.841509640
  397.000000000 -20963.002603425
  398.000000000 -20972.450749048
  399.000000000 -20982.164637114
  400.000000000 -20992.111251031
  401.000000000 -21002.252111410
  402.000000000 -21012.558083967
  403.000000000 -21022.985091813
  404.000000000 -21033.491423083
  405.000000000 -21044.037855808
  406.000000000 -21054.581452398
  407.000000000 -21065.073874437
  408.000000000 -21075.467881667
  409.000000000 -21085.727054904
  410.000000000 -21095.805290658
  411.000000000 -21105.649544318
  412.000000000 -21115.215271586
  413.000000000 -21124.460284004
  414.000000000 -21133.334582672
  415.000000000 -21141.789713230
  416.000000000 -21149.777038762
  417.000000000 -21157.252347802
  418.000000000 -21164.173264212
  419.000000000 -21170.489648113
  420.000000000 -21176.177851728
  421.000000000 -21181.204433064
  422.000000000 -21185.532153243
  423.000000000 -21189.129457170
  424.000000000 -21191.969511012
  425.000000000 -21194.025645000
  426.000000000 -21195.279676297
  427.000000000 -21195.718137384
  428.000000000 -21195.319859563
  429.000000000 -21194.077924042
  430.000000000 -21191.993573939
  431.000000000 -21189.074568793
  432.000000000 -21185.330433155
  433.000000000 -21180.771709325
  434.000000000 -21175.411981956
  435.000000000 -21169.263565977
  436.000000000 -21162.352097264
  437.000000000 -21154.708319431
  438.000000000 -21146.362225256
  439.000000000 -21137.347962488
  440.000000000 -21127.718851137
  441.000000000 -21117.508791013
  442.000000000 -21106.764874681
  443.000000000 -21095.540996323
  444.000000000 -21083.887894873
  445.000000000 -21071.862366835
  446.000000000 -21059.528599569
  447.000000000 -21046.952091578
  448.000000000 -21034.202901768
  449.000000000 -21021.339787162
  450.000000000 -21008.431212255
  451.000000000 -20995.539236841
  452.000000000 -20982.728371073
  453.000000000 -20970.048730806
  454.000000000 -20957.555558365
  455.000000000 -20945.324103655
  456.000000000 -20933.403320569
  457.000000000 -20921.846333026
  458.000000000 -20910.704066030
  459.000000000 -20900.021824008
  460.000000000 -20889.837579045
  461.000000000 -20880.174630188
  462.000000000 -20871.066891283
  463.000000000 -20862.554967732
  464.000000000 -20854.660473930
  465.000000000 -20847.400354740
  466.000000000 -20840.802637349
  467.000000000 -20834.882958186
  468.000000000 -20829.654835086
  469.000000000 -20825.137682796
  470.000000000 -20821.341787009
  471.000000000 -20818.263442219
  472.000000000 -20815.916329099
  473.000000000 -20814.304787131
  474.000000000 -20813.435156242
  475.000000000 -20813.288700953
  476.000000000 -20813.866898127
  477.000000000 -20815.173937952
  478.000000000 -20817.202205287
  479.000000000 -20819.928536670
  480.000000000 -20823.353146233
  481.000000000 -20827.454717570
  482.000000000 -20832.221180742
  483.000000000 -20837.641548351
  484.000000000 -20843.694225978
  485.000000000 -20850.353226711
  486.000000000 -20857.593850852
  487.000000000 -20865.394844474
  488.000000000 -20873.735298161
  489.000000000 -20882.592851445
  490.000000000 -20891.948965219
  491.000000000 -20901.771073292
  492.000000000 -20912.020464456
  493.000000000 -20922.666647892
  494.000000000 -20933.663149357
  495.000000000 -20944.990877247
  496.000000000 -20956.608463530
  497.000000000 -20968.476358687
  498.000000000 -20980.553920952
  499.000000000 -20992.795683555
