    0.000000000     1.047053776
    1.000000000     1.047053776
    2.000000000     1.047053776
    3.000000000     1.047053776
    4.000000000     1.047053776
    5.000000000     1.047053776
    6.000000000     1.047053776
    7.000000000     1.047053776
    8.000000000     1.047053776
    9.000000000     1.047053776
   10.000000000     1.047053776
   11.000000000     1.047053776
   12.000000000     1.047053776
   13.000000000     1.047053776
   14.000000000     1.047053776
   15.000000000     1.047053776
   16.000000000     1.047053776
   17.000000000     1.047053776
   18.000000000     1.047053776
   19.000000000     1.047053776
   20.000000000     1.047053776
   21.000000000     1.047053776
   22.000000000     1.047053776
   23.000000000     1.047053776
   24.000000000     1.047053776
   25.000000000     1.047053776
   26.000000000     1.047053776
   27.000000000     1.047053776
   28.000000000     1.047053776
   29.000000000     1.047053776
   30.000000000     1.047053776
   31.000000000     1.047053776
   32.000000000     1.047053776
   33.000000000     1.047053776
   34.000000000     1.047053776
   35.000000000     1.047053776
   36.000000000     1.047053776
   37.000000000     1.047053776
   38.000000000     1.047053776
   39.000000000     1.047053776
   40.000000000     1.047053776
   41.000000000     1.047053776
   42.000000000     1.047053776
   43.000000000     1.047053776
   44.000000000     1.047053776
   45.000000000     1.047053776
   46.000000000     1.047053776
   47.000000000     1.047053776
   48.000000000     1.047053776
   49.000000000     1.047053776
   50.000000000     1.047053776
   51.000000000     1.047053776
   52.000000000     1.047053776
   53.000000000     1.047053776
   54.000000000     1.047053776
   55.000000000     1.047053776
   56.000000000     1.047053776
   57.000000000     1.047053776
   58.000000000     1.047053776
   59.000000000     1.047053776
   60.000000000     1.047053776
   61.000000000     1.047053776
   62.000000000     1.047053776
   63.000000000     1.047053776
   64.000000000     1.047053776
   65.000000000     1.047053776
   66.000000000     1.047053776
   67.000000000     1.047053776
   68.000000000     1.047053776
   69.000000000     1.047053776
   70.000000000     1.047053776
   71.000000000     1.047053776
   72.000000000     1.047053776
   73.000000000     1.047053776
   74.000000000     1.047053776
   75.000000000     1.047053776
   76.000000000     1.047053776
   77.000000000     1.047053776
   78.000000000     1.047053776
   79.000000000     1.047053776
   80.000000000     1.047053776
   81.000000000     1.047053776
   82.000000000     1.047053776
   83.000000000     1.047053776
   84.000000000     1.047053776
   85.000000000     1.047053776
   86.000000000     1.047053776
   87.000000000     1.047053776
   88.000000000     1.047053776
   89.000000000     1.047053776
   90.000000000     1.047053776
   91.000000000     1.047053776
   92.000000000     1.047053776
   93.000000000     1.047053776
   94.000000000     1.047053776
   95.000000000     1.047053776
   96.000000000     1.047053776
   97.000000000     1.047053776
   98.000000000     1.047053776
   99.000000000     1.047053776
  100.000000000     1.047053776
  101.000000000     1.047053776
  102.000000000     1.047053776
  103.000000000     1.047053776
  104.000000000     1.047053776
  105.000000000     1.047053776
  106.000000000     1.047053776
  107.000000000     1.047053776
  108.000000000     1.047053776
  109.000000000     1.047053776
  110.000000000     1.047053776
  111.000000000     1.047053776
  112.000000000     1.047053776
  113.000000000     1.047053776
  114.000000000     1.047053776
  115.000000000     1.047053776
  116.000000000     1.047053776
  117.000000000     1.047053776
  118.000000000     1.047053776
  119.000000000     1.047053776
  120.000000000     1.047053776
  121.000000000     1.047053776
  122.000000000     1.047053776
  123.000000000     1.047053776
  124.000000000     1.047053776
  125.000000000     1.047053776
  126.000000000     1.047053776
  127.000000000     1.047053776
  128.000000000     1.047053776
  129.000000000     1.047053776
  130.000000000     1.047053776
  131.000000000     1.047053776
  132.000000000     1.047053776
  133.000000000     1.047053776
  134.000000000     1.047053776
  135.000000000     1.047053776
  136.000000000     1.047053776
  137.000000000     1.047053776
  138.000000000     1.047053776
  139.000000000     1.047053776
  140.000000000     1.047053776
  141.000000000     1.047053776
  142.000000000     1.047053776
  143.000000000     1.047053776
  144.000000000     1.047053776
  145.000000000     1.047053776
  146.000000000     1.047053776
  147.000000000     1.047053776
  148.000000000     1.047053776
  149.000000000     1.047053776
  150.000000000     1.047053776
  151.000000000     1.047053776
  152.000000000     1.047053776
  153.000000000     1.047053776
  154.000000000     1.047053776
  155.000000000     1.047053776
  156.000000000     1.047053776
  157.000000000     1.047053776
  158.000000000     1.047053776
  159.000000000     1.047053776
  160.000000000     1.047053776
  161.000000000     1.047053776
  162.000000000     1.047053776
  163.000000000     1.047053776
  164.000000000     1.047053776
  165.000000000     1.047053776
  166.000000000     1.047053776
  167.000000000     1.047053776
  168.000000000     1.047053776
  169.000000000     1.047053776
  170.000000000     1.047053776
  171.000000000     1.047053776
  172.000000000     1.047053776
  173.000000000     1.047053776
  174.000000000     1.047053776
  175.000000000     1.047053776
  176.000000000     1.047053776
  177.000000000     1.047053776
  178.000000000     1.047053776
  179.000000000     1.047053776
  180.000000000     1.047053776
  181.000000000     1.047053776
  182.000000000     1.047053776
  183.000000000     1.047053776
  184.000000000     1.047053776
  185.000000000     1.047053776
  186.000000000     1.047053776
  187.000000000     1.047053776
  188.000000000     1.047053776
  189.000000000     1.047053776
  190.000000000     1.047053776
  191.000000000     1.047053776
  192.000000000     1.047053776
  193.000000000     1.047053776
  194.000000000     1.047053776
  195.000000000     1.047053776
  196.000000000     1.047053776
  197.000000000     1.047053776
  198.000000000     1.047053776
  199.000000000     1.047053776
  200.000000000     1.047053776
  201.000000000     1.047053776
  202.000000000     1.047053776
  203.000000000     1.047053776
  204.000000000     1.047053776
  205.000000000     1.047053776
  206.000000000     1.047053776
  207.000000000     1.047053776
  208.000000000     1.047053776
  209.000000000     1.047053776
  210.000000000     1.047053776
  211.000000000     1.047053776
  212.000000000     1.047053776
  213.000000000     1.047053776
  214.000000000     1.047053776
  215.000000000     1.047053776
  216.000000000     1.047053776
  217.000000000     1.047053776
  218.000000000     1.047053776
  219.000000000     1.047053776
  220.000000000     1.047053776
  221.000000000     1.047053776
  222.000000000     1.047053776
  223.000000000     1.047053776
  224.000000000     1.047053776
  225.000000000     1.047053776
  226.000000000     1.047053776
  227.000000000     1.047053776
  228.000000000     1.047053776
  229.000000000     1.047053776
  230.000000000     1.047053776
  231.000000000     1.047053776
  232.000000000     1.047053776
  233.000000000     1.047053776
  234.000000000     1.047053776
  235.000000000     1.047053776
  236.000000000     1.047053776
  237.000000000     1.047053776
  238.000000000     1.047053776
  239.000000000     1.047053776
  240.000000000     1.047053776
  241.000000000     1.047053776
  242.000000000     1.047053776
  243.000000000     1.047053776
  244.000000000     1.047053776
  245.000000000     1.047053776
  246.000000000     1.047053776
  247.000000000     1.047053776
  248.000000000     1.047053776
  249.000000000     1.047053776
  250.000000000     1.047053776
  251.000000000     1.047053776
  252.000000000     1.047053776
  253.000000000     1.047053776
  254.000000000     1.047053776
  255.000000000     1.047053776
  256.000000000     1.047053776
  257.000000000     1.047053776
  258.000000000     1.047053776
  259.000000000     1.047053776
  260.000000000     1.047053776
  261.000000000     1.047053776
  262.000000000     1.047053776
  263.000000000     1.047053776
  264.000000000     1.047053776
  265.000000000     1.047053776
  266.000000000     1.047053776
  267.000000000     1.047053776
  268.000000000     1.047053776
  269.000000000     1.047053776
  270.000000000     1.047053776
  271.000000000     1.047053776
  272.000000000     1.047053776
  273.000000000     1.047053776
  274.000000000     1.047053776
  275.000000000     1.047053776
  276.000000000     1.047053776
  277.000000000     1.047053776
  278.000000000     1.047053776
  279.000000000     1.047053776
  280.000000000     1.047053776
  281.000000000     1.047053776
  282.000000000     1.047053776
  283.000000000     1.047053776
  284.000000000     1.047053776
  285.000000000     1.047053776
  286.000000000     1.047053776
  287.000000000     1.047053776
  288.000000000     1.047053776
  289.000000000     1.047053776
  290.000000000     1.047053776
  291.000000000     1.047053776
  292.000000000     1.047053776
  293.000000000     1.047053776
  294.000000000     1.047053776
  295.000000000     1.047053776
  296.000000000     1.047053776
  297.000000000     1.047053776
  298.000000000     1.047053776
  299.000000000     1.047053776
  300.000000000     1.047053776
  301.000000000     1.047053776
  302.000000000     1.047053776
  303.000000000     1.047053776
  304.000000000     1.047053776
  305.000000000     1.047053776
  306.000000000     1.047053776
  307.000000000     1.047053776
  308.000000000     1.047053776
  309.000000000     1.047053776
  310.000000000     1.047053776
  311.000000000     1.047053776
  312.000000000     1.047053776
  313.000000000     1.047053776
  314.000000000     1.047053776
  315.000000000     1.047053776
  316.000000000     1.047053776
  317.000000000     1.047053776
  318.000000000     1.047053776
  319.000000000     1.047053776
  320.000000000     1.047053776
  321.000000000     1.047053776
  322.000000000     1.047053776
  323.000000000     1.047053776
  324.000000000     1.047053776
  325.000000000     1.047053776
  326.000000000     1.047053776
  327.000000000     1.047053776
  328.000000000     1.047053776
  329.000000000     1.047053776
  330.000000000     1.047053776
  331.000000000     1.047053776
  332.000000000     1.047053776
  333.000000000     1.047053776
  334.000000000     1.047053776
  335.000000000     1.047053776
  336.000000000     1.047053776
  337.000000000     1.047053776
  338.000000000     1.047053776
  339.000000000     1.047053776
  340.000000000     1.047053776
  341.000000000     1.047053776
  342.000000000     1.047053776
  343.000000000     1.047053776
  344.000000000     1.047053776
  345.000000000     1.047053776
  346.000000000     1.047053776
  347.000000000     1.047053776
  348.000000000     1.047053776
  349.000000000     1.047053776
  350.000000000     1.047053776
  351.000000000     1.047053776
  352.000000000     1.047053776
  353.000000000     1.047053776
  354.000000000     1.047053776
  355.000000000     1.047053776
  356.000000000     1.047053776
  357.000000000     1.047053776
  358.000000000     1.047053776
  359.000000000     1.047053776
  360.000000000     1.047053776
  361.000000000     1.047053776
  362.000000000     1.047053776
  363.000000000     1.047053776
  364.000000000     1.047053776
  365.000000000     1.047053776
  366.000000000     1.047053776
  367.000000000     1.047053776
  368.000000000     1.047053776
  369.000000000     1.047053776
  370.000000000     1.047053776
  371.000000000     1.047053776
  372.000000000     1.047053776
  373.000000000     1.047053776
  374.000000000     1.047053776
  375.000000000     1.047053776
  376.000000000     1.047053776
  377.000000000     1.047053776
  378.000000000     1.047053776
  379.000000000     1.047053776
  380.000000000     1.047053776
  381.000000000     1.047053776
  382.000000000     1.047053776
  383.000000000     1.047053776
  384.000000000     1.047053776
  385.000000000     1.047053776
  386.000000000     1.047053776
  387.000000000     1.047053776
  388.000000000     1.047053776
  389.000000000     1.047053776
  390.000000000     1.047053776
  391.000000000     1.047053776
  392.000000000     1.047053776
  393.000000000     1.047053776
  394.000000000     1.047053776
  395.000000000     1.047053776
  396.000000000     1.047053776
  397.000000000     1.047053776
  398.000000000     1.047053776
  399.000000000     1.047053776
  400.000000000     1.047053776
  401.000000000     1.047053776
  402.000000000     1.047053776
  403.000000000     1.047053776
  404.000000000     1.047053776
  405.000000000     1.047053776
  406.000000000     1.047053776
  407.000000000     1.047053776
  408.000000000     1.047053776
  409.000000000     1.047053776
  410.000000000     1.047053776
  411.000000000     1.047053776
  412.000000000     1.047053776
  413.000000000     1.047053776
  414.000000000     1.047053776
  415.000000000     1.047053776
  416.000000000     1.047053776
  417.000000000     1.047053776
  418.000000000     1.047053776
  419.000000000     1.047053776
  420.000000000     1.047053776
  421.000000000     1.047053776
  422.000000000     1.047053776
  423.000000000     1.047053776
  424.000000000     1.047053776
  425.000000000     1.047053776
  426.000000000     1.047053776
  427.000000000     1.047053776
  428.000000000     1.047053776
  429.000000000     1.047053776
  430.000000000     1.047053776
  431.000000000     1.047053776
  432.000000000     1.047053776
  433.000000000     1.047053776
  434.000000000     1.047053776
  435.000000000     1.047053776
  436.000000000     1.047053776
  437.000000000     1.047053776
  438.000000000     1.047053776
  439.000000000     1.047053776
  440.000000000     1.047053776
  441.000000000     1.047053776
  442.000000000     1.047053776
  443.000000000     1.047053776
  444.000000000     1.047053776
  445.000000000     1.047053776
  446.000000000     1.047053776
  447.000000000     1.047053776
  448.000000000     1.047053776
  449.000000000     1.047053776
  450.000000000     1.047053776
  451.000000000     1.047053776
  452.000000000     1.047053776
  453.000000000     1.047053776
  454.000000000     1.047053776
  455.000000000     1.047053776
  456.000000000     1.047053776
  457.000000000     1.047053776
  458.000000000     1.047053776
  459.000000000     1.047053776
  460.000000000     1.047053776
  461.000000000     1.047053776
  462.000000000     1.047053776
  463.000000000     1.047053776
  464.000000000     1.047053776
  465.000000000     1.047053776
  466.000000000     1.047053776
  467.000000000     1.047053776
  468.000000000     1.047053776
  469.000000000     1.047053776
  470.000000000     1.047053776
  471.000000000     1.047053776
  472.000000000     1.047053776
  473.000000000     1.047053776
  474.000000000     1.047053776
  475.000000000     1.047053776
  476.000000000     1.047053776
  477.000000000     1.047053776
  478.000000000     1.047053776
  479.000000000     1.047053776
  480.000000000     1.047053776
  481.000000000     1.047053776
  482.000000000     1.047053776
  483.000000000     1.047053776
  484.000000000     1.047053776
  485.000000000     1.047053776
  486.000000000     1.047053776
  487.000000000     1.047053776
  488.000000000     1.047053776
  489.000000000     1.047053776
  490.000000000     1.047053776
  491.000000000     1.047053776
  492.000000000     1.047053776
  493.000000000     1.047053776
  494.000000000     1.047053776
  495.000000000     1.047053776
  496.000000000     1.047053776
  497.000000000     1.047053776
  498.000000000     1.047053776
  499.000000000     1.047053776
