    0.000000000   170.800415865
    1.000000000   170.455260014
    2.000000000   170.097037448
    3.000000000   169.731167873
    4.000000000   169.363025769
    5.000000000   168.997796247
    6.000000000   168.640308445
    7.000000000   168.294873835
    8.000000000   167.965138052
    9.000000000   167.653945958
   10.000000000   167.363245336
   11.000000000   167.094037553
   12.000000000   166.846355724
   13.000000000   166.619295182
   14.000000000   166.411089639
   15.000000000   166.219229510
   16.000000000   166.040626336
   17.000000000   165.871783915
   18.000000000   165.708990271
   19.000000000   165.548511284
   20.000000000   165.386773188
   21.000000000   165.220533235
   22.000000000   165.047010867
   23.000000000   164.863985620
   24.000000000   164.669866466
   25.000000000   164.463722006
   26.000000000   164.245285666
   27.000000000   164.014922731
   28.000000000   163.773560392
   29.000000000   163.522599749
   30.000000000   163.263816191
   31.000000000   162.999253895
   32.000000000   162.731098690
   33.000000000   162.461554720
   34.000000000   162.192730967
   35.000000000   161.926533289
   36.000000000   161.664575162
   37.000000000   161.408109349
   38.000000000   161.157983764
   39.000000000   160.914613720
   40.000000000   160.677974826
   41.000000000   160.447609369
   42.000000000   160.222648155
   43.000000000   160.001876797
   44.000000000   159.783803213
   45.000000000   159.566724609
   46.000000000   159.348833764
   47.000000000   159.128323670
   48.000000000   158.903474422
   49.000000000   158.672748364
   50.000000000   158.434885327
   51.000000000   158.189000886
   52.000000000   157.934674916
   53.000000000   157.672002779
   54.000000000   157.401643043
   55.000000000   157.124852243
   56.000000000   156.843499473
   57.000000000   156.560060333
   58.000000000   156.277589756
   59.000000000   155.999678033
   60.000000000   155.730371668
   61.000000000   155.474079165
   62.000000000   155.235462692
   63.000000000   155.019311342
   64.000000000   154.830410776
   65.000000000   154.673403648
   66.000000000   154.552647706
   67.000000000   154.472099738
   68.000000000   154.435196707
   69.000000000   154.444748824
   70.000000000   154.502863515
   71.000000000   154.610887910
   72.000000000   154.769387264
   73.000000000   154.978144528
   74.000000000   155.236163321
   75.000000000   155.541701716
   76.000000000   155.892328374
   77.000000000   156.284973983
   78.000000000   156.715993718
   79.000000000   157.181227288
   80.000000000   157.676058844
   81.000000000   158.195480948
   82.000000000   158.734145498
   83.000000000   159.286399187
   84.000000000   159.846321280
   85.000000000   160.407775411
   86.000000000   160.964471396
   87.000000000   161.510034801
   88.000000000   162.038091220
   89.000000000   162.542371458
   90.000000000   163.016834312
   91.000000000   163.455808227
   92.000000000   163.854150414
   93.000000000   164.207395057
   94.000000000   164.511893935
   95.000000000   164.764961775
   96.000000000   164.965003083
   97.000000000   165.111605255
   98.000000000   165.205573747
   99.000000000   165.248965972
  100.000000000   165.245096833
  101.000000000   165.198452183
  102.000000000   165.114583686
  103.000000000   164.999986322
  104.000000000   164.861940099
  105.000000000   164.708331313
  106.000000000   164.547459655
  107.000000000   164.387836308
  108.000000000   164.237978842
  109.000000000   164.106214920
  110.000000000   164.000481415
  111.000000000   163.928130590
  112.000000000   163.895755762
  113.000000000   163.909033871
  114.000000000   163.972576874
  115.000000000   164.089799338
  116.000000000   164.262818917
  117.000000000   164.492380413
  118.000000000   164.777812914
  119.000000000   165.117025823
  120.000000000   165.506553514
  121.000000000   165.941641845
  122.000000000   166.416366418
  123.000000000   166.923783720
  124.000000000   167.456131081
  125.000000000   168.005057692
  126.000000000   168.561860863
  127.000000000   169.117732848
  128.000000000   169.664016433
  129.000000000   170.192446567
  130.000000000   170.695374054
  131.000000000   171.165961047
  132.000000000   171.598332957
  133.000000000   171.987715489
  134.000000000   172.330520966
  135.000000000   172.624385985
  136.000000000   172.868183342
  137.000000000   173.061983840
  138.000000000   173.206976858
  139.000000000   173.305369592
  140.000000000   173.360248774
  141.000000000   173.375405895
  142.000000000   173.355158281
  143.000000000   173.304180037
  144.000000000   173.227312093
  145.000000000   173.129367506
  146.000000000   173.014961093
  147.000000000   172.888357410
  148.000000000   172.753344563
  149.000000000   172.613144716
  150.000000000   172.470369706
  151.000000000   172.327001341
  152.000000000   172.184403603
  153.000000000   172.043380455
  154.000000000   171.904258704
  155.000000000   171.766999664
  156.000000000   171.631337728
  157.000000000   171.496947729
  158.000000000   171.363614238
  159.000000000   171.231380576
  160.000000000   171.100698858
  161.000000000   170.972567240
  162.000000000   170.848633420
  163.000000000   170.731262572
  164.000000000   170.623563764
  165.000000000   170.529366477
  166.000000000   170.453157196
  167.000000000   170.399965243
  168.000000000   170.375183823
  169.000000000   170.384372068
  170.000000000   170.433025875
  171.000000000   170.526314365
  172.000000000   170.668818686
  173.000000000   170.864260632
  174.000000000   171.115262054
  175.000000000   171.423118074
  176.000000000   171.787612917
  177.000000000   172.206910642
  178.000000000   172.677507438
  179.000000000   173.194253560
  180.000000000   173.750440333
  181.000000000   174.337957257
  182.000000000   174.947509285
  183.000000000   175.568888192
  184.000000000   176.191291183
  185.000000000   176.803661302
  186.000000000   177.395039617
  187.000000000   177.954908458
  188.000000000   178.473510114
  189.000000000   178.942148376
  190.000000000   179.353439278
  191.000000000   179.701509227
  192.000000000   179.982139278
  193.000000000   180.192853860
  194.000000000   180.332942917
  195.000000000   180.403422706
  196.000000000   180.406939497
  197.000000000   180.347623342
  198.000000000   180.230902701
  199.000000000   180.063273763
  200.000000000   179.852038453
  201.000000000   179.605033626
  202.000000000   179.330367630
  203.000000000   179.036136548
  204.000000000   178.730158022
  205.000000000   178.419757829
  206.000000000   178.111576640
  207.000000000   177.811421141
  208.000000000   177.524168373
  209.000000000   177.253723180
  210.000000000   177.003034522
  211.000000000   176.774154025
  212.000000000   176.568323886
  213.000000000   176.386120459
  214.000000000   176.227623366
  215.000000000   176.092580854
  216.000000000   175.980577933
  217.000000000   175.891205775
  218.000000000   175.824212789
  219.000000000   175.779611295
  220.000000000   175.757736297
  221.000000000   175.759260457
  222.000000000   175.785181876
  223.000000000   175.836765720
  224.000000000   175.915445138
  225.000000000   176.022686355
  226.000000000   176.159818379
  227.000000000   176.327848881
  228.000000000   176.527297086
  229.000000000   176.758039640
  230.000000000   177.019159504
  231.000000000   177.308837965
  232.000000000   177.624299416
  233.000000000   177.961801030
  234.000000000   178.316681720
  235.000000000   178.683450252
  236.000000000   179.055920642
  237.000000000   179.427399263
  238.000000000   179.790904868
  239.000000000   180.139402188
  240.000000000   180.466041446
  241.000000000   180.764398685
  242.000000000   181.028700286
  243.000000000   181.254010305
  244.000000000   181.436368831
  245.000000000   181.572914238
  246.000000000   181.661958330
  247.000000000   181.703007386
  248.000000000   181.696731402
  249.000000000   181.644902489
  250.000000000   181.550323462
  251.000000000   181.416717057
  252.000000000   181.248582887
  253.000000000   181.051059492
  254.000000000   180.829796918
  255.000000000   180.590816745
  256.000000000   180.340377567
  257.000000000   180.084841528
  258.000000000   179.830544088
  259.000000000   179.583694064
  260.000000000   179.350268850
  261.000000000   179.135895416
  262.000000000   178.945743448
  263.000000000   178.784423446
  264.000000000   178.655884018
  265.000000000   178.563304416
  266.000000000   178.508999721
  267.000000000   178.494332752
  268.000000000   178.519630920
  269.000000000   178.584132992
  270.000000000   178.685962102
  271.000000000   178.822120244
  272.000000000   178.988521644
  273.000000000   179.180077511
  274.000000000   179.390820349
  275.000000000   179.614044605
  276.000000000   179.842490611
  277.000000000   180.068559095
  278.000000000   180.284529888
  279.000000000   180.482792247
  280.000000000   180.656060236
  281.000000000   180.797586820
  282.000000000   180.901371643
  283.000000000   180.962330496
  284.000000000   180.976446049
  285.000000000   180.940876297
  286.000000000   180.854021636
  287.000000000   180.715569048
  288.000000000   180.526495899
  289.000000000   180.289030196
  290.000000000   180.006556330
  291.000000000   179.683530420
  292.000000000   179.325358877
  293.000000000   178.938239312
  294.000000000   178.529000577
  295.000000000   178.104913281
  296.000000000   177.673507903
  297.000000000   177.242400067
  298.000000000   176.819112610
  299.000000000   176.410905433
  300.000000000   176.024628133
  301.000000000   175.666597684
  302.000000000   175.342494524
  303.000000000   175.057250437
  304.000000000   174.814980873
  305.000000000   174.618953687
  306.000000000   174.471547615
  307.000000000   174.374253471
  308.000000000   174.327697941
  309.000000000   174.331676553
  310.000000000   174.385210663
  311.000000000   174.486606329
  312.000000000   174.633517993
  313.000000000   174.823032292
  314.000000000   175.051755583
  315.000000000   175.315893600
  316.000000000   175.611333802
  317.000000000   175.933725077
  318.000000000   176.278537429
  319.000000000   176.641112018
  320.000000000   177.016712523
  321.000000000   177.400558629
  322.000000000   177.787850939
  323.000000000   178.173785105
  324.000000000   178.553559582
  325.000000000   178.922407206
  326.000000000   179.275633608
  327.000000000   179.608653441
  328.000000000   179.917037362
  329.000000000   180.196581398
  330.000000000   180.443390651
  331.000000000   180.653953105
  332.000000000   180.825219745
  333.000000000   180.954700123
  334.000000000   181.040539287
  335.000000000   181.081581809
  336.000000000   181.077419342
  337.000000000   181.028404817
  338.000000000   180.935645093
  339.000000000   180.800971307
  340.000000000   180.626903741
  341.000000000   180.416604141
  342.000000000   180.173812670
  343.000000000   179.902780059
  344.000000000   179.608210567
  345.000000000   179.295212599
  346.000000000   178.969263342
  347.000000000   178.636189720
  348.000000000   178.302103403
  349.000000000   177.973357064
  350.000000000   177.656516742
  351.000000000   177.358277893
  352.000000000   177.085359690
  353.000000000   176.844363979
  354.000000000   176.641611203
  355.000000000   176.482960032
  356.000000000   176.373596030
  357.000000000   176.317812882
  358.000000000   176.318800096
  359.000000000   176.378466741
  360.000000000   176.497299898
  361.000000000   176.674269161
  362.000000000   176.906796548
  363.000000000   177.190782425
  364.000000000   177.520691981
  365.000000000   177.889692948
  366.000000000   178.289848091
  367.000000000   178.712340942
  368.000000000   179.147726921
  369.000000000   179.586202992
  370.000000000   180.017871301
  371.000000000   180.432993732
  372.000000000   180.822232408
  373.000000000   181.176861605
  374.000000000   181.488961001
  375.000000000   181.751579460
  376.000000000   181.958848697
  377.000000000   182.106057281
  378.000000000   182.189707885
  379.000000000   182.207540518
  380.000000000   182.158518798
  381.000000000   182.042802100
  382.000000000   181.861682070
  383.000000000   181.617486590
  384.000000000   181.313483954
  385.000000000   180.953779642
  386.000000000   180.543196448
  387.000000000   180.087148568
  388.000000000   179.591519239
  389.000000000   179.062542433
  390.000000000   178.506689544
  391.000000000   177.930563831
  392.000000000   177.340805730
  393.000000000   176.744011616
  394.000000000   176.146670199
  395.000000000   175.555107739
  396.000000000   174.975419813
  397.000000000   174.413423124
  398.000000000   173.874621744
  399.000000000   173.364176863
  400.000000000   172.886882840
  401.000000000   172.447143716
  402.000000000   172.048952457
  403.000000000   171.695870789
  404.000000000   171.391010590
  405.000000000   171.137010763
  406.000000000   170.936018659
  407.000000000   170.789660145
  408.000000000   170.699017562
  409.000000000   170.664613605
  410.000000000   170.686376239
  411.000000000   170.763610710
  412.000000000   170.894980848
  413.000000000   171.078489870
  414.000000000   171.311467981
  415.000000000   171.590571185
  416.000000000   171.911805487
  417.000000000   172.270563984
  418.000000000   172.661667960
  419.000000000   173.079425184
  420.000000000   173.517703215
  421.000000000   173.970021250
  422.000000000   174.429651500
  423.000000000   174.889722681
  424.000000000   175.343316514
  425.000000000   175.783568577
  426.000000000   176.203764937
  427.000000000   176.597433153
  428.000000000   176.958430846
  429.000000000   177.281021967
  430.000000000   177.559947137
  431.000000000   177.790513546
  432.000000000   177.968677763
  433.000000000   178.091109120
  434.000000000   178.155283305
  435.000000000   178.159579291
  436.000000000   178.103349126
  437.000000000   177.986990466
  438.000000000   177.812039731
  439.000000000   177.581246274
  440.000000000   177.298604998
  441.000000000   176.969360157
  442.000000000   176.599978785
  443.000000000   176.198093935
  444.000000000   175.772387316
  445.000000000   175.332406173
  446.000000000   174.888360716
  447.000000000   174.450873039
  448.000000000   174.030675764
  449.000000000   173.638291645
  450.000000000   173.283719156
  451.000000000   172.976121452
  452.000000000   172.723514572
  453.000000000   172.532510717
  454.000000000   172.408143772
  455.000000000   172.353740729
  456.000000000   172.370845350
  457.000000000   172.459200236
  458.000000000   172.616800013
  459.000000000   172.840010095
  460.000000000   173.123724836
  461.000000000   173.461560784
  462.000000000   173.846081113
  463.000000000   174.269033750
  464.000000000   174.721594118
  465.000000000   175.194610859
  466.000000000   175.678817411
  467.000000000   176.165045337
  468.000000000   176.644440194
  469.000000000   177.108634680
  470.000000000   177.549889737
  471.000000000   177.961211473
  472.000000000   178.336443013
  473.000000000   178.670310585
  474.000000000   178.958447654
  475.000000000   179.197414742
  476.000000000   179.384677314
  477.000000000   179.518566613
  478.000000000   179.598246914
  479.000000000   179.623675748
  480.000000000   179.595564758
  481.000000000   179.515329224
  482.000000000   179.385044589
  483.000000000   179.207422168
  484.000000000   178.985770031
  485.000000000   178.723961740
  486.000000000   178.426397327
  487.000000000   178.097951225
  488.000000000   177.743923756
  489.000000000   177.369988549
  490.000000000   176.982112964
  491.000000000   176.586461607
  492.000000000   176.189302971
  493.000000000   175.796911442
  494.000000000   175.415440504
  495.000000000   175.050796444
  496.000000000   174.708533533
  497.000000000   174.393739472
  498.000000000   174.110927743
  499.000000000   173.863920274
