    0.000000000   300.000000000
    1.000000000   299.393755836
    2.000000000   298.764560823
    3.000000000   298.121934330
    4.000000000   297.475316282
    5.000000000   296.833814001
    6.000000000   296.205909554
    7.000000000   295.599175768
    8.000000000   295.020015967
    9.000000000   294.473426969
   10.000000000   293.962829929
   11.000000000   293.489983687
   12.000000000   293.054946405
   13.000000000   292.656129094
   14.000000000   292.290429381
   15.000000000   291.953439343
   16.000000000   291.639734297
   17.000000000   291.343173391
   18.000000000   291.057236772
   19.000000000   290.775365703
   20.000000000   290.491283086
   21.000000000   290.199293248
   22.000000000   289.894512313
   23.000000000   289.573040180
   24.000000000   289.232082308
   25.000000000   288.870002758
   26.000000000   288.486333304
   27.000000000   288.081715551
   28.000000000   287.657778048
   29.000000000   287.216981739
   30.000000000   286.762444981
   31.000000000   286.297758240
   32.000000000   285.826760782
   33.000000000   285.353324049
   34.000000000   284.881152330
   35.000000000   284.413593145
   36.000000000   283.953480457
   37.000000000   283.503014671
   38.000000000   283.063685087
   39.000000000   282.636221179
   40.000000000   282.220580106
   41.000000000   281.815957923
   42.000000000   281.420827948
   43.000000000   281.033057185
   44.000000000   280.650024891
   45.000000000   280.268740214
   46.000000000   279.886028890
   47.000000000   279.498717021
   48.000000000   279.103783706
   49.000000000   278.698528151
   50.000000000   278.280736948
   51.000000000   277.848856663
   52.000000000   277.402149373
   53.000000000   276.940782575
   54.000000000   276.465912999
   55.000000000   275.979747673
   56.000000000   275.485569538
   57.000000000   274.987726828
   58.000000000   274.491585336
   59.000000000   274.003451180
   60.000000000   273.530431784
   61.000000000   273.080270404
   62.000000000   272.661155839
   63.000000000   272.281499826
   64.000000000   271.949708070
   65.000000000   271.673935098
   66.000000000   271.461835014
   67.000000000   271.320357662
   68.000000000   271.255539850
   69.000000000   271.272317532
   70.000000000   271.374392269
   71.000000000   271.564130205
   72.000000000   271.842524177
   73.000000000   272.209192951
   74.000000000   272.662386450
   75.000000000   273.199045087
   76.000000000   273.814898373
   77.000000000   274.504555257
   78.000000000   275.261613839
   79.000000000   276.078766833
   80.000000000   276.947906793
   81.000000000   277.860238478
   82.000000000   278.806368288
   83.000000000   279.776366551
   84.000000000   280.759833874
   85.000000000   281.745992126
   86.000000000   282.723792997
   87.000000000   283.682040203
   88.000000000   284.609537510
   89.000000000   285.495273477
   90.000000000   286.328637117
   91.000000000   287.099666707
   92.000000000   287.799329266
   93.000000000   288.419780876
   94.000000000   288.954613667
   95.000000000   289.399111133
   96.000000000   289.750470888
   97.000000000   290.007968222
   98.000000000   290.173017865
   99.000000000   290.249233532
  100.000000000   290.242437635
  101.000000000   290.160509294
  102.000000000   290.013199646
  103.000000000   289.811916709
  104.000000000   289.569447353
  105.000000000   289.299643351
  106.000000000   289.017082578
  107.000000000   288.736714385
  108.000000000   288.473499336
  109.000000000   288.242064440
  110.000000000   288.056350304
  111.000000000   287.929270710
  112.000000000   287.872406396
  113.000000000   287.895728546
  114.000000000   288.007337763
  115.000000000   288.213231520
  116.000000000   288.517129338
  117.000000000   288.920339415
  118.000000000   289.421683336
  119.000000000   290.017489103
  120.000000000   290.701669564
  121.000000000   291.465874373
  122.000000000   292.299697705
  123.000000000   293.190943724
  124.000000000   294.125977796
  125.000000000   295.090132259
  126.000000000   296.068121397
  127.000000000   297.044474966
  128.000000000   298.003987122
  129.000000000   298.932140835
  130.000000000   299.815500780
  131.000000000   300.642056719
  132.000000000   301.401490310
  133.000000000   302.085415807
  134.000000000   302.687531690
  135.000000000   303.203686790
  136.000000000   303.631901245
  137.000000000   303.972299417
  138.000000000   304.226970375
  139.000000000   304.399790916
  140.000000000   304.496182687
  141.000000000   304.522805200
  142.000000000   304.487241562
  143.000000000   304.397701539
  144.000000000   304.262687915
  145.000000000   304.090654514
  146.000000000   303.889706973
  147.000000000   303.667335704
  148.000000000   303.430194279
  149.000000000   303.183942220
  150.000000000   302.933167052
  151.000000000   302.681349694
  152.000000000   302.430885893
  153.000000000   302.183187757
  154.000000000   301.938829305
  155.000000000   301.697742585
  156.000000000   301.459461078
  157.000000000   301.223413644
  158.000000000   300.989221899
  159.000000000   300.756961936
  160.000000000   300.527427860
  161.000000000   300.302372873
  162.000000000   300.084691050
  163.000000000   299.878536666
  164.000000000   299.689370602
  165.000000000   299.523919096
  166.000000000   299.390062370
  167.000000000   299.296634109
  168.000000000   299.253107131
  169.000000000   299.269245695
  170.000000000   299.354702994
  171.000000000   299.518558257
  172.000000000   299.768857976
  173.000000000   300.112139247
  174.000000000   300.553007182
  175.000000000   301.093736580
  176.000000000   301.733948446
  177.000000000   302.470418067
  178.000000000   303.296991223
  179.000000000   304.204622716
  180.000000000   305.181529190
  181.000000000   306.213465069
  182.000000000   307.284104196
  183.000000000   308.375516481
  184.000000000   309.468727503
  185.000000000   310.544316429
  186.000000000   311.583034594
  187.000000000   312.566408383
  188.000000000   313.477299004
  189.000000000   314.300432120
  190.000000000   315.022838269
  191.000000000   315.634200859
  192.000000000   316.127109586
  193.000000000   316.497216265
  194.000000000   316.743273728
  195.000000000   316.867066966
  196.000000000   316.873243984
  197.000000000   316.769058955
  198.000000000   316.564046619
  199.000000000   316.269617115
  200.000000000   315.898595813
  201.000000000   315.464747640
  202.000000000   314.982314397
  203.000000000   314.465516330
  204.000000000   313.928084630
  205.000000000   313.382886557
  206.000000000   312.841586020
  207.000000000   312.314382094
  208.000000000   311.809840989
  209.000000000   311.334821316
  210.000000000   310.894502730
  211.000000000   310.492488786
  212.000000000   310.130961319
  213.000000000   309.810932660
  214.000000000   309.532542659
  215.000000000   309.295349129
  216.000000000   309.098623164
  217.000000000   308.941646689
  218.000000000   308.823977796
  219.000000000   308.745638126
  220.000000000   308.707216093
  221.000000000   308.709893181
  222.000000000   308.755422496
  223.000000000   308.846026217
  224.000000000   308.984221579
  225.000000000   309.172583914
  226.000000000   309.413447538
  227.000000000   309.708582361
  228.000000000   310.058900371
  229.000000000   310.464184899
  230.000000000   310.922825230
  231.000000000   311.431626909
  232.000000000   311.985714759
  233.000000000   312.578514746
  234.000000000   313.201839967
  235.000000000   313.846045422
  236.000000000   314.500265825
  237.000000000   315.152744250
  238.000000000   315.791218582
  239.000000000   316.403331823
  240.000000000   316.977052776
  241.000000000   317.501098173
  242.000000000   317.965327021
  243.000000000   318.361069650
  244.000000000   318.681370732
  245.000000000   318.921204000
  246.000000000   319.077604249
  247.000000000   319.149704290
  248.000000000   319.138680925
  249.000000000   319.047646756
  250.000000000   318.881524749
  251.000000000   318.646853648
  252.000000000   318.351536738
  253.000000000   318.004599535
  254.000000000   317.615965984
  255.000000000   317.196212604
  256.000000000   316.756332215
  257.000000000   316.307499515
  258.000000000   315.860842336
  259.000000000   315.427266066
  260.000000000   315.017269615
  261.000000000   314.640736398
  262.000000000   314.306746635
  263.000000000   314.023398374
  264.000000000   313.797627096
  265.000000000   313.635016950
  266.000000000   313.539634228
  267.000000000   313.513872635
  268.000000000   313.558307249
  269.000000000   313.671601010
  270.000000000   313.850457325
  271.000000000   314.089610388
  272.000000000   314.381883798
  273.000000000   314.718339420
  274.000000000   315.088495728
  275.000000000   315.480574848
  276.000000000   315.881825639
  277.000000000   316.278900464
  278.000000000   316.658239341
  279.000000000   317.006474486
  280.000000000   317.310808620
  281.000000000   317.559391008
  282.000000000   317.741682408
  283.000000000   317.848752733
  284.000000000   317.873545798
  285.000000000   317.811069805
  286.000000000   317.658515150
  287.000000000   317.415332040
  288.000000000   317.083237153
  289.000000000   316.666143844
  290.000000000   316.169996575
  291.000000000   315.602622236
  292.000000000   314.973516841
  293.000000000   314.293566101
  294.000000000   313.574764451
  295.000000000   312.829882256
  296.000000000   312.072146318
  297.000000000   311.314932992
  298.000000000   310.571455662
  299.000000000   309.854465880
  300.000000000   309.175994522
  301.000000000   308.547136951
  302.000000000   307.977870492
  303.000000000   307.476857507
  304.000000000   307.051326522
  305.000000000   306.707017315
  306.000000000   306.448107984
  307.000000000   306.277217045
  308.000000000   306.195445237
  309.000000000   306.202433414
  310.000000000   306.296462651
  311.000000000   306.474557651
  312.000000000   306.732598586
  313.000000000   307.065468324
  314.000000000   307.467206148
  315.000000000   307.931147670
  316.000000000   308.450069479
  317.000000000   309.016329122
  318.000000000   309.621969953
  319.000000000   310.258809014
  320.000000000   310.918527264
  321.000000000   311.592728385
  322.000000000   312.272982542
  323.000000000   312.950851208
  324.000000000   313.617900772
  325.000000000   314.265758019
  326.000000000   314.886177589
  327.000000000   315.471105615
  328.000000000   316.012762236
  329.000000000   316.503763446
  330.000000000   316.937268103
  331.000000000   317.307107579
  332.000000000   317.607926472
  333.000000000   317.835350471
  334.000000000   317.986121469
  335.000000000   318.058210031
  336.000000000   318.050898925
  337.000000000   317.964808049
  338.000000000   317.801881530
  339.000000000   317.565335643
  340.000000000   317.259597103
  341.000000000   316.890219313
  342.000000000   316.463771632
  343.000000000   315.987720196
  344.000000000   315.470327734
  345.000000000   314.920566835
  346.000000000   314.348057823
  347.000000000   313.763035322
  348.000000000   313.176234086
  349.000000000   312.598812180
  350.000000000   312.042302431
  351.000000000   311.518464978
  352.000000000   311.039101620
  353.000000000   310.615808076
  354.000000000   310.259685802
  355.000000000   309.981025172
  356.000000000   309.788934302
  357.000000000   309.690954772
  358.000000000   309.692688749
  359.000000000   309.797489393
  360.000000000   310.006212228
  361.000000000   310.317047415
  362.000000000   310.725466889
  363.000000000   311.224269907
  364.000000000   311.803734930
  365.000000000   312.451861514
  366.000000000   313.154708415
  367.000000000   313.896790069
  368.000000000   314.661517678
  369.000000000   315.431672836
  370.000000000   316.189870598
  371.000000000   316.919006581
  372.000000000   317.602679406
  373.000000000   318.225562896
  374.000000000   318.773745512
  375.000000000   319.235018029
  376.000000000   319.599073180
  377.000000000   319.857635636
  378.000000000   320.004562569
  379.000000000   320.035884448
  380.000000000   319.949780934
  381.000000000   319.746531959
  382.000000000   319.428406218
  383.000000000   318.999492484
  384.000000000   318.465531308
  385.000000000   317.833733705
  386.000000000   317.112570600
  387.000000000   316.311551683
  388.000000000   315.441010485
  389.000000000   314.511896577
  390.000000000   313.535576550
  391.000000000   312.523648605
  392.000000000   311.487776241
  393.000000000   310.439545573
  394.000000000   309.390353600
  395.000000000   308.351311998
  396.000000000   307.333127253
  397.000000000   306.346016035
  398.000000000   305.399645891
  399.000000000   304.503082124
  400.000000000   303.664745717
  401.000000000   302.892372088
  402.000000000   302.192974622
  403.000000000   301.572809269
  404.000000000   301.037341839
  405.000000000   300.591207398
  406.000000000   300.238177630
  407.000000000   299.981108266
  408.000000000   299.821900370
  409.000000000   299.761472021
  410.000000000   299.799696696
  411.000000000   299.935354100
  412.000000000   300.166097340
  413.000000000   300.488419195
  414.000000000   300.897630337
  415.000000000   301.387857253
  416.000000000   301.952084746
  417.000000000   302.582221088
  418.000000000   303.269170194
  419.000000000   304.002934023
  420.000000000   304.772741336
  421.000000000   305.567209018
  422.000000000   306.374520138
  423.000000000   307.182605726
  424.000000000   307.979314265
  425.000000000   308.752588838
  426.000000000   309.490636855
  427.000000000   310.182089883
  428.000000000   310.816159228
  429.000000000   311.382769888
  430.000000000   311.872684100
  431.000000000   312.277659242
  432.000000000   312.590593286
  433.000000000   312.805636130
  434.000000000   312.918353979
  435.000000000   312.925899604
  436.000000000   312.827134918
  437.000000000   312.622758378
  438.000000000   312.315468608
  439.000000000   311.910094670
  440.000000000   311.413653357
  441.000000000   310.835355864
  442.000000000   310.186561122
  443.000000000   309.480676102
  444.000000000   308.732949670
  445.000000000   307.960150949
  446.000000000   307.180213520
  447.000000000   306.411794413
  448.000000000   305.673744790
  449.000000000   304.984547196
  450.000000000   304.361763311
  451.000000000   303.821487627
  452.000000000   303.377799808
  453.000000000   303.042313761
  454.000000000   302.823871181
  455.000000000   302.728315717
  456.000000000   302.758358890
  457.000000000   302.913548593
  458.000000000   303.190362515
  459.000000000   303.582416741
  460.000000000   304.080743527
  461.000000000   304.674130748
  462.000000000   305.349516099
  463.000000000   306.092405338
  464.000000000   306.887298663
  465.000000000   307.718122298
  466.000000000   308.568600119
  467.000000000   309.422628356
  468.000000000   310.264654741
  469.000000000   311.079982651
  470.000000000   311.855018920
  471.000000000   312.577479226
  472.000000000   313.236549412
  473.000000000   313.822966437
  474.000000000   314.329060760
  475.000000000   314.748791156
  476.000000000   315.077705880
  477.000000000   315.312873865
  478.000000000   315.452827216
  479.000000000   315.497491336
  480.000000000   315.448116181
  481.000000000   315.307187599
  482.000000000   315.078350975
  483.000000000   314.766368560
  484.000000000   314.377050766
  485.000000000   313.917201258
  486.000000000   313.394548409
  487.000000000   312.817653849
  488.000000000   312.195827257
  489.000000000   311.539033995
  490.000000000   310.857755352
  491.000000000   310.162819064
  492.000000000   309.465235337
  493.000000000   308.776024727
  494.000000000   308.105995437
  495.000000000   307.465521482
  496.000000000   306.864358582
  497.000000000   306.311442958
  498.000000000   305.814702255
  499.000000000   305.380849444
