    0.000000000    12.228263000
    1.000000000    12.228263000
    2.000000000    12.228263000
    3.000000000    12.228263000
    4.000000000    12.228263000
    5.000000000    12.228263000
    6.000000000    12.228263000
    7.000000000    12.228263000
    8.000000000    12.228263000
    9.000000000    12.228263000
   10.000000000    12.228263000
   11.000000000    12.228263000
   12.000000000    12.228263000
   13.000000000    12.228263000
   14.000000000    12.228263000
   15.000000000    12.228263000
   16.000000000    12.228263000
   17.000000000    12.228263000
   18.000000000    12.228263000
   19.000000000    12.228263000
   20.000000000    12.228263000
   21.000000000    12.228263000
   22.000000000    12.228263000
   23.000000000    12.228263000
   24.000000000    12.228263000
   25.000000000    12.228263000
   26.000000000    12.228263000
   27.000000000    12.228263000
   28.000000000    12.228263000
   29.000000000    12.228263000
   30.000000000    12.228263000
   31.000000000    12.228263000
   32.000000000    12.228263000
   33.000000000    12.228263000
   34.000000000    12.228263000
   35.000000000    12.228263000
   36.000000000    12.228263000
   37.000000000    12.228263000
   38.000000000    12.228263000
   39.000000000    12.228263000
   40.000000000    12.228263000
   41.000000000    12.228263000
   42.000000000    12.228263000
   43.000000000    12.228263000
   44.000000000    12.228263000
   45.000000000    12.228263000
   46.000000000    12.228263000
   47.000000000    12.228263000
   48.000000000    12.228263000
   49.000000000    12.228263000
   50.000000000    12.228263000
   51.000000000    12.228263000
   52.000000000    12.228263000
   53.000000000    12.228263000
   54.000000000    12.228263000
   55.000000000    12.228263000
   56.000000000    12.228263000
   57.000000000    12.228263000
   58.000000000    12.228263000
   59.000000000    12.228263000
   60.000000000    12.228263000
   61.000000000    12.228263000
   62.000000000    12.228263000
   63.000000000    12.228263000
   64.000000000    12.228263000
   65.000000000    12.228263000
   66.000000000    12.228263000
   67.000000000    12.228263000
   68.000000000    12.228263000
   69.000000000    12.228263000
   70.000000000    12.228263000
   71.000000000    12.228263000
   72.000000000    12.228263000
   73.000000000    12.228263000
   74.000000000    12.228263000
   75.000000000    12.228263000
   76.000000000    12.228263000
   77.000000000    12.228263000
   78.000000000    12.228263000
   79.000000000    12.228263000
   80.000000000    12.228263000
   81.000000000    12.228263000
   82.000000000    12.228263000
   83.000000000    12.228263000
   84.000000000    12.228263000
   85.000000000    12.228263000
   86.000000000    12.228263000
   87.000000000    12.228263000
   88.000000000    12.228263000
   89.000000000    12.228263000
   90.000000000    12.228263000
   91.000000000    12.228263000
   92.000000000    12.228263000
   93.000000000    12.228263000
   94.000000000    12.228263000
   95.000000000    12.228263000
   96.000000000    12.228263000
   97.000000000    12.228263000
   98.000000000    12.228263000
   99.000000000    12.228263000
  100.000000000    12.228263000
  101.000000000    12.228263000
  102.000000000    12.228263000
  103.000000000    12.228263000
  104.000000000    12.228263000
  105.000000000    12.228263000
  106.000000000    12.228263000
  107.000000000    12.228263000
  108.000000000    12.228263000
  109.000000000    12.228263000
  110.000000000    12.228263000
  111.000000000    12.228263000
  112.000000000    12.228263000
  113.000000000    12.228263000
  114.000000000    12.228263000
  115.000000000    12.228263000
  116.000000000    12.228263000
  117.000000000    12.228263000
  118.000000000    12.228263000
  119.000000000    12.228263000
  120.000000000    12.228263000
  121.000000000    12.228263000
  122.000000000    12.228263000
  123.000000000    12.228263000
  124.000000000    12.228263000
  125.000000000    12.228263000
  126.000000000    12.228263000
  127.000000000    12.228263000
  128.000000000    12.228263000
  129.000000000    12.228263000
  130.000000000    12.228263000
  131.000000000    12.228263000
  132.000000000    12.228263000
  133.000000000    12.228263000
  134.000000000    12.228263000
  135.000000000    12.228263000
  136.000000000    12.228263000
  137.000000000    12.228263000
  138.000000000    12.228263000
  139.000000000    12.228263000
  140.000000000    12.228263000
  141.000000000    12.228263000
  142.000000000    12.228263000
  143.000000000    12.228263000
  144.000000000    12.228263000
  145.000000000    12.228263000
  146.000000000    12.228263000
  147.000000000    12.228263000
  148.000000000    12.228263000
  149.000000000    12.228263000
  150.000000000    12.228263000
  151.000000000    12.228263000
  152.000000000    12.228263000
  153.000000000    12.228263000
  154.000000000    12.228263000
  155.000000000    12.228263000
  156.000000000    12.228263000
  157.000000000    12.228263000
  158.000000000    12.228263000
  159.000000000    12.228263000
  160.000000000    12.228263000
  161.000000000    12.228263000
  162.000000000    12.228263000
  163.000000000    12.228263000
  164.000000000    12.228263000
  165.000000000    12.228263000
  166.000000000    12.228263000
  167.000000000    12.228263000
  168.000000000    12.228263000
  169.000000000    12.228263000
  170.000000000    12.228263000
  171.000000000    12.228263000
  172.000000000    12.228263000
  173.000000000    12.228263000
  174.000000000    12.228263000
  175.000000000    12.228263000
  176.000000000    12.228263000
  177.000000000    12.228263000
  178.000000000    12.228263000
  179.000000000    12.228263000
  180.000000000    12.228263000
  181.000000000    12.228263000
  182.000000000    12.228263000
  183.000000000    12.228263000
  184.000000000    12.228263000
  185.000000000    12.228263000
  186.000000000    12.228263000
  187.000000000    12.228263000
  188.000000000    12.228263000
  189.000000000    12.228263000
  190.000000000    12.228263000
  191.000000000    12.228263000
  192.000000000    12.228263000
  193.000000000    12.228263000
  194.000000000    12.228263000
  195.000000000    12.228263000
  196.000000000    12.228263000
  197.000000000    12.228263000
  198.000000000    12.228263000
  199.000000000    12.228263000
  200.000000000    12.228263000
  201.000000000    12.228263000
  202.000000000    12.228263000
  203.000000000    12.228263000
  204.000000000    12.228263000
  205.000000000    12.228263000
  206.000000000    12.228263000
  207.000000000    12.228263000
  208.000000000    12.228263000
  209.000000000    12.228263000
  210.000000000    12.228263000
  211.000000000    12.228263000
  212.000000000    12.228263000
  213.000000000    12.228263000
  214.000000000    12.228263000
  215.000000000    12.228263000
  216.000000000    12.228263000
  217.000000000    12.228263000
  218.000000000    12.228263000
  219.000000000    12.228263000
  220.000000000    12.228263000
  221.000000000    12.228263000
  222.000000000    12.228263000
  223.000000000    12.228263000
  224.000000000    12.228263000
  225.000000000    12.228263000
  226.000000000    12.228263000
  227.000000000    12.228263000
  228.000000000    12.228263000
  229.000000000    12.228263000
  230.000000000    12.228263000
  231.000000000    12.228263000
  232.000000000    12.228263000
  233.000000000    12.228263000
  234.000000000    12.228263000
  235.000000000    12.228263000
  236.000000000    12.228263000
  237.000000000    12.228263000
  238.000000000    12.228263000
  239.000000000    12.228263000
  240.000000000    12.228263000
  241.000000000    12.228263000
  242.000000000    12.228263000
  243.000000000    12.228263000
  244.000000000    12.228263000
  245.000000000    12.228263000
  246.000000000    12.228263000
  247.000000000    12.228263000
  248.000000000    12.228263000
  249.000000000    12.228263000
  250.000000000    12.228263000
  251.000000000    12.228263000
  252.000000000    12.228263000
  253.000000000    12.228263000
  254.000000000    12.228263000
  255.000000000    12.228263000
  256.000000000    12.228263000
  257.000000000    12.228263000
  258.000000000    12.228263000
  259.000000000    12.228263000
  260.000000000    12.228263000
  261.000000000    12.228263000
  262.000000000    12.228263000
  263.000000000    12.228263000
  264.000000000    12.228263000
  265.000000000    12.228263000
  266.000000000    12.228263000
  267.000000000    12.228263000
  268.000000000    12.228263000
  269.000000000    12.228263000
  270.000000000    12.228263000
  271.000000000    12.228263000
  272.000000000    12.228263000
  273.000000000    12.228263000
  274.000000000    12.228263000
  275.000000000    12.228263000
  276.000000000    12.228263000
  277.000000000    12.228263000
  278.000000000    12.228263000
  279.000000000    12.228263000
  280.000000000    12.228263000
  281.000000000    12.228263000
  282.000000000    12.228263000
  283.000000000    12.228263000
  284.000000000    12.228263000
  285.000000000    12.228263000
  286.000000000    12.228263000
  287.000000000    12.228263000
  288.000000000    12.228263000
  289.000000000    12.228263000
  290.000000000    12.228263000
  291.000000000    12.228263000
  292.000000000    12.228263000
  293.000000000    12.228263000
  294.000000000    12.228263000
  295.000000000    12.228263000
  296.000000000    12.228263000
  297.000000000    12.228263000
  298.000000000    12.228263000
  299.000000000    12.228263000
  300.000000000    12.228263000
  301.000000000    12.228263000
  302.000000000    12.228263000
  303.000000000    12.228263000
  304.000000000    12.228263000
  305.000000000    12.228263000
  306.000000000    12.228263000
  307.000000000    12.228263000
  308.000000000    12.228263000
  309.000000000    12.228263000
  310.000000000    12.228263000
  311.000000000    12.228263000
  312.000000000    12.228263000
  313.000000000    12.228263000
  314.000000000    12.228263000
  315.000000000    12.228263000
  316.000000000    12.228263000
  317.000000000    12.228263000
  318.000000000    12.228263000
  319.000000000    12.228263000
  320.000000000    12.228263000
  321.000000000    12.228263000
  322.000000000    12.228263000
  323.000000000    12.228263000
  324.000000000    12.228263000
  325.000000000    12.228263000
  326.000000000    12.228263000
  327.000000000    12.228263000
  328.000000000    12.228263000
  329.000000000    12.228263000
  330.000000000    12.228263000
  331.000000000    12.228263000
  332.000000000    12.228263000
  333.000000000    12.228263000
  334.000000000    12.228263000
  335.000000000    12.228263000
  336.000000000    12.228263000
  337.000000000    12.228263000
  338.000000000    12.228263000
  339.000000000    12.228263000
  340.000000000    12.228263000
  341.000000000    12.228263000
  342.000000000    12.228263000
  343.000000000    12.228263000
  344.000000000    12.228263000
  345.000000000    12.228263000
  346.000000000    12.228263000
  347.000000000    12.228263000
  348.000000000    12.228263000
  349.000000000    12.228263000
  350.000000000    12.228263000
  351.000000000    12.228263000
  352.000000000    12.228263000
  353.000000000    12.228263000
  354.000000000    12.228263000
  355.000000000    12.228263000
  356.000000000    12.228263000
  357.000000000    12.228263000
  358.000000000    12.228263000
  359.000000000    12.228263000
  360.000000000    12.228263000
  361.000000000    12.228263000
  362.000000000    12.228263000
  363.000000000    12.228263000
  364.000000000    12.228263000
  365.000000000    12.228263000
  366.000000000    12.228263000
  367.000000000    12.228263000
  368.000000000    12.228263000
  369.000000000    12.228263000
  370.000000000    12.228263000
  371.000000000    12.228263000
  372.000000000    12.228263000
  373.000000000    12.228263000
  374.000000000    12.228263000
  375.000000000    12.228263000
  376.000000000    12.228263000
  377.000000000    12.228263000
  378.000000000    12.228263000
  379.000000000    12.228263000
  380.000000000    12.228263000
  381.000000000    12.228263000
  382.000000000    12.228263000
  383.000000000    12.228263000
  384.000000000    12.228263000
  385.000000000    12.228263000
  386.000000000    12.228263000
  387.000000000    12.228263000
  388.000000000    12.228263000
  389.000000000    12.228263000
  390.000000000    12.228263000
  391.000000000    12.228263000
  392.000000000    12.228263000
  393.000000000    12.228263000
  394.000000000    12.228263000
  395.000000000    12.228263000
  396.000000000    12.228263000
  397.000000000    12.228263000
  398.000000000    12.228263000
  399.000000000    12.228263000
  400.000000000    12.228263000
  401.000000000    12.228263000
  402.000000000    12.228263000
  403.000000000    12.228263000
  404.000000000    12.228263000
  405.000000000    12.228263000
  406.000000000    12.228263000
  407.000000000    12.228263000
  408.000000000    12.228263000
  409.000000000    12.228263000
  410.000000000    12.228263000
  411.000000000    12.228263000
  412.000000000    12.228263000
  413.000000000    12.228263000
  414.000000000    12.228263000
  415.000000000    12.228263000
  416.000000000    12.228263000
  417.000000000    12.228263000
  418.000000000    12.228263000
  419.000000000    12.228263000
  420.000000000    12.228263000
  421.000000000    12.228263000
  422.000000000    12.228263000
  423.000000000    12.228263000
  424.000000000    12.228263000
  425.000000000    12.228263000
  426.000000000    12.228263000
  427.000000000    12.228263000
  428.000000000    12.228263000
  429.000000000    12.228263000
  430.000000000    12.228263000
  431.000000000    12.228263000
  432.000000000    12.228263000
  433.000000000    12.228263000
  434.000000000    12.228263000
  435.000000000    12.228263000
  436.000000000    12.228263000
  437.000000000    12.228263000
  438.000000000    12.228263000
  439.000000000    12.228263000
  440.000000000    12.228263000
  441.000000000    12.228263000
  442.000000000    12.228263000
  443.000000000    12.228263000
  444.000000000    12.228263000
  445.000000000    12.228263000
  446.000000000    12.228263000
  447.000000000    12.228263000
  448.000000000    12.228263000
  449.000000000    12.228263000
  450.000000000    12.228263000
  451.000000000    12.228263000
  452.000000000    12.228263000
  453.000000000    12.228263000
  454.000000000    12.228263000
  455.000000000    12.228263000
  456.000000000    12.228263000
  457.000000000    12.228263000
  458.000000000    12.228263000
  459.000000000    12.228263000
  460.000000000    12.228263000
  461.000000000    12.228263000
  462.000000000    12.228263000
  463.000000000    12.228263000
  464.000000000    12.228263000
  465.000000000    12.228263000
  466.000000000    12.228263000
  467.000000000    12.228263000
  468.000000000    12.228263000
  469.000000000    12.228263000
  470.000000000    12.228263000
  471.000000000    12.228263000
  472.000000000    12.228263000
  473.000000000    12.228263000
  474.000000000    12.228263000
  475.000000000    12.228263000
  476.000000000    12.228263000
  477.000000000    12.228263000
  478.000000000    12.228263000
  479.000000000    12.228263000
  480.000000000    12.228263000
  481.000000000    12.228263000
  482.000000000    12.228263000
  483.000000000    12.228263000
  484.000000000    12.228263000
  485.000000000    12.228263000
  486.000000000    12.228263000
  487.000000000    12.228263000
  488.000000000    12.228263000
  489.000000000    12.228263000
  490.000000000    12.228263000
  491.000000000    12.228263000
  492.000000000    12.228263000
  493.000000000    12.228263000
  494.000000000    12.228263000
  495.000000000    12.228263000
  496.000000000    12.228263000
  497.000000000    12.228263000
  498.000000000    12.228263000
  499.000000000    12.228263000
