    0.000000000     2.138135815
    1.000000000     2.169130276
    2.000000000     2.195552931
    3.000000000     2.217282514
    4.000000000     2.234232990
    5.000000000     2.246344753
    6.000000000     2.253565504
    7.000000000     2.255843191
    8.000000000     2.253160065
    9.000000000     2.245540992
   10.000000000     2.232996880
   11.000000000     2.215565625
   12.000000000     2.193280586
   13.000000000     2.166226489
   14.000000000     2.134538885
   15.000000000     2.098333703
   16.000000000     2.057751945
   17.000000000     2.012915770
   18.000000000     1.964024239
   19.000000000     1.911326831
   20.000000000     1.855001961
   21.000000000     1.795283233
   22.000000000     1.732435358
   23.000000000     1.666730097
   24.000000000     1.598447464
   25.000000000     1.527883555
   26.000000000     1.455372586
   27.000000000     1.381239758
   28.000000000     1.305838445
   29.000000000     1.229509935
   30.000000000     1.152539556
   31.000000000     1.075348935
   32.000000000     0.998265281
   33.000000000     0.921635452
   34.000000000     0.845812703
   35.000000000     0.771123592
   36.000000000     0.697887592
   37.000000000     0.626461212
   38.000000000     0.557190077
   39.000000000     0.490357312
   40.000000000     0.426311099
   41.000000000     0.365270460
   42.000000000     0.307496225
   43.000000000     0.253265800
   44.000000000     0.202740203
   45.000000000     0.156124990
   46.000000000     0.113587834
   47.000000000     0.075314433
   48.000000000     0.041435916
   49.000000000     0.012068414
   50.000000000    -0.012702510
   51.000000000    -0.032823401
   52.000000000    -0.048259236
   53.000000000    -0.058965618
   54.000000000    -0.064957869
   55.000000000    -0.066240995
   56.000000000    -0.062817784
   57.000000000    -0.054783823
   58.000000000    -0.042248247
   59.000000000    -0.025315177
   60.000000000    -0.004105942
   61.000000000     0.021281114
   62.000000000     0.050743082
   63.000000000     0.084082051
   64.000000000     0.121063781
   65.000000000     0.161523154
   66.000000000     0.205266141
   67.000000000     0.252058757
   68.000000000     0.301691899
   69.000000000     0.353916858
   70.000000000     0.408501942
   71.000000000     0.465198372
   72.000000000     0.523788113
   73.000000000     0.584155322
   74.000000000     0.645964610
   75.000000000     0.708915290
   76.000000000     0.772762343
   77.000000000     0.837277002
   78.000000000     0.902230857
   79.000000000     0.967413606
   80.000000000     1.032619936
   81.000000000     1.097590395
   82.000000000     1.162072003
   83.000000000     1.225860835
   84.000000000     1.288699035
   85.000000000     1.350366391
   86.000000000     1.410674160
   87.000000000     1.469386707
   88.000000000     1.526285023
   89.000000000     1.581228548
   90.000000000     1.633975699
   91.000000000     1.684295574
   92.000000000     1.731994721
   93.000000000     1.776928584
   94.000000000     1.818918019
   95.000000000     1.857816900
   96.000000000     1.893456935
   97.000000000     1.925654741
   98.000000000     1.954323209
   99.000000000     1.979324197
  100.000000000     2.000525783
  101.000000000     2.017818307
  102.000000000     2.031102479
  103.000000000     2.040374012
  104.000000000     2.045492841
  105.000000000     2.046424951
  106.000000000     2.043186049
  107.000000000     2.035762620
  108.000000000     2.024109821
  109.000000000     2.008245605
  110.000000000     1.988215999
  111.000000000     1.964096341
  112.000000000     1.935948494
  113.000000000     1.903886240
  114.000000000     1.868079741
  115.000000000     1.828687816
  116.000000000     1.785845291
  117.000000000     1.739702927
  118.000000000     1.690472516
  119.000000000     1.638395783
  120.000000000     1.583685932
  121.000000000     1.526606358
  122.000000000     1.467461959
  123.000000000     1.406503960
  124.000000000     1.343987407
  125.000000000     1.280237507
  126.000000000     1.215561208
  127.000000000     1.150292170
  128.000000000     1.084711862
  129.000000000     1.019166818
  130.000000000     0.953974462
  131.000000000     0.889414602
  132.000000000     0.825812370
  133.000000000     0.763468749
  134.000000000     0.702687772
  135.000000000     0.643763043
  136.000000000     0.586956584
  137.000000000     0.532560316
  138.000000000     0.480794825
  139.000000000     0.431914901
  140.000000000     0.386125721
  141.000000000     0.343659147
  142.000000000     0.304743064
  143.000000000     0.269499647
  144.000000000     0.238007967
  145.000000000     0.210373747
  146.000000000     0.186707319
  147.000000000     0.167090133
  148.000000000     0.151586302
  149.000000000     0.140209988
  150.000000000     0.132946275
  151.000000000     0.129811958
  152.000000000     0.130786966
  153.000000000     0.135795345
  154.000000000     0.144780141
  155.000000000     0.157633336
  156.000000000     0.174282001
  157.000000000     0.194602764
  158.000000000     0.218473913
  159.000000000     0.245728806
  160.000000000     0.276207359
  161.000000000     0.309768685
  162.000000000     0.346216629
  163.000000000     0.385335219
  164.000000000     0.426929219
  165.000000000     0.470772409
  166.000000000     0.516627426
  167.000000000     0.564262055
  168.000000000     0.613470259
  169.000000000     0.664011456
  170.000000000     0.715686595
  171.000000000     0.768247372
  172.000000000     0.821505903
  173.000000000     0.875202782
  174.000000000     0.929123136
  175.000000000     0.983020745
  176.000000000     1.036661647
  177.000000000     1.089835064
  178.000000000     1.142341086
  179.000000000     1.193990385
  180.000000000     1.244636853
  181.000000000     1.294116560
  182.000000000     1.342288373
  183.000000000     1.388979339
  184.000000000     1.434061187
  185.000000000     1.477399092
  186.000000000     1.518834052
  187.000000000     1.558252425
  188.000000000     1.595583252
  189.000000000     1.630694594
  190.000000000     1.663481136
  191.000000000     1.693852467
  192.000000000     1.721739046
  193.000000000     1.747099455
  194.000000000     1.769872980
  195.000000000     1.789995552
  196.000000000     1.807367787
  197.000000000     1.821953159
  198.000000000     1.833748212
  199.000000000     1.842659446
  200.000000000     1.848644342
  201.000000000     1.851685987
  202.000000000     1.851798958
  203.000000000     1.848972985
  204.000000000     1.843264334
  205.000000000     1.834612804
  206.000000000     1.823039787
  207.000000000     1.808625095
  208.000000000     1.791415101
  209.000000000     1.771471761
  210.000000000     1.748910369
  211.000000000     1.723812787
  212.000000000     1.696299682
  213.000000000     1.666525044
  214.000000000     1.634689321
  215.000000000     1.600924591
  216.000000000     1.565385567
  217.000000000     1.528240330
  218.000000000     1.489704904
  219.000000000     1.449966960
  220.000000000     1.409210152
  221.000000000     1.367684533
  222.000000000     1.325592402
  223.000000000     1.283149077
  224.000000000     1.240612342
  225.000000000     1.198236491
  226.000000000     1.156124764
  227.000000000     1.114520503
  228.000000000     1.073601673
  229.000000000     1.033584405
  230.000000000     0.994653540
  231.000000000     0.956995019
  232.000000000     0.920815372
  233.000000000     0.886306211
  234.000000000     0.853629890
  235.000000000     0.822946642
  236.000000000     0.794385950
  237.000000000     0.768096096
  238.000000000     0.744189111
  239.000000000     0.722802525
  240.000000000     0.703980116
  241.000000000     0.687809706
  242.000000000     0.674343091
  243.000000000     0.663621739
  244.000000000     0.655707567
  245.000000000     0.650573315
  246.000000000     0.648204784
  247.000000000     0.648582191
  248.000000000     0.651694712
  249.000000000     0.657491945
  250.000000000     0.665891093
  251.000000000     0.676846181
  252.000000000     0.690254821
  253.000000000     0.706066931
  254.000000000     0.724181483
  255.000000000     0.744446723
  256.000000000     0.766788225
  257.000000000     0.791079625
  258.000000000     0.817188867
  259.000000000     0.844985587
  260.000000000     0.874349999
  261.000000000     0.905108265
  262.000000000     0.937107445
  263.000000000     0.970206506
  264.000000000     1.004319565
  265.000000000     1.039230590
  266.000000000     1.074795505
  267.000000000     1.110929438
  268.000000000     1.147459578
  269.000000000     1.184250272
  270.000000000     1.221167922
  271.000000000     1.258017426
  272.000000000     1.294714412
  273.000000000     1.331123394
  274.000000000     1.367107752
  275.000000000     1.402573648
  276.000000000     1.437349640
  277.000000000     1.471327742
  278.000000000     1.504422349
  279.000000000     1.536532316
  280.000000000     1.567530372
  281.000000000     1.597312878
  282.000000000     1.625820108
  283.000000000     1.652965300
  284.000000000     1.678688899
  285.000000000     1.702838140
  286.000000000     1.725310973
  287.000000000     1.746003863
  288.000000000     1.764876645
  289.000000000     1.781908749
  290.000000000     1.796995864
  291.000000000     1.810099177
  292.000000000     1.821158026
  293.000000000     1.830128280
  294.000000000     1.836867894
  295.000000000     1.841339625
  296.000000000     1.843497538
  297.000000000     1.843353388
  298.000000000     1.840868367
  299.000000000     1.836076079
  300.000000000     1.829026022
  301.000000000     1.819698615
  302.000000000     1.808198359
  303.000000000     1.794499855
  304.000000000     1.778747959
  305.000000000     1.760966812
  306.000000000     1.741193695
  307.000000000     1.719536883
  308.000000000     1.696089880
  309.000000000     1.671007557
  310.000000000     1.644394752
  311.000000000     1.616405464
  312.000000000     1.587204679
  313.000000000     1.556969519
  314.000000000     1.525871186
  315.000000000     1.494085516
  316.000000000     1.461823432
  317.000000000     1.429250584
  318.000000000     1.396545058
  319.000000000     1.363888439
  320.000000000     1.331447313
  321.000000000     1.299377415
  322.000000000     1.267885707
  323.000000000     1.237175052
  324.000000000     1.207445847
  325.000000000     1.178815887
  326.000000000     1.151444235
  327.000000000     1.125495987
  328.000000000     1.101092868
  329.000000000     1.078379399
  330.000000000     1.057501592
  331.000000000     1.038583367
  332.000000000     1.021729744
  333.000000000     1.007084697
  334.000000000     0.994707060
  335.000000000     0.984625548
  336.000000000     0.976855778
  337.000000000     0.971413140
  338.000000000     0.968328602
  339.000000000     0.967583615
  340.000000000     0.969119689
  341.000000000     0.972888667
  342.000000000     0.978838468
  343.000000000     0.986980407
  344.000000000     0.997240680
  345.000000000     1.009560875
  346.000000000     1.023830323
  347.000000000     1.040010711
  348.000000000     1.057953179
  349.000000000     1.077519178
  350.000000000     1.098589183
  351.000000000     1.121081528
  352.000000000     1.144907427
  353.000000000     1.169953699
  354.000000000     1.196130751
  355.000000000     1.223266295
  356.000000000     1.251292574
  357.000000000     1.280083795
  358.000000000     1.309471979
  359.000000000     1.339357791
  360.000000000     1.369653649
  361.000000000     1.400160170
  362.000000000     1.430759750
  363.000000000     1.461342393
  364.000000000     1.491807397
  365.000000000     1.522003892
  366.000000000     1.551829394
  367.000000000     1.581197065
  368.000000000     1.609939002
  369.000000000     1.637955175
  370.000000000     1.665150799
  371.000000000     1.691402492
  372.000000000     1.716644395
  373.000000000     1.740778025
  374.000000000     1.763685585
  375.000000000     1.785350928
  376.000000000     1.805680335
  377.000000000     1.824506963
  378.000000000     1.841751824
  379.000000000     1.857364378
  380.000000000     1.871282745
  381.000000000     1.883418926
  382.000000000     1.893687937
  383.000000000     1.902030189
  384.000000000     1.908423056
  385.000000000     1.912838983
  386.000000000     1.915238520
  387.000000000     1.915612929
  388.000000000     1.913961678
  389.000000000     1.910305667
  390.000000000     1.904657889
  391.000000000     1.897032082
  392.000000000     1.887503487
  393.000000000     1.876121040
  394.000000000     1.862982023
  395.000000000     1.848183225
  396.000000000     1.831749217
  397.000000000     1.813787712
  398.000000000     1.794449089
  399.000000000     1.773796804
  400.000000000     1.751968013
  401.000000000     1.729140609
  402.000000000     1.705406725
  403.000000000     1.680920889
  404.000000000     1.655839588
  405.000000000     1.630319494
  406.000000000     1.604510996
  407.000000000     1.578579206
  408.000000000     1.552722796
  409.000000000     1.527058683
  410.000000000     1.501717522
  411.000000000     1.476879092
  412.000000000     1.452663260
  413.000000000     1.429204001
  414.000000000     1.406647542
  415.000000000     1.385137337
  416.000000000     1.364816393
  417.000000000     1.345793560
  418.000000000     1.328167756
  419.000000000     1.312058118
  420.000000000     1.297545929
  421.000000000     1.284705791
  422.000000000     1.273631746
  423.000000000     1.264384549
  424.000000000     1.257007050
  425.000000000     1.251565265
  426.000000000     1.248072104
  427.000000000     1.246575798
  428.000000000     1.247115651
  429.000000000     1.249686549
  430.000000000     1.254294143
  431.000000000     1.260869689
  432.000000000     1.269368709
  433.000000000     1.279759827
  434.000000000     1.292021472
  435.000000000     1.306130963
  436.000000000     1.322019001
  437.000000000     1.339587630
  438.000000000     1.358794250
  439.000000000     1.379562516
  440.000000000     1.401754098
  441.000000000     1.425329726
  442.000000000     1.450172476
  443.000000000     1.476194864
  444.000000000     1.503357826
  445.000000000     1.531571416
  446.000000000     1.560710200
  447.000000000     1.590596580
  448.000000000     1.621075484
  449.000000000     1.652114629
  450.000000000     1.683577814
  451.000000000     1.715347890
  452.000000000     1.747298484
  453.000000000     1.779357464
  454.000000000     1.811373653
  455.000000000     1.843190294
  456.000000000     1.874702505
  457.000000000     1.905805219
  458.000000000     1.936369581
  459.000000000     1.966264856
  460.000000000     1.995394807
  461.000000000     2.023710739
  462.000000000     2.051125061
  463.000000000     2.077478368
  464.000000000     2.102681024
  465.000000000     2.126647700
  466.000000000     2.149245586
  467.000000000     2.170421024
  468.000000000     2.190104575
  469.000000000     2.208187725
  470.000000000     2.224574406
  471.000000000     2.239211864
  472.000000000     2.251986002
  473.000000000     2.262816605
  474.000000000     2.271626806
  475.000000000     2.278426873
  476.000000000     2.283119498
  477.000000000     2.285654238
  478.000000000     2.286010359
  479.000000000     2.284172265
  480.000000000     2.280081467
  481.000000000     2.273773938
  482.000000000     2.265201301
  483.000000000     2.254343925
  484.000000000     2.241201693
  485.000000000     2.225875147
  486.000000000     2.208377110
  487.000000000     2.188732824
  488.000000000     2.166939489
  489.000000000     2.143043227
  490.000000000     2.117089297
  491.000000000     2.089140249
  492.000000000     2.059298818
  493.000000000     2.027659757
  494.000000000     1.994349155
  495.000000000     1.959441659
  496.000000000     1.923055727
  497.000000000     1.885297297
  498.000000000     1.846296098
  499.000000000     1.806205918
