    0.000000000   300.000000000
    1.000000000   299.626992509
    2.000000000   298.996370612
    3.000000000   298.112346282
    4.000000000   296.981674999
    5.000000000   295.613560509
    6.000000000   294.019520293
    7.000000000   292.213209874
    8.000000000   290.210216940
    9.000000000   288.027828423
   10.000000000   285.684769527
   11.000000000   283.200917024
   12.000000000   280.596993980
   13.000000000   277.894252032
   14.000000000   275.114151899
   15.000000000   272.278033999
   16.000000000   269.406786503
   17.000000000   266.520538744
   18.000000000   263.638378077
   19.000000000   260.778081745
   20.000000000   257.955875609
   21.000000000   255.186231872
   22.000000000   252.481705626
   23.000000000   249.852814881
   24.000000000   247.307966810
   25.000000000   244.853426061
   26.000000000   242.493329590
   27.000000000   240.229742273
   28.000000000   238.062745723
   29.000000000   235.990562030
   30.000000000   234.009714692
   31.000000000   232.115216147
   32.000000000   230.300769379
   33.000000000   228.558980298
   34.000000000   226.881576725
   35.000000000   225.259630752
   36.000000000   223.683776451
   37.000000000   222.144419943
   38.000000000   220.631940654
   39.000000000   219.136879046
   40.000000000   217.650108212
   41.000000000   216.162990255
   42.000000000   214.667514047
   43.000000000   213.156417300
   44.000000000   211.623283859
   45.000000000   210.062629489
   46.000000000   208.469976040
   47.000000000   206.841901535
   48.000000000   205.176070709
   49.000000000   203.471263470
   50.000000000   201.727391553
   51.000000000   199.945490954
   52.000000000   198.127706679
   53.000000000   196.277264380
   54.000000000   194.398432046
   55.000000000   192.496471753
   56.000000000   190.577581380
   57.000000000   188.648824976
   58.000000000   186.718059471
   59.000000000   184.793855395
   60.000000000   182.885405523
   61.000000000   181.002427586
   62.000000000   179.155063212
   63.000000000   177.353773595
   64.000000000   175.609229632
   65.000000000   173.932198558
   66.000000000   172.333429014
   67.000000000   170.823532191
   68.000000000   169.412868400
   69.000000000   168.111435459
   70.000000000   166.928582665
   71.000000000   165.871430708
   72.000000000   164.945760550
   73.000000000   164.158416333
   74.000000000   163.517368380
   75.000000000   163.030842541
   76.000000000   162.705403239
   77.000000000   162.545492430
   78.000000000   162.554145935
   79.000000000   162.732649013
   80.000000000   163.080224359
   81.000000000   163.593993675
   82.000000000   164.269146907
   83.000000000   165.099200177
   84.000000000   166.076221322
   85.000000000   167.190943502
   86.000000000   168.432758638
   87.000000000   169.789655802
   88.000000000   171.248214291
   89.000000000   172.793672308
   90.000000000   174.408885512
   91.000000000   176.074027089
   92.000000000   177.768246675
   93.000000000   179.470841088
   94.000000000   181.161899963
   95.000000000   182.822769637
   96.000000000   184.436336846
   97.000000000   185.987153869
   98.000000000   187.461480878
   99.000000000   188.847092006
  100.000000000   190.132125814
  101.000000000   191.304994550
  102.000000000   192.355494998
  103.000000000   193.275093106
  104.000000000   194.057026323
  105.000000000   194.696376629
  106.000000000   195.190118407
  107.000000000   195.537136262
  108.000000000   195.738212572
  109.000000000   195.795990636
  110.000000000   195.714913018
  111.000000000   195.501126736
  112.000000000   195.162365568
  113.000000000   194.707808708
  114.000000000   194.147906359
  115.000000000   193.494197883
  116.000000000   192.759111716
  117.000000000   191.955740090
  118.000000000   191.097609889
  119.000000000   190.198442491
  120.000000000   189.271901254
  121.000000000   188.331340638
  122.000000000   187.389563036
  123.000000000   186.458582968
  124.000000000   185.549406102
  125.000000000   184.671830251
  126.000000000   183.834270748
  127.000000000   183.043615087
  128.000000000   182.305116103
  129.000000000   181.622316375
  130.000000000   180.997011771
  131.000000000   180.429260799
  132.000000000   179.917435380
  133.000000000   179.458312490
  134.000000000   179.047195973
  135.000000000   178.678062966
  136.000000000   178.343743458
  137.000000000   178.036136622
  138.000000000   177.746438897
  139.000000000   177.465370932
  140.000000000   177.183408864
  141.000000000   176.891016422
  142.000000000   176.578869111
  143.000000000   176.238064470
  144.000000000   175.860312697
  145.000000000   175.438106581
  146.000000000   174.964870247
  147.000000000   174.435080072
  148.000000000   173.844348586
  149.000000000   173.189482696
  150.000000000   172.468520084
  151.000000000   171.680729099
  152.000000000   170.826584294
  153.000000000   169.907714383
  154.000000000   168.926841212
  155.000000000   167.887700806
  156.000000000   166.794932355
  157.000000000   165.653964505
  158.000000000   164.470894367
  159.000000000   163.252360403
  160.000000000   162.005416502
  161.000000000   160.737407266
  162.000000000   159.455850647
  163.000000000   158.168323473
  164.000000000   156.882265688
  165.000000000   155.604914198
  166.000000000   154.343376182
  167.000000000   153.104610065
  168.000000000   151.895381429
  169.000000000   150.722238343
  170.000000000   149.591499456
  171.000000000   148.509250264
  172.000000000   147.481349461
  173.000000000   146.513439179
  174.000000000   145.610956462
  175.000000000   144.779147547
  176.000000000   144.023081148
  177.000000000   143.347656860
  178.000000000   142.757563872
  179.000000000   142.256005752
  180.000000000   141.844474635
  181.000000000   141.524469807
  182.000000000   141.298322075
  183.000000000   141.169333402
  184.000000000   141.141850855
  185.000000000   141.221192437
  186.000000000   141.413358635
  187.000000000   141.724491539
  188.000000000   142.160121774
  189.000000000   142.724309484
  190.000000000   143.418838113
  191.000000000   144.242625243
  192.000000000   145.191479647
  193.000000000   146.258255857
  194.000000000   147.433360693
  195.000000000   148.705476971
  196.000000000   150.062344094
  197.000000000   151.491452072
  198.000000000   152.980535385
  199.000000000   154.517826851
  200.000000000   156.092099274
  201.000000000   157.692563567
  202.000000000   159.308705232
  203.000000000   160.930078470
  204.000000000   162.546079458
  205.000000000   164.145759669
  206.000000000   165.717476332
  207.000000000   167.249314919
  208.000000000   168.729904417
  209.000000000   170.148641800
  210.000000000   171.495863495
  211.000000000   172.762995611
  212.000000000   173.942684192
  213.000000000   175.028903494
  214.000000000   176.017042459
  215.000000000   176.903957472
  216.000000000   177.687994835
  217.000000000   178.368990794
  218.000000000   178.948243849
  219.000000000   179.428458293
  220.000000000   179.813660033
  221.000000000   180.109087391
  222.000000000   180.321059723
  223.000000000   180.456824328
  224.000000000   180.524384002
  225.000000000   180.532316576
  226.000000000   180.489579883
  227.000000000   180.405308603
  228.000000000   180.288613159
  229.000000000   180.148381999
  230.000000000   179.993096062
  231.000000000   179.830655259
  232.000000000   179.668223368
  233.000000000   179.512096773
  234.000000000   179.367600552
  235.000000000   179.239014565
  236.000000000   179.129525735
  237.000000000   179.041215028
  238.000000000   178.975077498
  239.000000000   178.927408948
  240.000000000   178.887724891
  241.000000000   178.844852242
  242.000000000   178.792325737
  243.000000000   178.729901539
  244.000000000   178.664296382
  245.000000000   178.608470653
  246.000000000   178.579111383
  247.000000000   178.592576889
  248.000000000   178.660227059
  249.000000000   178.784488137
  250.000000000   178.956932870
  251.000000000   179.159051988
  252.000000000   179.365491346
  253.000000000   179.548728707
  254.000000000   179.683812144
  255.000000000   179.751980649
  256.000000000   179.742569531
  257.000000000   179.653269678
  258.000000000   179.489308995
  259.000000000   179.259090739
  260.000000000   178.966093611
  261.000000000   178.609350242
  262.000000000   178.188541178
  263.000000000   177.704107873
  264.000000000   177.157236750
  265.000000000   176.549838341
  266.000000000   175.884523350
  267.000000000   175.164564220
  268.000000000   174.393855571
  269.000000000   173.576872317
  270.000000000   172.718624233
  271.000000000   171.824603161
  272.000000000   170.900728015
  273.000000000   169.953294201
  274.000000000   168.988920754
  275.000000000   168.014494462
  276.000000000   167.037113959
  277.000000000   166.064034310
  278.000000000   165.102617914
  279.000000000   164.160284226
  280.000000000   163.244445363
  281.000000000   162.362449042
  282.000000000   161.521534716
  283.000000000   160.728786135
  284.000000000   159.991084894
  285.000000000   159.315063615
  286.000000000   158.707057374
  287.000000000   158.173056744
  288.000000000   157.718659895
  289.000000000   157.349024799
  290.000000000   157.068821602
  291.000000000   156.882180785
  292.000000000   156.792634293
  293.000000000   156.803061748
  294.000000000   156.915645491
  295.000000000   157.131810022
  296.000000000   157.452159960
  297.000000000   157.876429913
  298.000000000   158.403433845
  299.000000000   159.031020103
  300.000000000   159.756035764
  301.000000000   160.574303583
  302.000000000   161.480610444
  303.000000000   162.468712451
  304.000000000   163.531360439
  305.000000000   164.660339409
  306.000000000   165.846541677
  307.000000000   167.080065293
  308.000000000   168.350321199
  309.000000000   169.646165296
  310.000000000   170.956054047
  311.000000000   172.268217384
  312.000000000   173.570848305
  313.000000000   174.852300320
  314.000000000   176.101290477
  315.000000000   177.307100701
  316.000000000   178.459774364
  317.000000000   179.550309165
  318.000000000   180.570825084
  319.000000000   181.514729733
  320.000000000   182.376861433
  321.000000000   183.153587496
  322.000000000   183.842878934
  323.000000000   184.444358494
  324.000000000   184.959313611
  325.000000000   185.390670942
  326.000000000   185.742937797
  327.000000000   186.022108878
  328.000000000   186.235540158
  329.000000000   186.391791692
  330.000000000   186.500441300
  331.000000000   186.571875828
  332.000000000   186.617070796
  333.000000000   186.647343026
  334.000000000   186.674088517
  335.000000000   186.708528406
  336.000000000   186.761458914
  337.000000000   186.843006978
  338.000000000   186.962396006
  339.000000000   187.127737330
  340.000000000   187.345847965
  341.000000000   187.622098949
  342.000000000   187.960302359
  343.000000000   188.362632367
  344.000000000   188.829582736
  345.000000000   189.359965869
  346.000000000   189.950949588
  347.000000000   190.598130528
  348.000000000   191.295646443
  349.000000000   192.036317740
  350.000000000   192.811811296
  351.000000000   193.612822597
  352.000000000   194.429285844
  353.000000000   195.250594027
  354.000000000   196.065814354
  355.000000000   196.863909522
  356.000000000   197.633953979
  357.000000000   198.365344553
  358.000000000   199.047999423
  359.000000000   199.672536993
  360.000000000   200.230428917
  361.000000000   200.714144430
  362.000000000   201.117274262
  363.000000000   201.434616934
  364.000000000   201.662243088
  365.000000000   201.797536697
  366.000000000   201.839210284
  367.000000000   201.787293048
  368.000000000   201.643105537
  369.000000000   201.409210542
  370.000000000   201.089337245
  371.000000000   200.688292285
  372.000000000   200.211853816
  373.000000000   199.666655848
  374.000000000   199.060065848
  375.000000000   198.400048052
  376.000000000   197.695022197
  377.000000000   196.953727029
  378.000000000   196.185082768
  379.000000000   195.398048659
  380.000000000   194.601485351
  381.000000000   193.804035245
  382.000000000   193.014011155
  383.000000000   192.239286329
  384.000000000   191.487189563
  385.000000000   190.764419459
  386.000000000   190.076976894
  387.000000000   189.430107001
  388.000000000   188.828253555
  389.000000000   188.275028553
  390.000000000   187.773197497
  391.000000000   187.324677126
  392.000000000   186.930546677
  393.000000000   186.591068845
  394.000000000   186.305723733
  395.000000000   186.073256562
  396.000000000   185.891733257
  397.000000000   185.758604957
  398.000000000   185.670778981
  399.000000000   185.624694935
  400.000000000   185.616405874
  401.000000000   185.641661090
  402.000000000   185.695988953
  403.000000000   185.774778776
  404.000000000   185.873367102
  405.000000000   185.987106126
  406.000000000   186.111425967
  407.000000000   186.241904787
  408.000000000   186.374319595
  409.000000000   186.504691483
  410.000000000   186.629327670
  411.000000000   186.744852777
  412.000000000   186.848232462
  413.000000000   186.936794620
  414.000000000   187.008234294
  415.000000000   187.060615491
  416.000000000   187.092381560
  417.000000000   187.102354098
  418.000000000   187.089727574
  419.000000000   187.054087989
  420.000000000   186.995423703
  421.000000000   186.914118480
  422.000000000   186.810957958
  423.000000000   186.687137028
  424.000000000   186.544266998
  425.000000000   186.384372795
  426.000000000   186.209903872
  427.000000000   186.023741118
  428.000000000   185.829181053
  429.000000000   185.629918739
  430.000000000   185.430019646
  431.000000000   185.233886406
  432.000000000   185.046212669
  433.000000000   184.871921835
  434.000000000   184.716095137
  435.000000000   184.583889328
  436.000000000   184.480447904
  437.000000000   184.410802789
  438.000000000   184.379774179
  439.000000000   184.391871111
  440.000000000   184.451186161
  441.000000000   184.561295726
  442.000000000   184.725173641
  443.000000000   184.945108800
  444.000000000   185.222637383
  445.000000000   185.558498669
  446.000000000   185.952603347
  447.000000000   186.404012939
  448.000000000   186.910942394
  449.000000000   187.470786186
  450.000000000   188.080162036
  451.000000000   188.734973858
  452.000000000   189.430472545
  453.000000000   190.161355337
  454.000000000   190.921881653
  455.000000000   191.705971098
  456.000000000   192.507319565
  457.000000000   193.319519024
  458.000000000   194.136179785
  459.000000000   194.951050285
  460.000000000   195.758136382
  461.000000000   196.551812808
  462.000000000   197.326923006
  463.000000000   198.078864772
  464.000000000   198.803674325
  465.000000000   199.498100016
  466.000000000   200.159649145
  467.000000000   200.786628325
  468.000000000   201.378163812
  469.000000000   201.934195764
  470.000000000   202.455463543
  471.000000000   202.943478120
  472.000000000   203.400478187
  473.000000000   203.829374328
  474.000000000   204.233675576
  475.000000000   204.617400722
  476.000000000   204.984986609
  477.000000000   205.341189274
  478.000000000   205.690974639
  479.000000000   206.039407039
  480.000000000   206.391536836
  481.000000000   206.752289282
  482.000000000   207.126355895
  483.000000000   207.518091863
  484.000000000   207.931421268
  485.000000000   208.369749884
  486.000000000   208.835888615
  487.000000000   209.331988602
  488.000000000   209.859489261
  489.000000000   210.419080209
  490.000000000   211.010674117
  491.000000000   211.633396003
  492.000000000   212.285587177
  493.000000000   212.964821716
  494.000000000   213.667937359
  495.000000000   214.391084534
  496.000000000   215.129797455
  497.000000000   215.879058268
  498.000000000   216.633364585
  499.000000000   217.386826807
