    0.000000000   113.568862905
    1.000000000   113.427656116
    2.000000000   113.188926077
    3.000000000   112.854267284
    4.000000000   112.426237111
    5.000000000   111.908319754
    6.000000000   111.304875305
    7.000000000   110.621073237
    8.000000000   109.862814471
    9.000000000   109.036643196
   10.000000000   108.149648081
   11.000000000   107.209353734
   12.000000000   106.223605136
   13.000000000   105.200447371
   14.000000000   104.148004668
   15.000000000   103.074355717
   16.000000000   101.987408007
   17.000000000   100.894781753
   18.000000000    99.803702721
   19.000000000    98.720900715
   20.000000000    97.652518242
   21.000000000    96.604033943
   22.000000000    95.580200708
   23.000000000    94.585000265
   24.000000000    93.621615260
   25.000000000    92.692417254
   26.000000000    91.798972345
   27.000000000    90.942062220
   28.000000000    90.121717773
   29.000000000    89.337265953
   30.000000000    88.587390688
   31.000000000    87.870203869
   32.000000000    87.183321682
   33.000000000    86.523944997
   34.000000000    85.888942276
   35.000000000    85.274933743
   36.000000000    84.678373806
   37.000000000    84.095630579
   38.000000000    83.523062069
   39.000000000    82.957087246
   40.000000000    82.394251003
   41.000000000    81.831283352
   42.000000000    81.265151577
   43.000000000    80.693106445
   44.000000000    80.112719040
   45.000000000    79.521913233
   46.000000000    78.918993762
   47.000000000    78.302665195
   48.000000000    77.672043486
   49.000000000    77.026666754
   50.000000000    76.366501585
   51.000000000    75.691940169
   52.000000000    75.003794525
   53.000000000    74.303285766
   54.000000000    73.592029593
   55.000000000    72.872018034
   56.000000000    72.145597375
   57.000000000    71.415441803
   58.000000000    70.684525660
   59.000000000    69.956093430
   60.000000000    69.233625157
   61.000000000    68.520799613
   62.000000000    67.821456042
   63.000000000    67.139554664
   64.000000000    66.479135083
   65.000000000    65.844273376
   66.000000000    65.239038579
   67.000000000    64.667447694
   68.000000000    64.133422752
   69.000000000    63.640748555
   70.000000000    63.192964399
   71.000000000    62.792765913
   72.000000000    62.442341555
   73.000000000    62.144282264
   74.000000000    61.901605307
   75.000000000    61.717424686
   76.000000000    61.594225448
   77.000000000    61.533689152
   78.000000000    61.536965048
   79.000000000    61.604539686
   80.000000000    61.736118809
   81.000000000    61.930612799
   82.000000000    62.186200749
   83.000000000    62.500428102
   84.000000000    62.870292037
   85.000000000    63.292284472
   86.000000000    63.762389581
   87.000000000    64.276060475
   88.000000000    64.828216572
   89.000000000    65.413269604
   90.000000000    66.024729360
   91.000000000    66.655090145
   92.000000000    67.296458785
   93.000000000    67.940997823
   94.000000000    68.581169935
   95.000000000    69.209913536
   96.000000000    69.820750180
   97.000000000    70.407831933
   98.000000000    70.965957406
   99.000000000    71.490498340
  100.000000000    71.976964435
  101.000000000    72.420968997
  102.000000000    72.818649468
  103.000000000    73.166775173
  104.000000000    73.462786061
  105.000000000    73.704820352
  106.000000000    73.891732659
  107.000000000    74.023100736
  108.000000000    74.099220763
  109.000000000    74.121093393
  110.000000000    74.090400417
  111.000000000    74.009468867
  112.000000000    73.881226465
  113.000000000    73.709148112
  114.000000000    73.497189868
  115.000000000    73.249720108
  116.000000000    72.971443774
  117.000000000    72.667317101
  118.000000000    72.342460863
  119.000000000    72.002069467
  120.000000000    71.651315351
  121.000000000    71.295254019
  122.000000000    70.938731981
  123.000000000    70.586297488
  124.000000000    70.242116879
  125.000000000    69.909899241
  126.000000000    69.592830306
  127.000000000    69.293517425
  128.000000000    69.013949125
  129.000000000    68.755466496
  130.000000000    68.518749387
  131.000000000    68.303819946
  132.000000000    68.110061843
  133.000000000    67.936254961
  134.000000000    67.780621510
  135.000000000    67.640881457
  136.000000000    67.514320503
  137.000000000    67.397871974
  138.000000000    67.288203170
  139.000000000    67.181801273
  140.000000000    67.075060901
  141.000000000    66.964371977
  142.000000000    66.846204593
  143.000000000    66.717188608
  144.000000000    66.574185810
  145.000000000    66.414354249
  146.000000000    66.235204541
  147.000000000    66.034645648
  148.000000000    65.811016638
  149.000000000    65.563108723
  150.000000000    65.290179043
  151.000000000    64.991950622
  152.000000000    64.668603107
  153.000000000    64.320753071
  154.000000000    63.949430902
  155.000000000    63.556050921
  156.000000000    63.142369353
  157.000000000    62.710441282
  158.000000000    62.262574848
  159.000000000    61.801283125
  160.000000000    61.329236455
  161.000000000    60.849215232
  162.000000000    60.364065472
  163.000000000    59.876655481
  164.000000000    59.389801747
  165.000000000    58.906243893
  166.000000000    58.428672433
  167.000000000    57.959721569
  168.000000000    57.501952498
  169.000000000    57.057844077
  170.000000000    56.629788311
  171.000000000    56.220088944
  172.000000000    55.830963860
  173.000000000    55.464548960
  174.000000000    55.122902506
  175.000000000    54.808010531
  176.000000000    54.521791860
  177.000000000    54.266101299
  178.000000000    54.042714000
  179.000000000    53.852842715
  180.000000000    53.697052312
  181.000000000    53.575910364
  182.000000000    53.490299228
  183.000000000    53.441468905
  184.000000000    53.431065033
  185.000000000    53.461100810
  186.000000000    53.533847799
  187.000000000    53.651631166
  188.000000000    53.816544601
  189.000000000    54.030125123
  190.000000000    54.293047879
  191.000000000    54.604903104
  192.000000000    54.964104157
  193.000000000    55.367946027
  194.000000000    55.812797094
  195.000000000    56.294373091
  196.000000000    56.808032612
  197.000000000    57.349039839
  198.000000000    57.912751501
  199.000000000    58.494712980
  200.000000000    59.090674077
  201.000000000    59.696550443
  202.000000000    60.308361680
  203.000000000    60.922153397
  204.000000000    61.533911379
  205.000000000    62.139490921
  206.000000000    62.734484502
  207.000000000    63.314381723
  208.000000000    63.874877942
  209.000000000    64.411959247
  210.000000000    64.921967367
  211.000000000    65.401656545
  212.000000000    65.848242848
  213.000000000    66.259445151
  214.000000000    66.633517880
  215.000000000    66.969270978
  216.000000000    67.266078417
  217.000000000    67.523878207
  218.000000000    67.743161909
  219.000000000    67.924953271
  220.000000000    68.070776349
  221.000000000    68.182614179
  222.000000000    68.262859035
  223.000000000    68.314254475
  224.000000000    68.339830059
  225.000000000    68.342833037
  226.000000000    68.326654512
  227.000000000    68.294752534
  228.000000000    68.250575970
  229.000000000    68.197489659
  230.000000000    68.138704168
  231.000000000    68.077210111
  232.000000000    68.015719427
  233.000000000    67.956615694
  234.000000000    67.901914789
  235.000000000    67.853236908
  236.000000000    67.811788502
  237.000000000    67.778357346
  238.000000000    67.753320132
  239.000000000    67.735274589
  240.000000000    67.720251678
  241.000000000    67.704021685
  242.000000000    67.684137100
  243.000000000    67.660505616
  244.000000000    67.635669939
  245.000000000    67.614536391
  246.000000000    67.603422061
  247.000000000    67.608519602
  248.000000000    67.634129445
  249.000000000    67.681170076
  250.000000000    67.746451250
  251.000000000    67.822966045
  252.000000000    67.901116322
  253.000000000    67.970483184
  254.000000000    68.021620759
  255.000000000    68.047426824
  256.000000000    68.043864124
  257.000000000    68.010058515
  258.000000000    67.947989087
  259.000000000    67.860837002
  260.000000000    67.749919167
  261.000000000    67.614869371
  262.000000000    67.455566681
  263.000000000    67.272178216
  264.000000000    67.065153110
  265.000000000    66.835214621
  266.000000000    66.583351065
  267.000000000    66.310801266
  268.000000000    66.019039583
  269.000000000    65.709760052
  270.000000000    65.384859189
  271.000000000    65.046416000
  272.000000000    64.696671168
  273.000000000    64.338007898
  274.000000000    63.972931912
  275.000000000    63.604050292
  276.000000000    63.234050318
  277.000000000    62.865678487
  278.000000000    62.501721931
  279.000000000    62.144989379
  280.000000000    61.798286785
  281.000000000    61.464395721
  282.000000000    61.146056775
  283.000000000    60.845951592
  284.000000000    60.566685288
  285.000000000    60.310768728
  286.000000000    60.080600137
  287.000000000    59.878447322
  288.000000000    59.706429544
  289.000000000    59.566499419
  290.000000000    59.460424891
  291.000000000    59.389769606
  292.000000000    59.355870628
  293.000000000    59.359818076
  294.000000000    59.402438102
  295.000000000    59.484269968
  296.000000000    59.605542562
  297.000000000    59.766155416
  298.000000000    59.965659540
  299.000000000    60.203240399
  300.000000000    60.477704413
  301.000000000    60.787470232
  302.000000000    61.130564365
  303.000000000    61.504623102
  304.000000000    61.906902181
  305.000000000    62.334291708
  306.000000000    62.783343850
  307.000000000    63.250310098
  308.000000000    63.731181827
  309.000000000    64.221740296
  310.000000000    64.717615549
  311.000000000    65.214351877
  312.000000000    65.707479585
  313.000000000    66.192589746
  314.000000000    66.665411052
  315.000000000    67.121886039
  316.000000000    67.558245496
  317.000000000    67.971081487
  318.000000000    68.357410929
  319.000000000    68.714738187
  320.000000000    69.041109244
  321.000000000    69.335148896
  322.000000000    69.596089046
  323.000000000    69.823786878
  324.000000000    70.018729768
  325.000000000    70.182025640
  326.000000000    70.315380794
  327.000000000    70.421064602
  328.000000000    70.501861761
  329.000000000    70.561012791
  330.000000000    70.602143499
  331.000000000    70.629185959
  332.000000000    70.646295097
  333.000000000    70.657755039
  334.000000000    70.667879889
  335.000000000    70.680917552
  336.000000000    70.700955078
  337.000000000    70.731826147
  338.000000000    70.777022401
  339.000000000    70.839614488
  340.000000000    70.922183078
  341.000000000    71.026761445
  342.000000000    71.154792701
  343.000000000    71.307099906
  344.000000000    71.483869980
  345.000000000    71.684653345
  346.000000000    71.908377842
  347.000000000    72.153376520
  348.000000000    72.417430151
  349.000000000    72.697820807
  350.000000000    72.991393878
  351.000000000    73.294627021
  352.000000000    73.603709696
  353.000000000    73.914626484
  354.000000000    74.223238636
  355.000000000    74.525367838
  356.000000000    74.816878083
  357.000000000    75.093755402
  358.000000000    75.352183193
  359.000000000    75.588609932
  360.000000000    75.799807104
  361.000000000    75.982923840
  362.000000000    76.135533828
  363.000000000    76.255667983
  364.000000000    76.341838794
  365.000000000    76.393055932
  366.000000000    76.408832005
  367.000000000    76.389178067
  368.000000000    76.334594028
  369.000000000    76.246050066
  370.000000000    76.124957911
  371.000000000    75.973137177
  372.000000000    75.792775260
  373.000000000    75.586383549
  374.000000000    75.356751094
  375.000000000    75.106892859
  376.000000000    74.839996243
  377.000000000    74.559369412
  378.000000000    74.268389230
  379.000000000    73.970447334
  380.000000000    73.668898036
  381.000000000    73.367013031
  382.000000000    73.067939239
  383.000000000    72.774657180
  384.000000000    72.489941265
  385.000000000    72.216327336
  386.000000000    71.956087101
  387.000000000    71.711206173
  388.000000000    71.483366802
  389.000000000    71.273936354
  390.000000000    71.083961746
  391.000000000    70.914168584
  392.000000000    70.764965428
  393.000000000    70.636451723
  394.000000000    70.528430657
  395.000000000    70.440427216
  396.000000000    70.371709231
  397.000000000    70.321311799
  398.000000000    70.288064145
  399.000000000    70.270618436
  400.000000000    70.267480505
  401.000000000    70.277041193
  402.000000000    70.297607705
  403.000000000    70.327434607
  404.000000000    70.364756487
  405.000000000    70.407813859
  406.000000000    70.454876736
  407.000000000    70.504271173
  408.000000000    70.554398504
  409.000000000    70.603752461
  410.000000000    70.650935094
  411.000000000    70.694668611
  412.000000000    70.733804322
  413.000000000    70.767330667
  414.000000000    70.794375075
  415.000000000    70.814204652
  416.000000000    70.826230107
  417.000000000    70.830005339
  418.000000000    70.825225406
  419.000000000    70.811733582
  420.000000000    70.789525461
  421.000000000    70.758746322
  422.000000000    70.719693578
  423.000000000    70.672819571
  424.000000000    70.618734281
  425.000000000    70.558204272
  426.000000000    70.492156815
  427.000000000    70.421682507
  428.000000000    70.348029289
  429.000000000    70.272595974
  430.000000000    70.196921599
  431.000000000    70.122672835
  432.000000000    70.051626526
  433.000000000    69.985646486
  434.000000000    69.926656283
  435.000000000    69.876608072
  436.000000000    69.837448989
  437.000000000    69.811083934
  438.000000000    69.799337654
  439.000000000    69.803917103
  440.000000000    69.826371579
  441.000000000    69.868054973
  442.000000000    69.930093068
  443.000000000    70.013352354
  444.000000000    70.118414373
  445.000000000    70.245558987
  446.000000000    70.394752388
  447.000000000    70.565639302
  448.000000000    70.757543974
  449.000000000    70.969480050
  450.000000000    71.200167125
  451.000000000    71.448054572
  452.000000000    71.711344555
  453.000000000    71.988029647
  454.000000000    72.275936677
  455.000000000    72.572763832
  456.000000000    72.876124613
  457.000000000    73.183593176
  458.000000000    73.492750623
  459.000000000    73.801230343
  460.000000000    74.106763178
  461.000000000    74.407219608
  462.000000000    74.700647555
  463.000000000    74.985304792
  464.000000000    75.259690781
  465.000000000    75.522574568
  466.000000000    75.773012510
  467.000000000    76.010363551
  468.000000000    76.234296927
  469.000000000    76.444789982
  470.000000000    76.642122611
  471.000000000    76.826866814
  472.000000000    76.999870073
  473.000000000    77.162234230
  474.000000000    77.315287673
  475.000000000    77.460551769
  476.000000000    77.599706139
  477.000000000    77.734551245
  478.000000000    77.866966999
  479.000000000    77.998870570
  480.000000000    78.132173839
  481.000000000    78.268741322
  482.000000000    78.410349056
  483.000000000    78.558645750
  484.000000000    78.715116919
  485.000000000    78.881051860
  486.000000000    79.057514679
  487.000000000    79.245319717
  488.000000000    79.445011884
  489.000000000    79.656852243
  490.000000000    79.880807734
  491.000000000    80.116547123
  492.000000000    80.363442490
  493.000000000    80.620575470
  494.000000000    80.886748950
  495.000000000    81.160505625
  496.000000000    81.440154913
  497.000000000    81.723797242
  498.000000000    82.009349611
  499.000000000    82.294582437
