    0.000000000     1.071373515
    1.000000000     1.071373515
    2.000000000     1.071373515
    3.000000000     1.071373515
    4.000000000     1.071373515
    5.000000000     1.071373515
    6.000000000     1.071373515
    7.000000000     1.071373515
    8.000000000     1.071373515
    9.000000000     1.071373515
   10.000000000     1.071373515
   11.000000000     1.071373515
   12.000000000     1.071373515
   13.000000000     1.071373515
   14.000000000     1.071373515
   15.000000000     1.071373515
   16.000000000     1.071373515
   17.000000000     1.071373515
   18.000000000     1.071373515
   19.000000000     1.071373515
   20.000000000     1.071373515
   21.000000000     1.071373515
   22.000000000     1.071373515
   23.000000000     1.071373515
   24.000000000     1.071373515
   25.000000000     1.071373515
   26.000000000     1.071373515
   27.000000000     1.071373515
   28.000000000     1.071373515
   29.000000000     1.071373515
   30.000000000     1.071373515
   31.000000000     1.071373515
   32.000000000     1.071373515
   33.000000000     1.071373515
   34.000000000     1.071373515
   35.000000000     1.071373515
   36.000000000     1.071373515
   37.000000000     1.071373515
   38.000000000     1.071373515
   39.000000000     1.071373515
   40.000000000     1.071373515
   41.000000000     1.071373515
   42.000000000     1.071373515
   43.000000000     1.071373515
   44.000000000     1.071373515
   45.000000000     1.071373515
   46.000000000     1.071373515
   47.000000000     1.071373515
   48.000000000     1.071373515
   49.000000000     1.071373515
   50.000000000     1.071373515
   51.000000000     1.071373515
   52.000000000     1.071373515
   53.000000000     1.071373515
   54.000000000     1.071373515
   55.000000000     1.071373515
   56.000000000     1.071373515
   57.000000000     1.071373515
   58.000000000     1.071373515
   59.000000000     1.071373515
   60.000000000     1.071373515
   61.000000000     1.071373515
   62.000000000     1.071373515
   63.000000000     1.071373515
   64.000000000     1.071373515
   65.000000000     1.071373515
   66.000000000     1.071373515
   67.000000000     1.071373515
   68.000000000     1.071373515
   69.000000000     1.071373515
   70.000000000     1.071373515
   71.000000000     1.071373515
   72.000000000     1.071373515
   73.000000000     1.071373515
   74.000000000     1.071373515
   75.000000000     1.071373515
   76.000000000     1.071373515
   77.000000000     1.071373515
   78.000000000     1.071373515
   79.000000000     1.071373515
   80.000000000     1.071373515
   81.000000000     1.071373515
   82.000000000     1.071373515
   83.000000000     1.071373515
   84.000000000     1.071373515
   85.000000000     1.071373515
   86.000000000     1.071373515
   87.000000000     1.071373515
   88.000000000     1.071373515
   89.000000000     1.071373515
   90.000000000     1.071373515
   91.000000000     1.071373515
   92.000000000     1.071373515
   93.000000000     1.071373515
   94.000000000     1.071373515
   95.000000000     1.071373515
   96.000000000     1.071373515
   97.000000000     1.071373515
   98.000000000     1.071373515
   99.000000000     1.071373515
  100.000000000     1.071373515
  101.000000000     1.071373515
  102.000000000     1.071373515
  103.000000000     1.071373515
  104.000000000     1.071373515
  105.000000000     1.071373515
  106.000000000     1.071373515
  107.000000000     1.071373515
  108.000000000     1.071373515
  109.000000000     1.071373515
  110.000000000     1.071373515
  111.000000000     1.071373515
  112.000000000     1.071373515
  113.000000000     1.071373515
  114.000000000     1.071373515
  115.000000000     1.071373515
  116.000000000     1.071373515
  117.000000000     1.071373515
  118.000000000     1.071373515
  119.000000000     1.071373515
  120.000000000     1.071373515
  121.000000000     1.071373515
  122.000000000     1.071373515
  123.000000000     1.071373515
  124.000000000     1.071373515
  125.000000000     1.071373515
  126.000000000     1.071373515
  127.000000000     1.071373515
  128.000000000     1.071373515
  129.000000000     1.071373515
  130.000000000     1.071373515
  131.000000000     1.071373515
  132.000000000     1.071373515
  133.000000000     1.071373515
  134.000000000     1.071373515
  135.000000000     1.071373515
  136.000000000     1.071373515
  137.000000000     1.071373515
  138.000000000     1.071373515
  139.000000000     1.071373515
  140.000000000     1.071373515
  141.000000000     1.071373515
  142.000000000     1.071373515
  143.000000000     1.071373515
  144.000000000     1.071373515
  145.000000000     1.071373515
  146.000000000     1.071373515
  147.000000000     1.071373515
  148.000000000     1.071373515
  149.000000000     1.071373515
  150.000000000     1.071373515
  151.000000000     1.071373515
  152.000000000     1.071373515
  153.000000000     1.071373515
  154.000000000     1.071373515
  155.000000000     1.071373515
  156.000000000     1.071373515
  157.000000000     1.071373515
  158.000000000     1.071373515
  159.000000000     1.071373515
  160.000000000     1.071373515
  161.000000000     1.071373515
  162.000000000     1.071373515
  163.000000000     1.071373515
  164.000000000     1.071373515
  165.000000000     1.071373515
  166.000000000     1.071373515
  167.000000000     1.071373515
  168.000000000     1.071373515
  169.000000000     1.071373515
  170.000000000     1.071373515
  171.000000000     1.071373515
  172.000000000     1.071373515
  173.000000000     1.071373515
  174.000000000     1.071373515
  175.000000000     1.071373515
  176.000000000     1.071373515
  177.000000000     1.071373515
  178.000000000     1.071373515
  179.000000000     1.071373515
  180.000000000     1.071373515
  181.000000000     1.071373515
  182.000000000     1.071373515
  183.000000000     1.071373515
  184.000000000     1.071373515
  185.000000000     1.071373515
  186.000000000     1.071373515
  187.000000000     1.071373515
  188.000000000     1.071373515
  189.000000000     1.071373515
  190.000000000     1.071373515
  191.000000000     1.071373515
  192.000000000     1.071373515
  193.000000000     1.071373515
  194.000000000     1.071373515
  195.000000000     1.071373515
  196.000000000     1.071373515
  197.000000000     1.071373515
  198.000000000     1.071373515
  199.000000000     1.071373515
  200.000000000     1.071373515
  201.000000000     1.071373515
  202.000000000     1.071373515
  203.000000000     1.071373515
  204.000000000     1.071373515
  205.000000000     1.071373515
  206.000000000     1.071373515
  207.000000000     1.071373515
  208.000000000     1.071373515
  209.000000000     1.071373515
  210.000000000     1.071373515
  211.000000000     1.071373515
  212.000000000     1.071373515
  213.000000000     1.071373515
  214.000000000     1.071373515
  215.000000000     1.071373515
  216.000000000     1.071373515
  217.000000000     1.071373515
  218.000000000     1.071373515
  219.000000000     1.071373515
  220.000000000     1.071373515
  221.000000000     1.071373515
  222.000000000     1.071373515
  223.000000000     1.071373515
  224.000000000     1.071373515
  225.000000000     1.071373515
  226.000000000     1.071373515
  227.000000000     1.071373515
  228.000000000     1.071373515
  229.000000000     1.071373515
  230.000000000     1.071373515
  231.000000000     1.071373515
  232.000000000     1.071373515
  233.000000000     1.071373515
  234.000000000     1.071373515
  235.000000000     1.071373515
  236.000000000     1.071373515
  237.000000000     1.071373515
  238.000000000     1.071373515
  239.000000000     1.071373515
  240.000000000     1.071373515
  241.000000000     1.071373515
  242.000000000     1.071373515
  243.000000000     1.071373515
  244.000000000     1.071373515
  245.000000000     1.071373515
  246.000000000     1.071373515
  247.000000000     1.071373515
  248.000000000     1.071373515
  249.000000000     1.071373515
  250.000000000     1.071373515
  251.000000000     1.071373515
  252.000000000     1.071373515
  253.000000000     1.071373515
  254.000000000     1.071373515
  255.000000000     1.071373515
  256.000000000     1.071373515
  257.000000000     1.071373515
  258.000000000     1.071373515
  259.000000000     1.071373515
  260.000000000     1.071373515
  261.000000000     1.071373515
  262.000000000     1.071373515
  263.000000000     1.071373515
  264.000000000     1.071373515
  265.000000000     1.071373515
  266.000000000     1.071373515
  267.000000000     1.071373515
  268.000000000     1.071373515
  269.000000000     1.071373515
  270.000000000     1.071373515
  271.000000000     1.071373515
  272.000000000     1.071373515
  273.000000000     1.071373515
  274.000000000     1.071373515
  275.000000000     1.071373515
  276.000000000     1.071373515
  277.000000000     1.071373515
  278.000000000     1.071373515
  279.000000000     1.071373515
  280.000000000     1.071373515
  281.000000000     1.071373515
  282.000000000     1.071373515
  283.000000000     1.071373515
  284.000000000     1.071373515
  285.000000000     1.071373515
  286.000000000     1.071373515
  287.000000000     1.071373515
  288.000000000     1.071373515
  289.000000000     1.071373515
  290.000000000     1.071373515
  291.000000000     1.071373515
  292.000000000     1.071373515
  293.000000000     1.071373515
  294.000000000     1.071373515
  295.000000000     1.071373515
  296.000000000     1.071373515
  297.000000000     1.071373515
  298.000000000     1.071373515
  299.000000000     1.071373515
  300.000000000     1.071373515
  301.000000000     1.071373515
  302.000000000     1.071373515
  303.000000000     1.071373515
  304.000000000     1.071373515
  305.000000000     1.071373515
  306.000000000     1.071373515
  307.000000000     1.071373515
  308.000000000     1.071373515
  309.000000000     1.071373515
  310.000000000     1.071373515
  311.000000000     1.071373515
  312.000000000     1.071373515
  313.000000000     1.071373515
  314.000000000     1.071373515
  315.000000000     1.071373515
  316.000000000     1.071373515
  317.000000000     1.071373515
  318.000000000     1.071373515
  319.000000000     1.071373515
  320.000000000     1.071373515
  321.000000000     1.071373515
  322.000000000     1.071373515
  323.000000000     1.071373515
  324.000000000     1.071373515
  325.000000000     1.071373515
  326.000000000     1.071373515
  327.000000000     1.071373515
  328.000000000     1.071373515
  329.000000000     1.071373515
  330.000000000     1.071373515
  331.000000000     1.071373515
  332.000000000     1.071373515
  333.000000000     1.071373515
  334.000000000     1.071373515
  335.000000000     1.071373515
  336.000000000     1.071373515
  337.000000000     1.071373515
  338.000000000     1.071373515
  339.000000000     1.071373515
  340.000000000     1.071373515
  341.000000000     1.071373515
  342.000000000     1.071373515
  343.000000000     1.071373515
  344.000000000     1.071373515
  345.000000000     1.071373515
  346.000000000     1.071373515
  347.000000000     1.071373515
  348.000000000     1.071373515
  349.000000000     1.071373515
  350.000000000     1.071373515
  351.000000000     1.071373515
  352.000000000     1.071373515
  353.000000000     1.071373515
  354.000000000     1.071373515
  355.000000000     1.071373515
  356.000000000     1.071373515
  357.000000000     1.071373515
  358.000000000     1.071373515
  359.000000000     1.071373515
  360.000000000     1.071373515
  361.000000000     1.071373515
  362.000000000     1.071373515
  363.000000000     1.071373515
  364.000000000     1.071373515
  365.000000000     1.071373515
  366.000000000     1.071373515
  367.000000000     1.071373515
  368.000000000     1.071373515
  369.000000000     1.071373515
  370.000000000     1.071373515
  371.000000000     1.071373515
  372.000000000     1.071373515
  373.000000000     1.071373515
  374.000000000     1.071373515
  375.000000000     1.071373515
  376.000000000     1.071373515
  377.000000000     1.071373515
  378.000000000     1.071373515
  379.000000000     1.071373515
  380.000000000     1.071373515
  381.000000000     1.071373515
  382.000000000     1.071373515
  383.000000000     1.071373515
  384.000000000     1.071373515
  385.000000000     1.071373515
  386.000000000     1.071373515
  387.000000000     1.071373515
  388.000000000     1.071373515
  389.000000000     1.071373515
  390.000000000     1.071373515
  391.000000000     1.071373515
  392.000000000     1.071373515
  393.000000000     1.071373515
  394.000000000     1.071373515
  395.000000000     1.071373515
  396.000000000     1.071373515
  397.000000000     1.071373515
  398.000000000     1.071373515
  399.000000000     1.071373515
  400.000000000     1.071373515
  401.000000000     1.071373515
  402.000000000     1.071373515
  403.000000000     1.071373515
  404.000000000     1.071373515
  405.000000000     1.071373515
  406.000000000     1.071373515
  407.000000000     1.071373515
  408.000000000     1.071373515
  409.000000000     1.071373515
  410.000000000     1.071373515
  411.000000000     1.071373515
  412.000000000     1.071373515
  413.000000000     1.071373515
  414.000000000     1.071373515
  415.000000000     1.071373515
  416.000000000     1.071373515
  417.000000000     1.071373515
  418.000000000     1.071373515
  419.000000000     1.071373515
  420.000000000     1.071373515
  421.000000000     1.071373515
  422.000000000     1.071373515
  423.000000000     1.071373515
  424.000000000     1.071373515
  425.000000000     1.071373515
  426.000000000     1.071373515
  427.000000000     1.071373515
  428.000000000     1.071373515
  429.000000000     1.071373515
  430.000000000     1.071373515
  431.000000000     1.071373515
  432.000000000     1.071373515
  433.000000000     1.071373515
  434.000000000     1.071373515
  435.000000000     1.071373515
  436.000000000     1.071373515
  437.000000000     1.071373515
  438.000000000     1.071373515
  439.000000000     1.071373515
  440.000000000     1.071373515
  441.000000000     1.071373515
  442.000000000     1.071373515
  443.000000000     1.071373515
  444.000000000     1.071373515
  445.000000000     1.071373515
  446.000000000     1.071373515
  447.000000000     1.071373515
  448.000000000     1.071373515
  449.000000000     1.071373515
  450.000000000     1.071373515
  451.000000000     1.071373515
  452.000000000     1.071373515
  453.000000000     1.071373515
  454.000000000     1.071373515
  455.000000000     1.071373515
  456.000000000     1.071373515
  457.000000000     1.071373515
  458.000000000     1.071373515
  459.000000000     1.071373515
  460.000000000     1.071373515
  461.000000000     1.071373515
  462.000000000     1.071373515
  463.000000000     1.071373515
  464.000000000     1.071373515
  465.000000000     1.071373515
  466.000000000     1.071373515
  467.000000000     1.071373515
  468.000000000     1.071373515
  469.000000000     1.071373515
  470.000000000     1.071373515
  471.000000000     1.071373515
  472.000000000     1.071373515
  473.000000000     1.071373515
  474.000000000     1.071373515
  475.000000000     1.071373515
  476.000000000     1.071373515
  477.000000000     1.071373515
  478.000000000     1.071373515
  479.000000000     1.071373515
  480.000000000     1.071373515
  481.000000000     1.071373515
  482.000000000     1.071373515
  483.000000000     1.071373515
  484.000000000     1.071373515
  485.000000000     1.071373515
  486.000000000     1.071373515
  487.000000000     1.071373515
  488.000000000     1.071373515
  489.000000000     1.071373515
  490.000000000     1.071373515
  491.000000000     1.071373515
  492.000000000     1.071373515
  493.000000000     1.071373515
  494.000000000     1.071373515
  495.000000000     1.071373515
  496.000000000     1.071373515
  497.000000000     1.071373515
  498.000000000     1.071373515
  499.000000000     1.071373515
