    0.000000000     1.437240852
    1.000000000     1.431917211
    2.000000000     1.426291794
    3.000000000     1.420390770
    4.000000000     1.414240448
    5.000000000     1.407854074
    6.000000000     1.401251224
    7.000000000     1.394450626
    8.000000000     1.387473261
    9.000000000     1.380334583
   10.000000000     1.373050674
   11.000000000     1.365640161
   12.000000000     1.358115024
   13.000000000     1.350486883
   14.000000000     1.342770276
   15.000000000     1.334976643
   16.000000000     1.327121963
   17.000000000     1.319228992
   18.000000000     1.311291342
   19.000000000     1.303318394
   20.000000000     1.295318208
   21.000000000     1.287301660
   22.000000000     1.279281497
   23.000000000     1.271267315
   24.000000000     1.263268156
   25.000000000     1.255295167
   26.000000000     1.247357739
   27.000000000     1.239467247
   28.000000000     1.231629323
   29.000000000     1.223860675
   30.000000000     1.216170422
   31.000000000     1.208559228
   32.000000000     1.201035537
   33.000000000     1.193605580
   34.000000000     1.186279374
   35.000000000     1.179064013
   36.000000000     1.171965833
   37.000000000     1.164992032
   38.000000000     1.158146023
   39.000000000     1.151434580
   40.000000000     1.144861617
   41.000000000     1.138428405
   42.000000000     1.132137814
   43.000000000     1.125990062
   44.000000000     1.119992830
   45.000000000     1.114144802
   46.000000000     1.108438763
   47.000000000     1.102873016
   48.000000000     1.097445846
   49.000000000     1.092154211
   50.000000000     1.086995897
   51.000000000     1.081969297
   52.000000000     1.077065420
   53.000000000     1.072279572
   54.000000000     1.067606741
   55.000000000     1.063041520
   56.000000000     1.058577420
   57.000000000     1.054208094
   58.000000000     1.049929980
   59.000000000     1.045734102
   60.000000000     1.041610320
   61.000000000     1.037549433
   62.000000000     1.033541010
   63.000000000     1.029576824
   64.000000000     1.025646244
   65.000000000     1.021737895
   66.000000000     1.017839625
   67.000000000     1.013958009
   68.000000000     1.010060406
   69.000000000     1.006139112
   70.000000000     1.002191923
   71.000000000     0.998263962
   72.000000000     0.994329844
   73.000000000     0.990341914
   74.000000000     0.986254272
   75.000000000     0.982102145
   76.000000000     0.978345997
   77.000000000     0.974937606
   78.000000000     0.971726208
   79.000000000     0.968560086
   80.000000000     0.965271814
   81.000000000     0.961691007
   82.000000000     0.957651759
   83.000000000     0.952999181
   84.000000000     0.947600866
   85.000000000     0.941356862
   86.000000000     0.934210909
   87.000000000     0.926155693
   88.000000000     0.917233599
   89.000000000     0.907530758
   90.000000000     0.897119647
   91.000000000     0.886137475
   92.000000000     0.874754354
   93.000000000     0.863130267
   94.000000000     0.851448438
   95.000000000     0.839841434
   96.000000000     0.828425080
   97.000000000     0.817301201
   98.000000000     0.806551224
   99.000000000     0.796164205
  100.000000000     0.785755170
  101.000000000     0.775294736
  102.000000000     0.764817764
  103.000000000     0.754338787
  104.000000000     0.743887004
  105.000000000     0.733486038
  106.000000000     0.723161772
  107.000000000     0.712938639
  108.000000000     0.702841906
  109.000000000     0.692893229
  110.000000000     0.683116076
  111.000000000     0.673525066
  112.000000000     0.664135869
  113.000000000     0.654961592
  114.000000000     0.646023299
  115.000000000     0.637323010
  116.000000000     0.628872566
  117.000000000     0.620688653
  118.000000000     0.612771615
  119.000000000     0.605126880
  120.000000000     0.597743316
  121.000000000     0.590620911
  122.000000000     0.583759782
  123.000000000     0.577159983
  124.000000000     0.570827212
  125.000000000     0.564749163
  126.000000000     0.558922847
  127.000000000     0.553345627
  128.000000000     0.548015284
  129.000000000     0.542929965
  130.000000000     0.538088733
  131.000000000     0.533491119
  132.000000000     0.529138885
  133.000000000     0.525034423
  134.000000000     0.521181227
  135.000000000     0.517579465
  136.000000000     0.514237589
  137.000000000     0.511154832
  138.000000000     0.508334088
  139.000000000     0.505780610
  140.000000000     0.503497985
  141.000000000     0.501492278
  142.000000000     0.499768162
  143.000000000     0.498332712
  144.000000000     0.497194328
  145.000000000     0.496356374
  146.000000000     0.495814786
  147.000000000     0.495574212
  148.000000000     0.495636044
  149.000000000     0.496001057
  150.000000000     0.496670884
  151.000000000     0.497643307
  152.000000000     0.498918168
  153.000000000     0.500507839
  154.000000000     0.502395596
  155.000000000     0.504576330
  156.000000000     0.507049222
  157.000000000     0.509807667
  158.000000000     0.512847510
  159.000000000     0.516166106
  160.000000000     0.519758010
  161.000000000     0.523617391
  162.000000000     0.527739611
  163.000000000     0.532120349
  164.000000000     0.536764816
  165.000000000     0.541666145
  166.000000000     0.546814555
  167.000000000     0.552207890
  168.000000000     0.557844704
  169.000000000     0.563710209
  170.000000000     0.569790976
  171.000000000     0.576077310
  172.000000000     0.582562805
  173.000000000     0.589232362
  174.000000000     0.596075686
  175.000000000     0.603068914
  176.000000000     0.610194263
  177.000000000     0.617429410
  178.000000000     0.624807472
  179.000000000     0.634103439
  180.000000000     0.645964869
  181.000000000     0.660041901
  182.000000000     0.675914440
  183.000000000     0.693078070
  184.000000000     0.710934718
  185.000000000     0.728812480
  186.000000000     0.745997213
  187.000000000     0.761778719
  188.000000000     0.775509002
  189.000000000     0.786659465
  190.000000000     0.794868934
  191.000000000     0.799981310
  192.000000000     0.802055909
  193.000000000     0.801357402
  194.000000000     0.798326038
  195.000000000     0.793504606
  196.000000000     0.787500360
  197.000000000     0.780921847
  198.000000000     0.774329011
  199.000000000     0.768197658
  200.000000000     0.762898384
  201.000000000     0.758691487
  202.000000000     0.755733931
  203.000000000     0.754101990
  204.000000000     0.753793616
  205.000000000     0.754433648
  206.000000000     0.754919935
  207.000000000     0.755210071
  208.000000000     0.755325767
  209.000000000     0.755303437
  210.000000000     0.755165636
  211.000000000     0.754940743
  212.000000000     0.754656173
  213.000000000     0.754337755
  214.000000000     0.754009287
  215.000000000     0.753691527
  216.000000000     0.753402377
  217.000000000     0.753158954
  218.000000000     0.752972309
  219.000000000     0.752851592
  220.000000000     0.752803025
  221.000000000     0.752831440
  222.000000000     0.752939178
  223.000000000     0.753127931
  224.000000000     0.753395167
  225.000000000     0.753731047
  226.000000000     0.754130477
  227.000000000     0.754588619
  228.000000000     0.755096996
  229.000000000     0.755646587
  230.000000000     0.756225220
  231.000000000     0.756824385
  232.000000000     0.757436155
  233.000000000     0.758053476
  234.000000000     0.758670534
  235.000000000     0.759282470
  236.000000000     0.759885603
  237.000000000     0.760479516
  238.000000000     0.761064550
  239.000000000     0.762253866
  240.000000000     0.764531725
  241.000000000     0.767740845
  242.000000000     0.771657170
  243.000000000     0.775997696
  244.000000000     0.780430239
  245.000000000     0.784594172
  246.000000000     0.788136453
  247.000000000     0.790755815
  248.000000000     0.792246063
  249.000000000     0.792529138
  250.000000000     0.791671180
  251.000000000     0.789866940
  252.000000000     0.787420583
  253.000000000     0.784704794
  254.000000000     0.782112370
  255.000000000     0.780017119
  256.000000000     0.778750888
  257.000000000     0.778578153
  258.000000000     0.779720903
  259.000000000     0.781876792
  260.000000000     0.784254088
  261.000000000     0.786843480
  262.000000000     0.789652503
  263.000000000     0.792688084
  264.000000000     0.795965342
  265.000000000     0.799484493
  266.000000000     0.803252675
  267.000000000     0.807276610
  268.000000000     0.811562391
  269.000000000     0.816115930
  270.000000000     0.820948464
  271.000000000     0.826059480
  272.000000000     0.831453997
  273.000000000     0.837136206
  274.000000000     0.843109485
  275.000000000     0.849376638
  276.000000000     0.855942492
  277.000000000     0.862807067
  278.000000000     0.869970678
  279.000000000     0.877438435
  280.000000000     0.885199863
  281.000000000     0.893251645
  282.000000000     0.901584658
  283.000000000     0.910189387
  284.000000000     0.919052768
  285.000000000     0.928161605
  286.000000000     0.937499733
  287.000000000     0.947049149
  288.000000000     0.956789225
  289.000000000     0.966696717
  290.000000000     0.976746770
  291.000000000     0.986911983
  292.000000000     0.997169917
  293.000000000     1.007488192
  294.000000000     1.017829546
  295.000000000     1.028162866
  296.000000000     1.038447638
  297.000000000     1.048648090
  298.000000000     1.058729563
  299.000000000     1.068661294
  300.000000000     1.078407269
  301.000000000     1.087936173
  302.000000000     1.097219306
  303.000000000     1.106230927
  304.000000000     1.114948293
  305.000000000     1.123356169
  306.000000000     1.131441732
  307.000000000     1.139190280
  308.000000000     1.146594049
  309.000000000     1.153650658
  310.000000000     1.160363067
  311.000000000     1.166737291
  312.000000000     1.172780023
  313.000000000     1.178503372
  314.000000000     1.183925645
  315.000000000     1.189059877
  316.000000000     1.193924792
  317.000000000     1.198543360
  318.000000000     1.202938771
  319.000000000     1.207120799
  320.000000000     1.211106484
  321.000000000     1.214914064
  322.000000000     1.218557563
  323.000000000     1.222048201
  324.000000000     1.225394875
  325.000000000     1.228603347
  326.000000000     1.231676048
  327.000000000     1.234611969
  328.000000000     1.237406655
  329.000000000     1.240052269
  330.000000000     1.242538746
  331.000000000     1.244853229
  332.000000000     1.246994249
  333.000000000     1.248931091
  334.000000000     1.250636742
  335.000000000     1.252088700
  336.000000000     1.253274011
  337.000000000     1.254160687
  338.000000000     1.254723767
  339.000000000     1.254940288
  340.000000000     1.254787915
  341.000000000     1.254248225
  342.000000000     1.253301158
  343.000000000     1.251930263
  344.000000000     1.250123322
  345.000000000     1.247869790
  346.000000000     1.245164388
  347.000000000     1.242008704
  348.000000000     1.238396520
  349.000000000     1.234334277
  350.000000000     1.229826588
  351.000000000     1.224893810
  352.000000000     1.219539017
  353.000000000     1.213780718
  354.000000000     1.207641869
  355.000000000     1.201150721
  356.000000000     1.194331575
  357.000000000     1.187208576
  358.000000000     1.179810534
  359.000000000     1.172169205
  360.000000000     1.164328675
  361.000000000     1.156314403
  362.000000000     1.148159377
  363.000000000     1.139899170
  364.000000000     1.131569838
  365.000000000     1.123207472
  366.000000000     1.114850844
  367.000000000     1.106544138
  368.000000000     1.098312040
  369.000000000     1.090189085
  370.000000000     1.082218800
  371.000000000     1.074426435
  372.000000000     1.066845292
  373.000000000     1.059511498
  374.000000000     1.052449140
  375.000000000     1.045687590
  376.000000000     1.039254879
  377.000000000     1.033182430
  378.000000000     1.027493818
  379.000000000     1.022212737
  380.000000000     1.017369128
  381.000000000     1.012970239
  382.000000000     1.009035853
  383.000000000     1.005580014
  384.000000000     1.002615001
  385.000000000     1.000152190
  386.000000000     0.998200909
  387.000000000     0.996767497
  388.000000000     0.995859315
  389.000000000     0.995475605
  390.000000000     0.995612300
  391.000000000     0.996266314
  392.000000000     0.997433618
  393.000000000     0.999097167
  394.000000000     1.001242546
  395.000000000     1.003851638
  396.000000000     1.006902164
  397.000000000     1.010370796
  398.000000000     1.014229211
  399.000000000     1.018445837
  400.000000000     1.022985145
  401.000000000     1.027808536
  402.000000000     1.032874529
  403.000000000     1.038138641
  404.000000000     1.043553931
  405.000000000     1.049069898
  406.000000000     1.054632264
  407.000000000     1.060192526
  408.000000000     1.065695930
  409.000000000     1.071087945
  410.000000000     1.076315122
  411.000000000     1.081326494
  412.000000000     1.086069160
  413.000000000     1.090509024
  414.000000000     1.094583637
  415.000000000     1.098248186
  416.000000000     1.101463315
  417.000000000     1.104196193
  418.000000000     1.106422484
  419.000000000     1.108104236
  420.000000000     1.109219000
  421.000000000     1.109748741
  422.000000000     1.109680340
  423.000000000     1.109005144
  424.000000000     1.107718530
  425.000000000     1.105839928
  426.000000000     1.103353308
  427.000000000     1.100262412
  428.000000000     1.096574771
  429.000000000     1.092299234
  430.000000000     1.087447085
  431.000000000     1.082029378
  432.000000000     1.076059099
  433.000000000     1.069556407
  434.000000000     1.062524180
  435.000000000     1.054973490
  436.000000000     1.046914629
  437.000000000     1.038362339
  438.000000000     1.029322511
  439.000000000     1.019812311
  440.000000000     1.009829502
  441.000000000     0.999380102
  442.000000000     0.988472028
  443.000000000     0.977108920
  444.000000000     0.965297467
  445.000000000     0.953055943
  446.000000000     0.940379399
  447.000000000     0.927272240
  448.000000000     0.913743637
  449.000000000     0.899803585
  450.000000000     0.885465019
  451.000000000     0.870744032
  452.000000000     0.855661291
  453.000000000     0.840233890
  454.000000000     0.824484759
  455.000000000     0.808440027
  456.000000000     0.792128589
  457.000000000     0.775581962
  458.000000000     0.758837040
  459.000000000     0.741934611
  460.000000000     0.724908244
  461.000000000     0.707799567
  462.000000000     0.690649579
  463.000000000     0.673504182
  464.000000000     0.656409339
  465.000000000     0.639409637
  466.000000000     0.622549794
  467.000000000     0.605881670
  468.000000000     0.589461959
  469.000000000     0.573328244
  470.000000000     0.557523874
  471.000000000     0.542096510
  472.000000000     0.527089827
  473.000000000     0.512546118
  474.000000000     0.498505715
  475.000000000     0.485008650
  476.000000000     0.472091907
  477.000000000     0.459790088
  478.000000000     0.448137538
  479.000000000     0.437165824
  480.000000000     0.426904136
  481.000000000     0.417381072
  482.000000000     0.408628048
  483.000000000     0.400659541
  484.000000000     0.393495539
  485.000000000     0.387153771
  486.000000000     0.381648886
  487.000000000     0.376993826
  488.000000000     0.373199007
  489.000000000     0.370271614
  490.000000000     0.368217859
  491.000000000     0.367041048
  492.000000000     0.366735532
  493.000000000     0.367301823
  494.000000000     0.368747568
  495.000000000     0.371046418
  496.000000000     0.374192294
  497.000000000     0.378163822
  498.000000000     0.382942513
  499.000000000     0.388503560
