    0.000000000     1.244074512
    1.000000000     1.240045190
    2.000000000     1.235580840
    3.000000000     1.230681274
    4.000000000     1.225344264
    5.000000000     1.219562781
    6.000000000     1.213331562
    7.000000000     1.206646735
    8.000000000     1.199507106
    9.000000000     1.191904992
   10.000000000     1.183831068
   11.000000000     1.175279823
   12.000000000     1.166243757
   13.000000000     1.156716646
   14.000000000     1.146699387
   15.000000000     1.136187840
   16.000000000     1.125186325
   17.000000000     1.113698147
   18.000000000     1.101716307
   19.000000000     1.089246464
   20.000000000     1.076296417
   21.000000000     1.062878428
   22.000000000     1.049011499
   23.000000000     1.034714984
   24.000000000     1.020010693
   25.000000000     1.004925987
   26.000000000     0.989487508
   27.000000000     0.973726687
   28.000000000     0.957674866
   29.000000000     0.941370963
   30.000000000     0.924850739
   31.000000000     0.908149827
   32.000000000     0.891305771
   33.000000000     0.874358419
   34.000000000     0.857349676
   35.000000000     0.840322341
   36.000000000     0.823316496
   37.000000000     0.806372642
   38.000000000     0.789529735
   39.000000000     0.772828629
   40.000000000     0.756307367
   41.000000000     0.740002308
   42.000000000     0.723953554
   43.000000000     0.708190246
   44.000000000     0.692754613
   45.000000000     0.677667840
   46.000000000     0.662958253
   47.000000000     0.648654233
   48.000000000     0.634790695
   49.000000000     0.621383738
   50.000000000     0.608456018
   51.000000000     0.596029468
   52.000000000     0.584120722
   53.000000000     0.572747775
   54.000000000     0.561927331
   55.000000000     0.551673625
   56.000000000     0.541997237
   57.000000000     0.532915902
   58.000000000     0.524435346
   59.000000000     0.516558426
   60.000000000     0.509286414
   61.000000000     0.502621609
   62.000000000     0.496558048
   63.000000000     0.491092106
   64.000000000     0.486216407
   65.000000000     0.481921024
   66.000000000     0.478193530
   67.000000000     0.475028860
   68.000000000     0.472404752
   69.000000000     0.470312344
   70.000000000     0.468898020
   71.000000000     0.469977407
   72.000000000     0.473462637
   73.000000000     0.478626147
   74.000000000     0.484750193
   75.000000000     0.491381762
   76.000000000     0.499382383
   77.000000000     0.508234764
   78.000000000     0.517225823
   79.000000000     0.525756804
   80.000000000     0.533344887
   81.000000000     0.539636971
   82.000000000     0.544409722
   83.000000000     0.547565150
   84.000000000     0.549126580
   85.000000000     0.549231983
   86.000000000     0.548131154
   87.000000000     0.546184542
   88.000000000     0.543857877
   89.000000000     0.541612670
   90.000000000     0.538453699
   91.000000000     0.534301754
   92.000000000     0.529634811
   93.000000000     0.524944616
   94.000000000     0.520719842
   95.000000000     0.517380636
   96.000000000     0.515287983
   97.000000000     0.514738026
   98.000000000     0.515963485
   99.000000000     0.518876097
  100.000000000     0.522122569
  101.000000000     0.525504230
  102.000000000     0.529029582
  103.000000000     0.532695720
  104.000000000     0.536506611
  105.000000000     0.540461738
  106.000000000     0.544559769
  107.000000000     0.548800239
  108.000000000     0.553181564
  109.000000000     0.557700626
  110.000000000     0.562355275
  111.000000000     0.567136069
  112.000000000     0.572038477
  113.000000000     0.577052493
  114.000000000     0.582168174
  115.000000000     0.587373555
  116.000000000     0.592659340
  117.000000000     0.598012420
  118.000000000     0.603418554
  119.000000000     0.608865836
  120.000000000     0.614332640
  121.000000000     0.619805656
  122.000000000     0.625272509
  123.000000000     0.630722553
  124.000000000     0.636148755
  125.000000000     0.641536974
  126.000000000     0.646879119
  127.000000000     0.652167823
  128.000000000     0.657404999
  129.000000000     0.662580850
  130.000000000     0.667696188
  131.000000000     0.672755860
  132.000000000     0.677759417
  133.000000000     0.682715642
  134.000000000     0.687631798
  135.000000000     0.692519355
  136.000000000     0.697393860
  137.000000000     0.702252155
  138.000000000     0.707102648
  139.000000000     0.711956139
  140.000000000     0.716820340
  141.000000000     0.721706089
  142.000000000     0.726621742
  143.000000000     0.731578615
  144.000000000     0.736585285
  145.000000000     0.741647205
  146.000000000     0.746764279
  147.000000000     0.751951130
  148.000000000     0.757209198
  149.000000000     0.762536019
  150.000000000     0.767937866
  151.000000000     0.773408535
  152.000000000     0.778948325
  153.000000000     0.784567836
  154.000000000     0.790252028
  155.000000000     0.795998831
  156.000000000     0.801814611
  157.000000000     0.807690831
  158.000000000     0.813625426
  159.000000000     0.819619719
  160.000000000     0.825677691
  161.000000000     0.831793656
  162.000000000     0.837968164
  163.000000000     0.844217046
  164.000000000     0.850716284
  165.000000000     0.857492636
  166.000000000     0.864513322
  167.000000000     0.871757616
  168.000000000     0.879208531
  169.000000000     0.886831533
  170.000000000     0.894596878
  171.000000000     0.902479177
  172.000000000     0.910457439
  173.000000000     0.918502520
  174.000000000     0.926589770
  175.000000000     0.934688000
  176.000000000     0.942772074
  177.000000000     0.950815124
  178.000000000     0.958837714
  179.000000000     0.968355154
  180.000000000     0.979921710
  181.000000000     0.993238658
  182.000000000     1.007948228
  183.000000000     1.023622892
  184.000000000     1.039747082
  185.000000000     1.055747148
  186.000000000     1.071015918
  187.000000000     1.084950612
  188.000000000     1.097006473
  189.000000000     1.106743090
  190.000000000     1.113863266
  191.000000000     1.118252635
  192.000000000     1.119983526
  193.000000000     1.119308383
  194.000000000     1.116633734
  195.000000000     1.112455766
  196.000000000     1.107324726
  197.000000000     1.101791672
  198.000000000     1.096367526
  199.000000000     1.091487477
  200.000000000     1.087494273
  201.000000000     1.084633566
  202.000000000     1.083068065
  203.000000000     1.082812229
  204.000000000     1.083685225
  205.000000000     1.085337102
  206.000000000     1.086804737
  207.000000000     1.088036388
  208.000000000     1.089032972
  209.000000000     1.089807617
  210.000000000     1.090368189
  211.000000000     1.090722738
  212.000000000     1.090870119
  213.000000000     1.090818803
  214.000000000     1.090577991
  215.000000000     1.090147596
  216.000000000     1.089526532
  217.000000000     1.088715045
  218.000000000     1.087709731
  219.000000000     1.086507440
  220.000000000     1.085100429
  221.000000000     1.083480540
  222.000000000     1.081638742
  223.000000000     1.079565781
  224.000000000     1.077250757
  225.000000000     1.074670008
  226.000000000     1.071811850
  227.000000000     1.068661903
  228.000000000     1.065202922
  229.000000000     1.061418376
  230.000000000     1.057291152
  231.000000000     1.052806387
  232.000000000     1.047949933
  233.000000000     1.042708902
  234.000000000     1.037073505
  235.000000000     1.031036801
  236.000000000     1.024584100
  237.000000000     1.017712474
  238.000000000     1.010419221
  239.000000000     1.005577169
  240.000000000     1.005483730
  241.000000000     1.009389824
  242.000000000     1.016272690
  243.000000000     1.024797320
  244.000000000     1.033358343
  245.000000000     1.040188354
  246.000000000     1.043532176
  247.000000000     1.041862712
  248.000000000     1.034095879
  249.000000000     1.019757317
  250.000000000     0.999063699
  251.000000000     0.972891011
  252.000000000     0.942653818
  253.000000000     0.910110321
  254.000000000     0.877142003
  255.000000000     0.845557170
  256.000000000     0.816953637
  257.000000000     0.792649439
  258.000000000     0.773704883
  259.000000000     0.758703096
  260.000000000     0.743797265
  261.000000000     0.728945398
  262.000000000     0.714186582
  263.000000000     0.699560611
  264.000000000     0.685111441
  265.000000000     0.670882953
  266.000000000     0.656920418
  267.000000000     0.643270689
  268.000000000     0.629976347
  269.000000000     0.617080947
  270.000000000     0.604631455
  271.000000000     0.592662906
  272.000000000     0.581213002
  273.000000000     0.570322968
  274.000000000     0.560029483
  275.000000000     0.550367428
  276.000000000     0.541371599
  277.000000000     0.533072430
  278.000000000     0.525500854
  279.000000000     0.518687442
  280.000000000     0.512645370
  281.000000000     0.507395742
  282.000000000     0.502949926
  283.000000000     0.499320355
  284.000000000     0.496514518
  285.000000000     0.494538801
  286.000000000     0.493394358
  287.000000000     0.493080609
  288.000000000     0.493592073
  289.000000000     0.494921322
  290.000000000     0.497059824
  291.000000000     0.499993824
  292.000000000     0.503708637
  293.000000000     0.508182440
  294.000000000     0.513389659
  295.000000000     0.519313684
  296.000000000     0.525911717
  297.000000000     0.533150610
  298.000000000     0.540996784
  299.000000000     0.549415486
  300.000000000     0.558369429
  301.000000000     0.567821953
  302.000000000     0.577732723
  303.000000000     0.588062100
  304.000000000     0.598771764
  305.000000000     0.609831935
  306.000000000     0.621210349
  307.000000000     0.632859702
  308.000000000     0.644741423
  309.000000000     0.656822336
  310.000000000     0.669071818
  311.000000000     0.681461301
  312.000000000     0.693951033
  313.000000000     0.706509654
  314.000000000     0.719112701
  315.000000000     0.731728064
  316.000000000     0.744328271
  317.000000000     0.756888135
  318.000000000     0.769392394
  319.000000000     0.781800085
  320.000000000     0.794083430
  321.000000000     0.806217176
  322.000000000     0.818175371
  323.000000000     0.829921396
  324.000000000     0.841423743
  325.000000000     0.852649735
  326.000000000     0.863565280
  327.000000000     0.874134798
  328.000000000     0.884321738
  329.000000000     0.894090993
  330.000000000     0.903413844
  331.000000000     0.912244326
  332.000000000     0.920554695
  333.000000000     0.928296315
  334.000000000     0.935427130
  335.000000000     0.941912080
  336.000000000     0.947724936
  337.000000000     0.952831438
  338.000000000     0.957201128
  339.000000000     0.960809931
  340.000000000     0.963639981
  341.000000000     0.965679837
  342.000000000     0.966911217
  343.000000000     0.967328392
  344.000000000     0.966929802
  345.000000000     0.965718759
  346.000000000     0.963704774
  347.000000000     0.960906815
  348.000000000     0.957338492
  349.000000000     0.953024039
  350.000000000     0.947991026
  351.000000000     0.942288325
  352.000000000     0.935935281
  353.000000000     0.928973370
  354.000000000     0.921447652
  355.000000000     0.913409649
  356.000000000     0.904910528
  357.000000000     0.895998248
  358.000000000     0.886725182
  359.000000000     0.877147424
  360.000000000     0.867332025
  361.000000000     0.857332862
  362.000000000     0.847205469
  363.000000000     0.837010094
  364.000000000     0.826808069
  365.000000000     0.816659874
  366.000000000     0.806627905
  367.000000000     0.796778254
  368.000000000     0.787164032
  369.000000000     0.777844254
  370.000000000     0.768882772
  371.000000000     0.760331270
  372.000000000     0.752244548
  373.000000000     0.744681499
  374.000000000     0.737692668
  375.000000000     0.731322546
  376.000000000     0.725619422
  377.000000000     0.720634743
  378.000000000     0.716409520
  379.000000000     0.712976986
  380.000000000     0.710380409
  381.000000000     0.708645175
  382.000000000     0.707816980
  383.000000000     0.707917013
  384.000000000     0.708952497
  385.000000000     0.710942592
  386.000000000     0.713903414
  387.000000000     0.717845939
  388.000000000     0.722782287
  389.000000000     0.728715053
  390.000000000     0.735642201
  391.000000000     0.743560563
  392.000000000     0.752464279
  393.000000000     0.762338733
  394.000000000     0.773168221
  395.000000000     0.784932334
  396.000000000     0.797605911
  397.000000000     0.811162036
  398.000000000     0.825567257
  399.000000000     0.840784625
  400.000000000     0.856771591
  401.000000000     0.873482060
  402.000000000     0.890866099
  403.000000000     0.908869547
  404.000000000     0.927444388
  405.000000000     0.946522475
  406.000000000     0.966035465
  407.000000000     0.985917373
  408.000000000     1.006093578
  409.000000000     1.026490241
  410.000000000     1.047032369
  411.000000000     1.067647153
  412.000000000     1.088255348
  413.000000000     1.108787739
  414.000000000     1.129154992
  415.000000000     1.149279397
  416.000000000     1.169085542
  417.000000000     1.188504309
  418.000000000     1.207475441
  419.000000000     1.225911225
  420.000000000     1.243744595
  421.000000000     1.260911078
  422.000000000     1.277349985
  423.000000000     1.293004136
  424.000000000     1.307819684
  425.000000000     1.321758830
  426.000000000     1.334762268
  427.000000000     1.346785672
  428.000000000     1.357789559
  429.000000000     1.367737747
  430.000000000     1.376600493
  431.000000000     1.384344370
  432.000000000     1.390941156
  433.000000000     1.396371116
  434.000000000     1.400606807
  435.000000000     1.403629411
  436.000000000     1.405423041
  437.000000000     1.405976527
  438.000000000     1.405279258
  439.000000000     1.403328009
  440.000000000     1.400116747
  441.000000000     1.395646026
  442.000000000     1.389921905
  443.000000000     1.382949175
  444.000000000     1.374739561
  445.000000000     1.365318465
  446.000000000     1.354702919
  447.000000000     1.342909183
  448.000000000     1.329963164
  449.000000000     1.315893455
  450.000000000     1.300734884
  451.000000000     1.284540092
  452.000000000     1.267366782
  453.000000000     1.249232517
  454.000000000     1.230186548
  455.000000000     1.210281746
  456.000000000     1.189575859
  457.000000000     1.168129334
  458.000000000     1.146001056
  459.000000000     1.123258762
  460.000000000     1.099961921
  461.000000000     1.076176749
  462.000000000     1.051971192
  463.000000000     1.027433983
  464.000000000     1.002616559
  465.000000000     0.977587791
  466.000000000     0.952417264
  467.000000000     0.927186100
  468.000000000     0.901963559
  469.000000000     0.876813911
  470.000000000     0.851807436
  471.000000000     0.827019635
  472.000000000     0.802519989
  473.000000000     0.778374181
  474.000000000     0.754648742
  475.000000000     0.731415131
  476.000000000     0.708733772
  477.000000000     0.686663280
  478.000000000     0.665264574
  479.000000000     0.644597449
  480.000000000     0.624716077
  481.000000000     0.605674524
  482.000000000     0.587528598
  483.000000000     0.570320774
  484.000000000     0.554095584
  485.000000000     0.538894506
  486.000000000     0.524755189
  487.000000000     0.511711966
  488.000000000     0.499798086
  489.000000000     0.489047068
  490.000000000     0.479474614
  491.000000000     0.471104379
  492.000000000     0.463945512
  493.000000000     0.458009513
  494.000000000     0.453308722
  495.000000000     0.449838357
  496.000000000     0.447606041
  497.000000000     0.446597587
  498.000000000     0.446798856
  499.000000000     0.448191752
