    0.000000000    11.747283659
    1.000000000    11.732618340
    2.000000000    11.666110759
    3.000000000    11.552189470
    4.000000000    11.396568852
    5.000000000    11.205837758
    6.000000000    10.986982399
    7.000000000    10.746996736
    8.000000000    10.492712228
    9.000000000    10.230662727
   10.000000000     9.965456973
   11.000000000     9.702290570
   12.000000000     9.446847630
   13.000000000     9.204146484
   14.000000000     8.978429342
   15.000000000     8.773222255
   16.000000000     8.591311200
   17.000000000     8.434750050
   18.000000000     8.304963173
   19.000000000     8.202848185
   20.000000000     8.128838547
   21.000000000     8.083044676
   22.000000000     8.064765213
   23.000000000     8.053477032
   24.000000000     8.039116847
   25.000000000     8.021825394
   26.000000000     8.001726291
   27.000000000     7.978971339
   28.000000000     7.953780976
   29.000000000     7.926328400
   30.000000000     7.896804439
   31.000000000     7.865462007
   32.000000000     7.832533838
   33.000000000     7.798011304
   34.000000000     7.761922648
   35.000000000     7.726311934
   36.000000000     7.691951089
   37.000000000     7.659012231
   38.000000000     7.627351382
   39.000000000     7.596500674
   40.000000000     7.565618960
   41.000000000     7.533646155
   42.000000000     7.499544099
   43.000000000     7.462501213
   44.000000000     7.422162755
   45.000000000     7.378712682
   46.000000000     7.332967097
   47.000000000     7.286173927
   48.000000000     7.239857713
   49.000000000     7.195618624
   50.000000000     7.154720906
   51.000000000     7.118024507
   52.000000000     7.085993937
   53.000000000     7.058833800
   54.000000000     7.036096836
   55.000000000     7.016080265
   56.000000000     6.998575861
   57.000000000     6.983559319
   58.000000000     6.971019956
   59.000000000     6.960937498
   60.000000000     6.953176865
   61.000000000     6.947660344
   62.000000000     6.944279445
   63.000000000     6.942913445
   64.000000000     6.943476792
   65.000000000     6.945863520
   66.000000000     6.949950016
   67.000000000     6.955596732
   68.000000000     6.962702343
   69.000000000     6.971170853
   70.000000000     6.980861706
   71.000000000     6.991709326
   72.000000000     7.003581028
   73.000000000     7.016385472
   74.000000000     7.030050812
   75.000000000     7.044530127
   76.000000000     7.059778549
   77.000000000     7.075735284
   78.000000000     7.092368539
   79.000000000     7.109627499
   80.000000000     7.127490588
   81.000000000     7.145943649
   82.000000000     7.165630885
   83.000000000     7.187947822
   84.000000000     7.212924479
   85.000000000     7.240320420
   86.000000000     7.269633052
   87.000000000     7.300022151
   88.000000000     7.330434289
   89.000000000     7.359617437
   90.000000000     7.386500381
   91.000000000     7.410279939
   92.000000000     7.430650677
   93.000000000     7.447816150
   94.000000000     7.462486269
   95.000000000     7.475656195
   96.000000000     7.488363503
   97.000000000     7.501573998
   98.000000000     7.515978915
   99.000000000     7.531960717
  100.000000000     7.549668193
  101.000000000     7.568954584
  102.000000000     7.588758417
  103.000000000     7.607800306
  104.000000000     7.625910653
  105.000000000     7.642953790
  106.000000000     7.658745675
  107.000000000     7.673108038
  108.000000000     7.685869675
  109.000000000     7.696857625
  110.000000000     7.705920163
  111.000000000     7.712939041
  112.000000000     7.717835415
  113.000000000     7.720400063
  114.000000000     7.720474610
  115.000000000     7.718003285
  116.000000000     7.712919231
  117.000000000     7.705203724
  118.000000000     7.694869257
  119.000000000     7.681941790
  120.000000000     7.666461751
  121.000000000     7.648502078
  122.000000000     7.628150331
  123.000000000     7.605500833
  124.000000000     7.580692718
  125.000000000     7.553879442
  126.000000000     7.525176126
  127.000000000     7.494732251
  128.000000000     7.463844767
  129.000000000     7.433625315
  130.000000000     7.404270655
  131.000000000     7.375762141
  132.000000000     7.347778249
  133.000000000     7.319672376
  134.000000000     7.290551904
  135.000000000     7.259444970
  136.000000000     7.225491697
  137.000000000     7.188128521
  138.000000000     7.147324124
  139.000000000     7.103716933
  140.000000000     7.058386798
  141.000000000     7.012767977
  142.000000000     6.968430816
  143.000000000     6.926819098
  144.000000000     6.889138472
  145.000000000     6.856251434
  146.000000000     6.828753891
  147.000000000     6.807015775
  148.000000000     6.790758293
  149.000000000     6.779108417
  150.000000000     6.772245586
  151.000000000     6.770017870
  152.000000000     6.772050930
  153.000000000     6.777622979
  154.000000000     6.785620631
  155.000000000     6.794676821
  156.000000000     6.803559856
  157.000000000     6.814278072
  158.000000000     6.826269676
  159.000000000     6.868113266
  160.000000000     7.184511437
  161.000000000     7.716101188
  162.000000000     8.225644918
  163.000000000     8.447525360
  164.000000000     8.260513766
  165.000000000     7.780637033
  166.000000000     7.270719195
  167.000000000     6.968698056
  168.000000000     6.929346535
  169.000000000     6.905799905
  170.000000000     6.873320790
  171.000000000     6.835460568
  172.000000000     6.796279877
  173.000000000     6.758918261
  174.000000000     6.726020061
  175.000000000     6.699357033
  176.000000000     6.679653039
  177.000000000     6.666703297
  178.000000000     6.659543082
  179.000000000     6.656718029
  180.000000000     6.654559566
  181.000000000     6.651221063
  182.000000000     6.646623660
  183.000000000     6.641735902
  184.000000000     6.637576302
  185.000000000     6.635193358
  186.000000000     6.635634648
  187.000000000     6.639634046
  188.000000000     6.647465834
  189.000000000     6.659141672
  190.000000000     6.674423364
  191.000000000     6.692723737
  192.000000000     6.712512329
  193.000000000     6.733363714
  194.000000000     6.755100141
  195.000000000     6.777523983
  196.000000000     6.800434128
  197.000000000     6.823654690
  198.000000000     6.847012137
  199.000000000     6.870310001
  200.000000000     6.893364910
  201.000000000     6.915987845
  202.000000000     6.938011237
  203.000000000     6.959278077
  204.000000000     6.979657453
  205.000000000     6.998971859
  206.000000000     7.017087414
  207.000000000     7.033963585
  208.000000000     7.049525777
  209.000000000     7.063661021
  210.000000000     7.076303424
  211.000000000     7.087555788
  212.000000000     7.098808059
  213.000000000     7.110662278
  214.000000000     7.123258837
  215.000000000     7.136571907
  216.000000000     7.150127253
  217.000000000     7.163061140
  218.000000000     7.174185877
  219.000000000     7.182121940
  220.000000000     7.185516892
  221.000000000     7.183467762
  222.000000000     7.175663665
  223.000000000     7.162583097
  224.000000000     7.145262817
  225.000000000     7.125102708
  226.000000000     7.103645299
  227.000000000     7.082263495
  228.000000000     7.061953497
  229.000000000     7.043347142
  230.000000000     7.026646672
  231.000000000     7.011797001
  232.000000000     6.998306059
  233.000000000     6.984857411
  234.000000000     6.971348231
  235.000000000     6.957807955
  236.000000000     6.944101308
  237.000000000     6.929938791
  238.000000000     6.915387420
  239.000000000     6.900469915
  240.000000000     6.885241292
  241.000000000     6.869773668
  242.000000000     6.854101159
  243.000000000     6.838314663
  244.000000000     6.822474040
  245.000000000     6.806612788
  246.000000000     6.790787284
  247.000000000     6.775062464
  248.000000000     6.759563517
  249.000000000     6.744295992
  250.000000000     6.729405827
  251.000000000     6.715377124
  252.000000000     6.703653993
  253.000000000     6.694678550
  254.000000000     6.688660149
  255.000000000     6.685467924
  256.000000000     6.684584051
  257.000000000     6.685073006
  258.000000000     6.685629989
  259.000000000     6.684798258
  260.000000000     6.681308697
  261.000000000     6.674383693
  262.000000000     6.663902104
  263.000000000     6.650522707
  264.000000000     6.635469694
  265.000000000     6.620336953
  266.000000000     6.606669192
  267.000000000     6.595784242
  268.000000000     6.588588444
  269.000000000     6.585572070
  270.000000000     6.586841630
  271.000000000     6.592279755
  272.000000000     6.600866205
  273.000000000     6.611606460
  274.000000000     6.624430141
  275.000000000     6.639418922
  276.000000000     6.656481344
  277.000000000     6.675623910
  278.000000000     6.696851175
  279.000000000     6.720178767
  280.000000000     6.745571718
  281.000000000     6.773045990
  282.000000000     6.802634551
  283.000000000     6.834244127
  284.000000000     6.867872846
  285.000000000     6.903346764
  286.000000000     6.940524516
  287.000000000     6.979274115
  288.000000000     7.019358099
  289.000000000     7.060359299
  290.000000000     7.101810562
  291.000000000     7.143181461
  292.000000000     7.184274402
  293.000000000     7.225853946
  294.000000000     7.267598987
  295.000000000     7.309013530
  296.000000000     7.349277104
  297.000000000     7.387464997
  298.000000000     7.422464714
  299.000000000     7.478770993
  300.000000000     7.632561234
  301.000000000     7.833878498
  302.000000000     8.001543840
  303.000000000     8.061032071
  304.000000000     7.985713136
  305.000000000     7.813442327
  306.000000000     7.621105383
  307.000000000     7.480729314
  308.000000000     7.433080279
  309.000000000     7.425524535
  310.000000000     7.417897742
  311.000000000     7.410513700
  312.000000000     7.403467439
  313.000000000     7.395534305
  314.000000000     7.386431261
  315.000000000     7.376514282
  316.000000000     7.365874915
  317.000000000     7.354678804
  318.000000000     7.343080286
  319.000000000     7.331130303
  320.000000000     7.318698921
  321.000000000     7.305758090
  322.000000000     7.292277662
  323.000000000     7.278188696
  324.000000000     7.263434051
  325.000000000     7.247988211
  326.000000000     7.231889773
  327.000000000     7.215135900
  328.000000000     7.197739757
  329.000000000     7.179678469
  330.000000000     7.161086771
  331.000000000     7.142045392
  332.000000000     7.122531619
  333.000000000     7.102597594
  334.000000000     7.082716348
  335.000000000     7.067758976
  336.000000000     7.059017770
  337.000000000     7.055794809
  338.000000000     7.057044645
  339.000000000     7.061971475
  340.000000000     7.068651079
  341.000000000     7.074392093
  342.000000000     7.076544586
  343.000000000     7.072808035
  344.000000000     7.061732523
  345.000000000     7.042958734
  346.000000000     7.017121496
  347.000000000     6.985861287
  348.000000000     6.951517239
  349.000000000     6.916850630
  350.000000000     6.884629049
  351.000000000     6.857439859
  352.000000000     6.837644001
  353.000000000     6.822588900
  354.000000000     6.809119446
  355.000000000     6.797999041
  356.000000000     6.789760026
  357.000000000     6.784806052
  358.000000000     6.782902089
  359.000000000     6.782957842
  360.000000000     6.785125770
  361.000000000     6.789648266
  362.000000000     6.797539647
  363.000000000     6.851036757
  364.000000000     6.963608742
  365.000000000     7.109825758
  366.000000000     7.250384263
  367.000000000     7.342012715
  368.000000000     7.354800482
  369.000000000     7.286583378
  370.000000000     7.163983233
  371.000000000     7.029089138
  372.000000000     6.936824661
  373.000000000     6.943055648
  374.000000000     7.029844753
  375.000000000     7.162678372
  376.000000000     7.311959125
  377.000000000     7.442165596
  378.000000000     7.532015580
  379.000000000     7.575941353
  380.000000000     7.578878445
  381.000000000     7.552261396
  382.000000000     7.494474911
  383.000000000     7.384613755
  384.000000000     7.248637134
  385.000000000     7.116879821
  386.000000000     7.015094944
  387.000000000     6.960888064
  388.000000000     6.956439219
  389.000000000     6.959042287
  390.000000000     6.961304475
  391.000000000     6.963414999
  392.000000000     6.965547406
  393.000000000     6.967812234
  394.000000000     6.970300547
  395.000000000     6.973095897
  396.000000000     6.976233595
  397.000000000     6.979767012
  398.000000000     6.983664856
  399.000000000     6.988058086
  400.000000000     6.992821922
  401.000000000     6.997813327
  402.000000000     7.002964202
  403.000000000     7.008191973
  404.000000000     7.013447701
  405.000000000     7.018640889
  406.000000000     7.023665691
  407.000000000     7.028459665
  408.000000000     7.033015159
  409.000000000     7.037220652
  410.000000000     7.041085319
  411.000000000     7.044568249
  412.000000000     7.047706444
  413.000000000     7.050556163
  414.000000000     7.053136316
  415.000000000     7.055532013
  416.000000000     7.057809625
  417.000000000     7.060185176
  418.000000000     7.062841403
  419.000000000     7.065821381
  420.000000000     7.069116332
  421.000000000     7.072654644
  422.000000000     7.076370564
  423.000000000     7.080069335
  424.000000000     7.083475549
  425.000000000     7.086284571
  426.000000000     7.088139760
  427.000000000     7.088655907
  428.000000000     7.087468175
  429.000000000     7.084273092
  430.000000000     7.078782943
  431.000000000     7.070795650
  432.000000000     7.090968655
  433.000000000     7.219828270
  434.000000000     7.419352921
  435.000000000     7.614269821
  436.000000000     7.718281041
  437.000000000     7.674759468
  438.000000000     7.489367549
  439.000000000     7.226145704
  440.000000000     6.970755557
  441.000000000     6.791314503
  442.000000000     6.715558306
  443.000000000     6.664511585
  444.000000000     6.613759115
  445.000000000     6.564113271
  446.000000000     6.515967636
  447.000000000     6.469720238
  448.000000000     6.425556990
  449.000000000     6.383658724
  450.000000000     6.344073969
  451.000000000     6.306794858
  452.000000000     6.271843289
  453.000000000     6.239285984
  454.000000000     6.208798018
  455.000000000     6.180234708
  456.000000000     6.153514055
  457.000000000     6.128463610
  458.000000000     6.105002586
  459.000000000     6.082949758
  460.000000000     6.062317566
  461.000000000     6.042989705
  462.000000000     6.024844070
  463.000000000     6.007899843
  464.000000000     5.992136128
  465.000000000     5.977718102
  466.000000000     5.964625106
  467.000000000     5.952740664
  468.000000000     5.941931532
  469.000000000     5.932161215
  470.000000000     5.923435924
  471.000000000     5.915913233
  472.000000000     5.909914919
  473.000000000     5.906194660
  474.000000000     5.907757458
  475.000000000     5.914854588
  476.000000000     5.926285714
  477.000000000     5.939938427
  478.000000000     5.953273039
  479.000000000     5.964302727
  480.000000000     5.972722504
  481.000000000     5.979745166
  482.000000000     5.987611417
  483.000000000     5.998091208
  484.000000000     6.013534271
  485.000000000     6.050187214
  486.000000000     6.108004868
  487.000000000     6.197606039
  488.000000000     6.293838815
  489.000000000     6.360724687
  490.000000000     6.371189752
  491.000000000     6.315950417
  492.000000000     6.212005063
  493.000000000     6.092578480
  494.000000000     5.990788422
  495.000000000     5.929166703
  496.000000000     5.904602748
  497.000000000     5.884991834
  498.000000000     5.867381190
  499.000000000     5.852491488
