    0.000000000    10.426310003
    1.000000000    10.427850234
    2.000000000    10.402125054
    3.000000000    10.350329395
    4.000000000    10.274365508
    5.000000000    10.176691076
    6.000000000    10.060177120
    7.000000000     9.928035196
    8.000000000     9.783622370
    9.000000000     9.630345459
   10.000000000     9.471404820
   11.000000000     9.309879538
   12.000000000     9.148835776
   13.000000000     8.991060757
   14.000000000     8.839081532
   15.000000000     8.695009610
   16.000000000     8.560647478
   17.000000000     8.437459797
   18.000000000     8.326609266
   19.000000000     8.228993765
   20.000000000     8.145233739
   21.000000000     8.075778621
   22.000000000     8.020652200
   23.000000000     7.970628614
   24.000000000     7.921359168
   25.000000000     7.873249609
   26.000000000     7.826552871
   27.000000000     7.781568850
   28.000000000     7.738579003
   29.000000000     7.697875661
   30.000000000     7.659601949
   31.000000000     7.623958355
   32.000000000     7.591161943
   33.000000000     7.560170946
   34.000000000     7.529515292
   35.000000000     7.499809513
   36.000000000     7.471409642
   37.000000000     7.444555185
   38.000000000     7.419421425
   39.000000000     7.396054381
   40.000000000     7.374403694
   41.000000000     7.354321259
   42.000000000     7.335679195
   43.000000000     7.318345907
   44.000000000     7.302255445
   45.000000000     7.287410355
   46.000000000     7.274050244
   47.000000000     7.262445310
   48.000000000     7.252994871
   49.000000000     7.246130865
   50.000000000     7.242182946
   51.000000000     7.241377848
   52.000000000     7.243867068
   53.000000000     7.249713268
   54.000000000     7.258754594
   55.000000000     7.270424399
   56.000000000     7.284562216
   57.000000000     7.301040546
   58.000000000     7.319755174
   59.000000000     7.340554334
   60.000000000     7.363273769
   61.000000000     7.387722593
   62.000000000     7.413689383
   63.000000000     7.441013698
   64.000000000     7.469465237
   65.000000000     7.498824943
   66.000000000     7.528884810
   67.000000000     7.559429268
   68.000000000     7.590236750
   69.000000000     7.621131588
   70.000000000     7.651886617
   71.000000000     7.682349824
   72.000000000     7.712303789
   73.000000000     7.741582955
   74.000000000     7.770058262
   75.000000000     7.797574759
   76.000000000     7.824029099
   77.000000000     7.849298455
   78.000000000     7.873275791
   79.000000000     7.895895534
   80.000000000     7.917126885
   81.000000000     7.936917608
   82.000000000     7.955546015
   83.000000000     7.973591726
   84.000000000     7.991079713
   85.000000000     8.007954590
   86.000000000     8.024044506
   87.000000000     8.039023330
   88.000000000     8.052471996
   89.000000000     8.063868936
   90.000000000     8.072775076
   91.000000000     8.078812379
   92.000000000     8.081861823
   93.000000000     8.081993421
   94.000000000     8.079585247
   95.000000000     8.075121690
   96.000000000     8.069122200
   97.000000000     8.062152377
   98.000000000     8.054663425
   99.000000000     8.046974527
  100.000000000     8.039225394
  101.000000000     8.031411843
  102.000000000     8.023109387
  103.000000000     8.013770727
  104.000000000     8.003393708
  105.000000000     7.991980211
  106.000000000     7.979497748
  107.000000000     7.965907564
  108.000000000     7.951175761
  109.000000000     7.935249300
  110.000000000     7.918074469
  111.000000000     7.899643150
  112.000000000     7.879933210
  113.000000000     7.858908392
  114.000000000     7.836589831
  115.000000000     7.813008949
  116.000000000     7.788110669
  117.000000000     7.761921101
  118.000000000     7.734500909
  119.000000000     7.705830236
  120.000000000     7.675987901
  121.000000000     7.645054234
  122.000000000     7.613089190
  123.000000000     7.580171191
  124.000000000     7.546437048
  125.000000000     7.511995822
  126.000000000     7.476947067
  127.000000000     7.441426851
  128.000000000     7.406215854
  129.000000000     7.372027035
  130.000000000     7.339020898
  131.000000000     7.307275307
  132.000000000     7.276619822
  133.000000000     7.246670523
  134.000000000     7.216895293
  135.000000000     7.186693751
  136.000000000     7.155517855
  137.000000000     7.123011537
  138.000000000     7.089095885
  139.000000000     7.054064044
  140.000000000     7.018524492
  141.000000000     6.983301845
  142.000000000     6.949292819
  143.000000000     6.917333834
  144.000000000     6.888078401
  145.000000000     6.861928831
  146.000000000     6.839168856
  147.000000000     6.819905528
  148.000000000     6.803869110
  149.000000000     6.790488830
  150.000000000     6.779976053
  151.000000000     6.772406446
  152.000000000     6.767908321
  153.000000000     6.766614215
  154.000000000     6.768463272
  155.000000000     6.773376779
  156.000000000     6.781612164
  157.000000000     6.799183954
  158.000000000     6.827598152
  159.000000000     6.865972616
  160.000000000     6.915123666
  161.000000000     6.969534152
  162.000000000     7.022164329
  163.000000000     7.068120416
  164.000000000     7.105213271
  165.000000000     7.132504826
  166.000000000     7.149402479
  167.000000000     7.155553175
  168.000000000     7.150573929
  169.000000000     7.134111972
  170.000000000     7.108180532
  171.000000000     7.076330549
  172.000000000     7.042523130
  173.000000000     7.010115422
  174.000000000     6.981953469
  175.000000000     6.960059198
  176.000000000     6.945473149
  177.000000000     6.938389999
  178.000000000     6.938277588
  179.000000000     6.944017483
  180.000000000     6.950929484
  181.000000000     6.956724178
  182.000000000     6.961197601
  183.000000000     6.965400787
  184.000000000     6.970893056
  185.000000000     6.978533234
  186.000000000     6.989103879
  187.000000000     7.003195365
  188.000000000     7.021099657
  189.000000000     7.042859434
  190.000000000     7.068302234
  191.000000000     7.096950730
  192.000000000     7.127681024
  193.000000000     7.160083829
  194.000000000     7.193858328
  195.000000000     7.228634981
  196.000000000     7.264021218
  197.000000000     7.299619830
  198.000000000     7.334975285
  199.000000000     7.369620360
  200.000000000     7.403045116
  201.000000000     7.434758781
  202.000000000     7.464340997
  203.000000000     7.491260397
  204.000000000     7.515143533
  205.000000000     7.535549928
  206.000000000     7.552126057
  207.000000000     7.564574108
  208.000000000     7.572690950
  209.000000000     7.576341736
  210.000000000     7.575433682
  211.000000000     7.570068600
  212.000000000     7.561269662
  213.000000000     7.549573478
  214.000000000     7.535291153
  215.000000000     7.518633996
  216.000000000     7.499570216
  217.000000000     7.477879632
  218.000000000     7.453173139
  219.000000000     7.424952148
  220.000000000     7.392729878
  221.000000000     7.356296423
  222.000000000     7.315903200
  223.000000000     7.272252760
  224.000000000     7.226498239
  225.000000000     7.179909574
  226.000000000     7.133829026
  227.000000000     7.089487306
  228.000000000     7.047785522
  229.000000000     7.009369436
  230.000000000     6.974609373
  231.000000000     6.943663365
  232.000000000     6.916377180
  233.000000000     6.892016110
  234.000000000     6.870628886
  235.000000000     6.852323236
  236.000000000     6.836285948
  237.000000000     6.820962140
  238.000000000     6.806385028
  239.000000000     6.792631587
  240.000000000     6.779737240
  241.000000000     6.767789850
  242.000000000     6.756804743
  243.000000000     6.746847099
  244.000000000     6.737946105
  245.000000000     6.730092344
  246.000000000     6.723333062
  247.000000000     6.717654637
  248.000000000     6.713014784
  249.000000000     6.709379460
  250.000000000     6.706743469
  251.000000000     6.705315706
  252.000000000     6.705881434
  253.000000000     6.708618011
  254.000000000     6.713540523
  255.000000000     6.720467630
  256.000000000     6.728942820
  257.000000000     6.738266329
  258.000000000     6.747563044
  259.000000000     6.755899136
  260.000000000     6.762423558
  261.000000000     6.766655812
  262.000000000     6.768485053
  263.000000000     6.768276201
  264.000000000     6.766688972
  265.000000000     6.764687541
  266.000000000     6.763110463
  267.000000000     6.762706085
  268.000000000     6.763916703
  269.000000000     6.767035089
  270.000000000     6.772109438
  271.000000000     6.779090605
  272.000000000     6.787290898
  273.000000000     6.796081719
  274.000000000     6.805462194
  275.000000000     6.815481714
  276.000000000     6.826133715
  277.000000000     6.837480357
  278.000000000     6.849515247
  279.000000000     6.862286957
  280.000000000     6.875821543
  281.000000000     6.890203643
  282.000000000     6.905532020
  283.000000000     6.921887312
  284.000000000     6.939367871
  285.000000000     6.958067125
  286.000000000     6.978078338
  287.000000000     6.999556576
  288.000000000     7.022580378
  289.000000000     7.047124854
  290.000000000     7.073148067
  291.000000000     7.100565257
  292.000000000     7.129375417
  293.000000000     7.160000611
  294.000000000     7.192146889
  295.000000000     7.225331053
  296.000000000     7.258742196
  297.000000000     7.291420967
  298.000000000     7.322255880
  299.000000000     7.363319754
  300.000000000     7.458461008
  301.000000000     7.591312222
  302.000000000     7.720634746
  303.000000000     7.796339323
  304.000000000     7.786302316
  305.000000000     7.697717198
  306.000000000     7.573331232
  307.000000000     7.466774994
  308.000000000     7.419670000
  309.000000000     7.400432321
  310.000000000     7.378875895
  311.000000000     7.355411256
  312.000000000     7.330437504
  313.000000000     7.303735914
  314.000000000     7.275650484
  315.000000000     7.246847780
  316.000000000     7.217756412
  317.000000000     7.188855793
  318.000000000     7.160485737
  319.000000000     7.132902081
  320.000000000     7.106210634
  321.000000000     7.080491866
  322.000000000     7.055765192
  323.000000000     7.032058664
  324.000000000     7.009254028
  325.000000000     6.987321512
  326.000000000     6.966245413
  327.000000000     6.946038439
  328.000000000     6.926751424
  329.000000000     6.908377468
  330.000000000     6.891057115
  331.000000000     6.874805601
  332.000000000     6.859541680
  333.000000000     6.845239013
  334.000000000     6.832111843
  335.000000000     6.822140212
  336.000000000     6.816065669
  337.000000000     6.814059180
  338.000000000     6.816064174
  339.000000000     6.822032785
  340.000000000     6.831350827
  341.000000000     6.843042705
  342.000000000     6.856012787
  343.000000000     6.869205178
  344.000000000     6.881751954
  345.000000000     6.893222168
  346.000000000     6.903517700
  347.000000000     6.912947567
  348.000000000     6.922140453
  349.000000000     6.932021112
  350.000000000     6.943602914
  351.000000000     6.957926567
  352.000000000     6.976015201
  353.000000000     6.996451560
  354.000000000     7.017524335
  355.000000000     7.039555410
  356.000000000     7.062849778
  357.000000000     7.087818181
  358.000000000     7.114697879
  359.000000000     7.143421075
  360.000000000     7.174503915
  361.000000000     7.208599034
  362.000000000     7.249214857
  363.000000000     7.454555581
  364.000000000     7.877999354
  365.000000000     8.428028160
  366.000000000     8.959979273
  367.000000000     9.311548982
  368.000000000     9.368069041
  369.000000000     9.117771108
  370.000000000     8.657629242
  371.000000000     8.145408070
  372.000000000     7.753498936
  373.000000000     7.621273273
  374.000000000     7.708473270
  375.000000000     7.816311849
  376.000000000     7.893436610
  377.000000000     7.912770336
  378.000000000     7.874561029
  379.000000000     7.800016279
  380.000000000     7.716379752
  381.000000000     7.646030729
  382.000000000     7.585237613
  383.000000000     7.504397155
  384.000000000     7.416501049
  385.000000000     7.335689882
  386.000000000     7.272568903
  387.000000000     7.233325376
  388.000000000     7.217288636
  389.000000000     7.206219389
  390.000000000     7.197192854
  391.000000000     7.190385091
  392.000000000     7.185834772
  393.000000000     7.183486273
  394.000000000     7.183248221
  395.000000000     7.185013942
  396.000000000     7.188514702
  397.000000000     7.193469439
  398.000000000     7.199548719
  399.000000000     7.206469222
  400.000000000     7.213950305
  401.000000000     7.221655175
  402.000000000     7.229308808
  403.000000000     7.236635033
  404.000000000     7.243377856
  405.000000000     7.249342730
  406.000000000     7.254315850
  407.000000000     7.258159196
  408.000000000     7.260774102
  409.000000000     7.261990568
  410.000000000     7.261724179
  411.000000000     7.259888592
  412.000000000     7.256447936
  413.000000000     7.251335892
  414.000000000     7.244502652
  415.000000000     7.235902398
  416.000000000     7.225602633
  417.000000000     7.214749534
  418.000000000     7.203681023
  419.000000000     7.192117899
  420.000000000     7.179769172
  421.000000000     7.166283344
  422.000000000     7.151219442
  423.000000000     7.134051771
  424.000000000     7.114300622
  425.000000000     7.091565064
  426.000000000     7.065608668
  427.000000000     7.036386242
  428.000000000     7.004032546
  429.000000000     6.968927592
  430.000000000     6.931648125
  431.000000000     6.892897253
  432.000000000     6.853604198
  433.000000000     6.814286881
  434.000000000     6.774635968
  435.000000000     6.735649509
  436.000000000     6.699065316
  437.000000000     6.665842909
  438.000000000     6.635507891
  439.000000000     6.605875076
  440.000000000     6.575373230
  441.000000000     6.544629248
  442.000000000     6.518963259
  443.000000000     6.498063363
  444.000000000     6.479715556
  445.000000000     6.462682399
  446.000000000     6.445638971
  447.000000000     6.428200565
  448.000000000     6.410732098
  449.000000000     6.394511457
  450.000000000     6.381118048
  451.000000000     6.372179352
  452.000000000     6.368989370
  453.000000000     6.372298022
  454.000000000     6.382070360
  455.000000000     6.396045049
  456.000000000     6.413718226
  457.000000000     6.435020919
  458.000000000     6.459940003
  459.000000000     6.488394940
  460.000000000     6.520362479
  461.000000000     6.555771751
  462.000000000     6.594539179
  463.000000000     6.636535245
  464.000000000     6.681795826
  465.000000000     6.735772585
  466.000000000     6.801344062
  467.000000000     6.878269029
  468.000000000     6.964716666
  469.000000000     7.056657070
  470.000000000     7.148261034
  471.000000000     7.232921016
  472.000000000     7.304874055
  473.000000000     7.372472440
  474.000000000     7.492377493
  475.000000000     7.658039559
  476.000000000     7.842559268
  477.000000000     8.009195809
  478.000000000     8.122428580
  479.000000000     8.162402313
  480.000000000     8.132154729
  481.000000000     8.051165383
  482.000000000     7.941155310
  483.000000000     7.815843209
  484.000000000     7.707282087
  485.000000000     7.828568301
  486.000000000     8.183487016
  487.000000000     8.666746180
  488.000000000     9.122488310
  489.000000000     9.371594592
  490.000000000     9.290710714
  491.000000000     8.859149184
  492.000000000     8.200674663
  493.000000000     7.505993482
  494.000000000     6.951278283
  495.000000000     6.654478788
  496.000000000     6.551562517
  497.000000000     6.455637564
  498.000000000     6.360705593
  499.000000000     6.267578763
