    0.000000000 -37232.258988855
    1.000000000 -37225.333308670
    2.000000000 -37227.926604168
    3.000000000 -37239.413501046
    4.000000000 -37258.930876640
    5.000000000 -37285.446027759
    6.000000000 -37317.828422835
    7.000000000 -37354.902733790
    8.000000000 -37395.497201645
    9.000000000 -37438.469748564
   10.000000000 -37482.925417367
   11.000000000 -37527.916038793
   12.000000000 -37572.422416650
   13.000000000 -37615.535594727
   14.000000000 -37656.463363895
   15.000000000 -37694.554388116
   16.000000000 -37729.274788681
   17.000000000 -37760.212997517
   18.000000000 -37787.062622134
   19.000000000 -37809.614273921
   20.000000000 -37827.740704639
   21.000000000 -37841.370967811
   22.000000000 -37850.580376650
   23.000000000 -37858.879211295
   24.000000000 -37867.959491242
   25.000000000 -37877.742653316
   26.000000000 -37888.166932668
   27.000000000 -37899.162225382
   28.000000000 -37910.646340168
   29.000000000 -37922.537594262
   30.000000000 -37934.774212537
   31.000000000 -37947.274445006
   32.000000000 -37959.952928002
   33.000000000 -37972.951243719
   34.000000000 -37986.468423052
   35.000000000 -38000.143960957
   36.000000000 -38013.811148776
   37.000000000 -38027.378226404
   38.000000000 -38040.804494109
   39.000000000 -38054.102118912
   40.000000000 -38067.338151579
   41.000000000 -38080.615651458
   42.000000000 -38094.033419698
   43.000000000 -38107.661460573
   44.000000000 -38121.512965598
   45.000000000 -38135.532256698
   46.000000000 -38149.558549454
   47.000000000 -38163.376609681
   48.000000000 -38176.712742607
   49.000000000 -38189.236728139
   50.000000000 -38200.719332106
   51.000000000 -38211.013798929
   52.000000000 -38220.032676189
   53.000000000 -38227.725156544
   54.000000000 -38234.154923247
   55.000000000 -38239.579297831
   56.000000000 -38244.037636416
   57.000000000 -38247.542796495
   58.000000000 -38250.105418886
   59.000000000 -38251.743470672
   60.000000000 -38252.497901544
   61.000000000 -38252.407845302
   62.000000000 -38251.518128775
   63.000000000 -38249.875431634
   64.000000000 -38247.525722538
   65.000000000 -38244.521910440
   66.000000000 -38240.920839441
   67.000000000 -38236.776802703
   68.000000000 -38232.145276402
   69.000000000 -38227.076641314
   70.000000000 -38221.632501589
   71.000000000 -38215.849891446
   72.000000000 -38209.794573401
   73.000000000 -38203.514084319
   74.000000000 -38197.048028068
   75.000000000 -38190.435052999
   76.000000000 -38183.703799342
   77.000000000 -38176.886620604
   78.000000000 -38170.006784098
   79.000000000 -38163.094111714
   80.000000000 -38156.160604701
   81.000000000 -38149.221246264
   82.000000000 -38142.173948441
   83.000000000 -38134.789475331
   84.000000000 -38127.057063961
   85.000000000 -38119.000998475
   86.000000000 -38110.703253820
   87.000000000 -38102.309005535
   88.000000000 -38093.987927774
   89.000000000 -38085.963288097
   90.000000000 -38078.414804457
   91.000000000 -38071.486085490
   92.000000000 -38065.230676561
   93.000000000 -38059.628080558
   94.000000000 -38054.556559720
   95.000000000 -38049.850347521
   96.000000000 -38045.335591280
   97.000000000 -38040.841118973
   98.000000000 -38036.245690187
   99.000000000 -38031.481852390
  100.000000000 -38026.532200280
  101.000000000 -38021.432132591
  102.000000000 -38016.379381758
  103.000000000 -38011.613642318
  104.000000000 -38007.174771682
  105.000000000 -38003.103158676
  106.000000000 -37999.448194996
  107.000000000 -37996.259409326
  108.000000000 -37993.584154998
  109.000000000 -37991.477032092
  110.000000000 -37989.986330069
  111.000000000 -37989.146373373
  112.000000000 -37988.990833743
  113.000000000 -37989.614534006
  114.000000000 -37991.098944583
  115.000000000 -37993.470407198
  116.000000000 -37996.760151968
  117.000000000 -38000.974332979
  118.000000000 -38006.116958675
  119.000000000 -38012.190858311
  120.000000000 -38019.184401797
  121.000000000 -38027.072273910
  122.000000000 -38035.831957093
  123.000000000 -38045.435575498
  124.000000000 -38055.834950821
  125.000000000 -38066.985858833
  126.000000000 -38078.845779165
  127.000000000 -38091.371751649
  128.000000000 -38104.304570743
  129.000000000 -38117.404147970
  130.000000000 -38130.605204070
  131.000000000 -38143.870659152
  132.000000000 -38157.236026436
  133.000000000 -38170.795914058
  134.000000000 -38184.686403950
  135.000000000 -38199.068006091
  136.000000000 -38214.081999950
  137.000000000 -38229.810010842
  138.000000000 -38246.238851444
  139.000000000 -38263.235627613
  140.000000000 -38280.575116621
  141.000000000 -38297.967023445
  142.000000000 -38315.095130024
  143.000000000 -38331.667678518
  144.000000000 -38347.439582374
  145.000000000 -38362.240140676
  146.000000000 -38375.940001123
  147.000000000 -38388.455648483
  148.000000000 -38399.819454848
  149.000000000 -38410.157987865
  150.000000000 -38419.386222089
  151.000000000 -38427.474801037
  152.000000000 -38434.402943035
  153.000000000 -38440.204000635
  154.000000000 -38444.979631015
  155.000000000 -38448.861330194
  156.000000000 -38451.906931122
  157.000000000 -38452.309607346
  158.000000000 -38449.422006218
  159.000000000 -38439.859279799
  160.000000000 -38392.398374777
  161.000000000 -38315.593050432
  162.000000000 -38241.327052859
  163.000000000 -38204.995233359
  164.000000000 -38222.764941171
  165.000000000 -38279.634934075
  166.000000000 -38341.972616945
  167.000000000 -38379.965520700
  168.000000000 -38387.449461194
  169.000000000 -38395.740213343
  170.000000000 -38407.500839803
  171.000000000 -38421.596103860
  172.000000000 -38436.676882195
  173.000000000 -38451.523550444
  174.000000000 -38465.031330674
  175.000000000 -38476.340296347
  176.000000000 -38484.912716967
  177.000000000 -38490.507095106
  178.000000000 -38493.152170416
  179.000000000 -38493.095208822
  180.000000000 -38491.533397135
  181.000000000 -38489.077051883
  182.000000000 -38485.920884617
  183.000000000 -38482.350536251
  184.000000000 -38478.111574409
  185.000000000 -38472.987534479
  186.000000000 -38466.768164878
  187.000000000 -38459.307554016
  188.000000000 -38450.556166538
  189.000000000 -38440.524287703
  190.000000000 -38429.279998468
  191.000000000 -38416.976463234
  192.000000000 -38403.958555048
  193.000000000 -38390.356480610
  194.000000000 -38376.263560704
  195.000000000 -38361.788496419
  196.000000000 -38347.043385633
  197.000000000 -38332.135419469
  198.000000000 -38317.183601254
  199.000000000 -38302.323236695
  200.000000000 -38287.684784295
  201.000000000 -38273.399705820
  202.000000000 -38259.585621070
  203.000000000 -38246.371311221
  204.000000000 -38233.859770367
  205.000000000 -38222.172184643
  206.000000000 -38211.408938021
  207.000000000 -38201.646624942
  208.000000000 -38192.947610265
  209.000000000 -38185.375369294
  210.000000000 -38178.974167456
  211.000000000 -38173.740045538
  212.000000000 -38169.396668216
  213.000000000 -38165.820861107
  214.000000000 -38162.967338915
  215.000000000 -38160.812376364
  216.000000000 -38159.419509622
  217.000000000 -38158.913719513
  218.000000000 -38159.470551573
  219.000000000 -38161.309842682
  220.000000000 -38164.639057231
  221.000000000 -38169.571025835
  222.000000000 -38176.095363882
  223.000000000 -38184.054373913
  224.000000000 -38193.165916626
  225.000000000 -38203.091488565
  226.000000000 -38213.468845808
  227.000000000 -38223.963472157
  228.000000000 -38234.324590633
  229.000000000 -38244.370311656
  230.000000000 -38254.014875731
  231.000000000 -38263.216503738
  232.000000000 -38272.036347322
  233.000000000 -38280.694578805
  234.000000000 -38289.173818789
  235.000000000 -38297.435875855
  236.000000000 -38305.607654076
  237.000000000 -38313.946053584
  238.000000000 -38322.419319715
  239.000000000 -38330.992034235
  240.000000000 -38339.632528910
  241.000000000 -38348.294864259
  242.000000000 -38356.952963074
  243.000000000 -38365.558344296
  244.000000000 -38374.083439793
  245.000000000 -38382.510898412
  246.000000000 -38390.803881327
  247.000000000 -38398.938335420
  248.000000000 -38406.896569696
  249.000000000 -38414.672126407
  250.000000000 -38422.229235289
  251.000000000 -38429.470252015
  252.000000000 -38436.116823912
  253.000000000 -38442.079072468
  254.000000000 -38447.322069746
  255.000000000 -38451.868567698
  256.000000000 -38455.824546630
  257.000000000 -38459.382071806
  258.000000000 -38462.795214013
  259.000000000 -38466.338952041
  260.000000000 -38470.257433431
  261.000000000 -38474.690378037
  262.000000000 -38479.658534883
  263.000000000 -38485.031846499
  264.000000000 -38490.577443901
  265.000000000 -38495.978056610
  266.000000000 -38500.941137733
  267.000000000 -38505.208202223
  268.000000000 -38508.613863700
  269.000000000 -38511.048482316
  270.000000000 -38512.493974299
  271.000000000 -38512.959904220
  272.000000000 -38512.646725149
  273.000000000 -38511.742893218
  274.000000000 -38510.250244431
  275.000000000 -38508.148392732
  276.000000000 -38505.448482956
  277.000000000 -38502.139076401
  278.000000000 -38498.216190479
  279.000000000 -38493.670312693
  280.000000000 -38488.499931418
  281.000000000 -38482.684818169
  282.000000000 -38476.198230439
  283.000000000 -38469.044556326
  284.000000000 -38461.203871877
  285.000000000 -38452.681237516
  286.000000000 -38443.467278708
  287.000000000 -38433.557801848
  288.000000000 -38422.963307047
  289.000000000 -38411.731786397
  290.000000000 -38399.913426129
  291.000000000 -38387.572898287
  292.000000000 -38374.730044811
  293.000000000 -38361.245265616
  294.000000000 -38347.207497511
  295.000000000 -38332.748788719
  296.000000000 -38318.088593229
  297.000000000 -38303.481105713
  298.000000000 -38289.234077967
  299.000000000 -38270.700800344
  300.000000000 -38232.121169560
  301.000000000 -38181.827802035
  302.000000000 -38135.840199684
  303.000000000 -38110.953283957
  304.000000000 -38115.523585836
  305.000000000 -38143.978866687
  306.000000000 -38180.469561780
  307.000000000 -38208.067231284
  308.000000000 -38215.469992395
  309.000000000 -38213.881299892
  310.000000000 -38212.609957719
  311.000000000 -38211.563008208
  312.000000000 -38210.679068747
  313.000000000 -38210.138823460
  314.000000000 -38209.938291167
  315.000000000 -38209.964544220
  316.000000000 -38210.162009287
  317.000000000 -38210.462369845
  318.000000000 -38210.820300500
  319.000000000 -38211.215354299
  320.000000000 -38211.674759771
  321.000000000 -38212.198595309
  322.000000000 -38212.808969439
  323.000000000 -38213.522290496
  324.000000000 -38214.369718036
  325.000000000 -38215.367537861
  326.000000000 -38216.517625809
  327.000000000 -38217.827561464
  328.000000000 -38219.292326798
  329.000000000 -38220.907499656
  330.000000000 -38222.643375266
  331.000000000 -38224.488172419
  332.000000000 -38226.451780565
  333.000000000 -38228.527434089
  334.000000000 -38230.469505415
  335.000000000 -38229.469018984
  336.000000000 -38224.934246296
  337.000000000 -38217.391099781
  338.000000000 -38207.636608413
  339.000000000 -38196.635720821
  340.000000000 -38185.697102560
  341.000000000 -38176.273975587
  342.000000000 -38169.673680039
  343.000000000 -38166.838996395
  344.000000000 -38168.153189407
  345.000000000 -38173.360751011
  346.000000000 -38181.656912282
  347.000000000 -38191.819109861
  348.000000000 -38202.447921592
  349.000000000 -38212.139986547
  350.000000000 -38219.688299421
  351.000000000 -38224.140699018
  352.000000000 -38224.797281733
  353.000000000 -38223.443379861
  354.000000000 -38221.981950907
  355.000000000 -38220.291674091
  356.000000000 -38218.278971960
  357.000000000 -38215.851580314
  358.000000000 -38213.017263230
  359.000000000 -38209.926539429
  360.000000000 -38206.489316224
  361.000000000 -38202.576533837
  362.000000000 -38197.617275674
  363.000000000 -38166.835864056
  364.000000000 -38101.936207177
  365.000000000 -38017.638783667
  366.000000000 -37936.986759078
  367.000000000 -37885.644953843
  368.000000000 -37881.538709844
  369.000000000 -37926.094712438
  370.000000000 -38003.522125847
  371.000000000 -38088.730647877
  372.000000000 -38153.776146668
  373.000000000 -38175.009932862
  374.000000000 -38158.859704011
  375.000000000 -38123.226448791
  376.000000000 -38075.755433269
  377.000000000 -38027.321678240
  378.000000000 -37986.225489715
  379.000000000 -37958.201174258
  380.000000000 -37947.100378149
  381.000000000 -37954.314889833
  382.000000000 -37981.696051308
  383.000000000 -38031.692554841
  384.000000000 -38092.834601968
  385.000000000 -38151.807399462
  386.000000000 -38197.157632193
  387.000000000 -38220.911904539
  388.000000000 -38221.910547686
  389.000000000 -38219.361136412
  390.000000000 -38216.644180441
  391.000000000 -38213.747176153
  392.000000000 -38210.658441106
  393.000000000 -38207.388259436
  394.000000000 -38203.949605565
  395.000000000 -38200.343486771
  396.000000000 -38196.588508558
  397.000000000 -38192.706659481
  398.000000000 -38188.734287367
  399.000000000 -38184.678571494
  400.000000000 -38180.569716929
  401.000000000 -38176.471908022
  402.000000000 -38172.418530288
  403.000000000 -38168.454935288
  404.000000000 -38164.613853289
  405.000000000 -38160.927799115
  406.000000000 -38157.440028527
  407.000000000 -38154.172798087
  408.000000000 -38151.132660792
  409.000000000 -38148.365405432
  410.000000000 -38145.882905556
  411.000000000 -38143.701987906
  412.000000000 -38141.821443918
  413.000000000 -38140.249344620
  414.000000000 -38138.999366184
  415.000000000 -38138.073214145
  416.000000000 -38137.399918658
  417.000000000 -38135.630281836
  418.000000000 -38132.386281079
  419.000000000 -38127.935751703
  420.000000000 -38122.644231122
  421.000000000 -38116.983343165
  422.000000000 -38111.521789909
  423.000000000 -38106.908201206
  424.000000000 -38103.795526449
  425.000000000 -38102.763727554
  426.000000000 -38104.247839388
  427.000000000 -38108.479660938
  428.000000000 -38115.457049654
  429.000000000 -38124.941124613
  430.000000000 -38136.505920926
  431.000000000 -38149.589512036
  432.000000000 -38159.989853732
  433.000000000 -38157.628542356
  434.000000000 -38146.564701788
  435.000000000 -38135.235513109
  436.000000000 -38133.466095148
  437.000000000 -38147.780881527
  438.000000000 -38177.527446283
  439.000000000 -38216.049537880
  440.000000000 -38253.917637841
  441.000000000 -38282.913447407
  442.000000000 -38295.080665637
  443.000000000 -38299.276573187
  444.000000000 -38300.918509752
  445.000000000 -38302.701943508
  446.000000000 -38307.396390621
  447.000000000 -38317.081638778
  448.000000000 -38332.666613042
  449.000000000 -38353.559844467
  450.000000000 -38377.880810780
  451.000000000 -38402.901383173
  452.000000000 -38425.649231791
  453.000000000 -38443.377617793
  454.000000000 -38454.763248253
  455.000000000 -38464.563518875
  456.000000000 -38473.714547051
  457.000000000 -38482.237242462
  458.000000000 -38490.114374042
  459.000000000 -38497.382406826
  460.000000000 -38504.020811758
  461.000000000 -38510.046911219
  462.000000000 -38515.471157503
  463.000000000 -38520.296571408
  464.000000000 -38524.489900386
  465.000000000 -38526.955055786
  466.000000000 -38527.117989439
  467.000000000 -38525.018514686
  468.000000000 -38520.990120944
  469.000000000 -38515.749507383
  470.000000000 -38510.331242039
  471.000000000 -38505.847098283
  472.000000000 -38503.241077336
  473.000000000 -38501.297114377
  474.000000000 -38491.482888536
  475.000000000 -38474.327840052
  476.000000000 -38453.348062223
  477.000000000 -38433.598460881
  478.000000000 -38420.099648320
  479.000000000 -38415.667530682
  480.000000000 -38419.836886430
  481.000000000 -38430.011245510
  482.000000000 -38443.689645145
  483.000000000 -38459.928980991
  484.000000000 -38475.319065111
  485.000000000 -38460.112864651
  486.000000000 -38412.031904606
  487.000000000 -38340.554256718
  488.000000000 -38267.395165528
  489.000000000 -38220.624540074
  490.000000000 -38221.796970145
  491.000000000 -38278.847801613
  492.000000000 -38375.389581798
  493.000000000 -38482.516440847
  494.000000000 -38571.859934020
  495.000000000 -38623.165891676
  496.000000000 -38643.696742570
  497.000000000 -38663.927659036
  498.000000000 -38685.357485914
  499.000000000 -38707.472786566
