    0.000000000 -40950.912009548
    1.000000000 -40950.572243348
    2.000000000 -40950.021747228
    3.000000000 -40949.249899072
    4.000000000 -40948.246085256
    5.000000000 -40947.002540708
    6.000000000 -40945.516087518
    7.000000000 -40943.788803050
    8.000000000 -40941.828115973
    9.000000000 -40939.646752648
   10.000000000 -40937.262167533
   11.000000000 -40934.696099879
   12.000000000 -40931.975847671
   13.000000000 -40929.133967144
   14.000000000 -40926.207428317
   15.000000000 -40923.236510116
   16.000000000 -40920.263537290
   17.000000000 -40917.331544531
   18.000000000 -40914.482943054
   19.000000000 -40911.758276459
   20.000000000 -40909.195100854
   21.000000000 -40906.827042776
   22.000000000 -40904.683062140
   23.000000000 -40902.783844890
   24.000000000 -40901.137744394
   25.000000000 -40899.747034978
   26.000000000 -40898.608968487
   27.000000000 -40897.715957072
   28.000000000 -40897.055854925
   29.000000000 -40896.612336263
   30.000000000 -40896.365363979
   31.000000000 -40896.291744373
   32.000000000 -40896.365703526
   33.000000000 -40896.559312354
   34.000000000 -40896.842317719
   35.000000000 -40897.182741671
   36.000000000 -40897.547323233
   37.000000000 -40897.903332352
   38.000000000 -40898.219883741
   39.000000000 -40898.469262718
   40.000000000 -40898.627986001
   41.000000000 -40898.677192575
   42.000000000 -40898.602079740
   43.000000000 -40898.390471177
   44.000000000 -40898.031101022
   45.000000000 -40897.512423124
   46.000000000 -40896.822575793
   47.000000000 -40895.950581721
   48.000000000 -40894.888226578
   49.000000000 -40893.631722991
   50.000000000 -40892.182642111
   51.000000000 -40890.547955596
   52.000000000 -40888.739365490
   53.000000000 -40886.772303231
   54.000000000 -40884.664950957
   55.000000000 -40882.436668054
   56.000000000 -40880.108132344
   57.000000000 -40877.701976058
   58.000000000 -40875.242547491
   59.000000000 -40872.755605279
   60.000000000 -40870.267993159
   61.000000000 -40867.807302624
   62.000000000 -40865.401535903
   63.000000000 -40863.078729306
   64.000000000 -40860.866567312
   65.000000000 -40858.791995325
   66.000000000 -40856.880806945
   67.000000000 -40855.157251073
   68.000000000 -40853.643633553
   69.000000000 -40852.359936592
   70.000000000 -40851.323468289
   71.000000000 -40850.548507313
   72.000000000 -40850.046013965
   73.000000000 -40849.823379989
   74.000000000 -40849.884224523
   75.000000000 -40850.228251228
   76.000000000 -40850.851171211
   77.000000000 -40851.744699524
   78.000000000 -40852.896623433
   79.000000000 -40854.290925984
   80.000000000 -40855.908008042
   81.000000000 -40857.724977263
   82.000000000 -40859.715827477
   83.000000000 -40861.850621328
   84.000000000 -40864.096611792
   85.000000000 -40866.419847266
   86.000000000 -40868.786519323
   87.000000000 -40871.164304237
   88.000000000 -40873.523316574
   89.000000000 -40875.836280066
   90.000000000 -40878.077781223
   91.000000000 -40880.222942896
   92.000000000 -40882.246203291
   93.000000000 -40884.121028692
   94.000000000 -40885.820895356
   95.000000000 -40887.321254355
   96.000000000 -40888.601753695
   97.000000000 -40889.647897903
   98.000000000 -40890.451748928
   99.000000000 -40891.011748762
  100.000000000 -40891.331950981
  101.000000000 -40891.421084679
  102.000000000 -40891.291542797
  103.000000000 -40890.958043746
  104.000000000 -40890.438297496
  105.000000000 -40889.753030646
  106.000000000 -40888.925528811
  107.000000000 -40887.981128585
  108.000000000 -40886.946668611
  109.000000000 -40885.849912566
  110.000000000 -40884.718963941
  111.000000000 -40883.581697589
  112.000000000 -40882.465210293
  113.000000000 -40881.395283843
  114.000000000 -40880.395811351
  115.000000000 -40879.488447803
  116.000000000 -40878.692275333
  117.000000000 -40878.023510019
  118.000000000 -40877.495295257
  119.000000000 -40877.117555087
  120.000000000 -40876.896920049
  121.000000000 -40876.836740494
  122.000000000 -40876.937194853
  123.000000000 -40877.195406031
  124.000000000 -40877.605670880
  125.000000000 -40878.159730147
  126.000000000 -40878.847045297
  127.000000000 -40879.655167600
  128.000000000 -40880.569634656
  129.000000000 -40881.573149505
  130.000000000 -40882.647081869
  131.000000000 -40883.772795299
  132.000000000 -40884.933045123
  133.000000000 -40886.113330305
  134.000000000 -40887.302691738
  135.000000000 -40888.493470885
  136.000000000 -40889.679865201
  137.000000000 -40890.855656459
  138.000000000 -40892.012141529
  139.000000000 -40893.137272457
  140.000000000 -40894.216407749
  141.000000000 -40895.234205289
  142.000000000 -40896.176626284
  143.000000000 -40897.032068355
  144.000000000 -40897.791175758
  145.000000000 -40898.445547556
  146.000000000 -40898.985868294
  147.000000000 -40899.400047340
  148.000000000 -40899.671721330
  149.000000000 -40899.778911740
  150.000000000 -40899.695425133
  151.000000000 -40899.392853857
  152.000000000 -40898.843343320
  153.000000000 -40898.023549859
  154.000000000 -40896.919624339
  155.000000000 -40895.532423194
  156.000000000 -40893.881739735
  157.000000000 -40892.005796816
  158.000000000 -40889.958095767
  159.000000000 -40887.768325040
  160.000000000 -40884.121840647
  161.000000000 -40877.142198714
  162.000000000 -40868.668880672
  163.000000000 -40864.234447264
  164.000000000 -40867.050338777
  165.000000000 -40873.724292551
  166.000000000 -40878.822249033
  167.000000000 -40880.718288587
  168.000000000 -40881.377330192
  169.000000000 -40882.068038729
  170.000000000 -40882.767786264
  171.000000000 -40883.428022580
  172.000000000 -40884.010599367
  173.000000000 -40884.492216007
  174.000000000 -40884.865984749
  175.000000000 -40885.140312466
  176.000000000 -40885.336189440
  177.000000000 -40885.483424141
  178.000000000 -40885.616137572
  179.000000000 -40885.767727543
  180.000000000 -40885.965020268
  181.000000000 -40886.223605105
  182.000000000 -40886.548241180
  183.000000000 -40886.933153145
  184.000000000 -40887.364978212
  185.000000000 -40887.828065119
  186.000000000 -40888.307578549
  187.000000000 -40888.790998608
  188.000000000 -40889.268296764
  189.000000000 -40889.731216405
  190.000000000 -40890.172510555
  191.000000000 -40890.585405966
  192.000000000 -40890.962909414
  193.000000000 -40891.298385712
  194.000000000 -40891.586793487
  195.000000000 -40891.824852318
  196.000000000 -40892.011088342
  197.000000000 -40892.145804656
  198.000000000 -40892.230998335
  199.000000000 -40892.270228584
  200.000000000 -40892.268435059
  201.000000000 -40892.231720648
  202.000000000 -40892.167083846
  203.000000000 -40892.082148679
  204.000000000 -40891.984892561
  205.000000000 -40891.883371170
  206.000000000 -40891.785450842
  207.000000000 -40891.698568605
  208.000000000 -40891.629520231
  209.000000000 -40891.584280974
  210.000000000 -40891.567880342
  211.000000000 -40891.584315711
  212.000000000 -40891.635640018
  213.000000000 -40891.721046606
  214.000000000 -40891.837940650
  215.000000000 -40891.982952070
  216.000000000 -40892.153349834
  217.000000000 -40892.348657325
  218.000000000 -40892.571718338
  219.000000000 -40892.828382005
  220.000000000 -40893.125486702
  221.000000000 -40893.467583469
  222.000000000 -40893.853896393
  223.000000000 -40894.277085443
  224.000000000 -40894.724540785
  225.000000000 -40895.181563283
  226.000000000 -40895.634853855
  227.000000000 -40896.074832821
  228.000000000 -40896.496216158
  229.000000000 -40896.897193144
  230.000000000 -40897.277976919
  231.000000000 -40897.639507692
  232.000000000 -40897.982582740
  233.000000000 -40898.306908427
  234.000000000 -40898.611814602
  235.000000000 -40898.897242323
  236.000000000 -40899.163684288
  237.000000000 -40899.411512071
  238.000000000 -40899.641417418
  239.000000000 -40899.854686196
  240.000000000 -40900.053123718
  241.000000000 -40900.238973659
  242.000000000 -40900.414830245
  243.000000000 -40900.583533289
  244.000000000 -40900.748049946
  245.000000000 -40900.911340411
  246.000000000 -40901.076253968
  247.000000000 -40901.245409705
  248.000000000 -40901.421129586
  249.000000000 -40901.605334692
  250.000000000 -40901.799475819
  251.000000000 -40902.004395001
  252.000000000 -40902.219051151
  253.000000000 -40902.440429763
  254.000000000 -40902.664558074
  255.000000000 -40902.887589294
  256.000000000 -40903.107318931
  257.000000000 -40903.324711699
  258.000000000 -40903.544634941
  259.000000000 -40903.775025118
  260.000000000 -40904.024351807
  261.000000000 -40904.298236807
  262.000000000 -40904.596759496
  263.000000000 -40904.913948604
  264.000000000 -40905.239747272
  265.000000000 -40905.563484300
  266.000000000 -40905.877104736
  267.000000000 -40906.176947986
  268.000000000 -40906.463783055
  269.000000000 -40906.741635447
  270.000000000 -40907.016281855
  271.000000000 -40907.293911976
  272.000000000 -40907.580118247
  273.000000000 -40907.879042249
  274.000000000 -40908.194647165
  275.000000000 -40908.531127955
  276.000000000 -40908.892640444
  277.000000000 -40909.283102872
  278.000000000 -40909.705946990
  279.000000000 -40910.163841860
  280.000000000 -40910.658349447
  281.000000000 -40911.189543938
  282.000000000 -40911.755598073
  283.000000000 -40912.352326765
  284.000000000 -40912.972690516
  285.000000000 -40913.606575995
  286.000000000 -40914.240565975
  287.000000000 -40914.858042329
  288.000000000 -40915.439638201
  289.000000000 -40915.964143408
  290.000000000 -40916.409926069
  291.000000000 -40916.756841196
  292.000000000 -40916.988380446
  293.000000000 -40917.092747515
  294.000000000 -40917.064734775
  295.000000000 -40916.907710808
  296.000000000 -40916.634583396
  297.000000000 -40916.267685254
  298.000000000 -40915.837388650
  299.000000000 -40915.322041688
  300.000000000 -40914.032367436
  301.000000000 -40911.423741274
  302.000000000 -40908.386223427
  303.000000000 -40906.981328138
  304.000000000 -40908.544606678
  305.000000000 -40912.187517597
  306.000000000 -40915.798806229
  307.000000000 -40918.114409228
  308.000000000 -40919.394669590
  309.000000000 -40920.457006299
  310.000000000 -40921.414468529
  311.000000000 -40922.234804074
  312.000000000 -40922.892369345
  313.000000000 -40923.369689901
  314.000000000 -40923.658606998
  315.000000000 -40923.761762117
  316.000000000 -40923.691419688
  317.000000000 -40923.467186267
  318.000000000 -40923.113437556
  319.000000000 -40922.656721626
  320.000000000 -40922.123559144
  321.000000000 -40921.538817563
  322.000000000 -40920.924701902
  323.000000000 -40920.300238328
  324.000000000 -40919.681243568
  325.000000000 -40919.080531150
  326.000000000 -40918.508258942
  327.000000000 -40917.972370152
  328.000000000 -40917.479022946
  329.000000000 -40917.033066534
  330.000000000 -40916.638426377
  331.000000000 -40916.298345149
  332.000000000 -40916.015641075
  333.000000000 -40915.792857879
  334.000000000 -40915.632205307
  335.000000000 -40915.530177803
  336.000000000 -40915.476087520
  337.000000000 -40915.462610976
  338.000000000 -40915.489244304
  339.000000000 -40915.563931931
  340.000000000 -40915.702557982
  341.000000000 -40915.926936840
  342.000000000 -40916.259289357
  343.000000000 -40916.715222059
  344.000000000 -40917.297896439
  345.000000000 -40917.995760963
  346.000000000 -40918.784779733
  347.000000000 -40919.634043982
  348.000000000 -40920.512440371
  349.000000000 -40921.394081108
  350.000000000 -40922.261212346
  351.000000000 -40923.104712083
  352.000000000 -40923.922997860
  353.000000000 -40924.717210596
  354.000000000 -40925.480205996
  355.000000000 -40926.203612034
  356.000000000 -40926.879313681
  357.000000000 -40927.497773927
  358.000000000 -40928.046208628
  359.000000000 -40928.506169830
  360.000000000 -40928.853469195
  361.000000000 -40929.059259057
  362.000000000 -40929.090257733
  363.000000000 -40928.464369405
  364.000000000 -40925.782586993
  365.000000000 -40920.475532549
  366.000000000 -40913.879583776
  367.000000000 -40909.053811305
  368.000000000 -40908.800081561
  369.000000000 -40913.339067767
  370.000000000 -40920.119996234
  371.000000000 -40925.983568937
  372.000000000 -40929.277912048
  373.000000000 -40930.019272231
  374.000000000 -40929.447345778
  375.000000000 -40928.576562224
  376.000000000 -40928.055704615
  377.000000000 -40928.330039186
  378.000000000 -40929.247150890
  379.000000000 -40930.332157016
  380.000000000 -40931.377247677
  381.000000000 -40932.624820144
  382.000000000 -40934.436841345
  383.000000000 -40936.670908277
  384.000000000 -40938.868885793
  385.000000000 -40940.631997813
  386.000000000 -40941.770773918
  387.000000000 -40942.325073244
  388.000000000 -40942.493138901
  389.000000000 -40942.417620520
  390.000000000 -40942.122508553
  391.000000000 -40941.631235576
  392.000000000 -40940.971062698
  393.000000000 -40940.171787446
  394.000000000 -40939.264567524
  395.000000000 -40938.280968681
  396.000000000 -40937.252218217
  397.000000000 -40936.208668358
  398.000000000 -40935.179369893
  399.000000000 -40934.191754718
  400.000000000 -40933.271377240
  401.000000000 -40932.441726362
  402.000000000 -40931.724214609
  403.000000000 -40931.137977185
  404.000000000 -40930.699728013
  405.000000000 -40930.423642232
  406.000000000 -40930.321240047
  407.000000000 -40930.401272055
  408.000000000 -40930.669605297
  409.000000000 -40931.129135929
  410.000000000 -40931.779701004
  411.000000000 -40932.618060457
  412.000000000 -40933.637894435
  413.000000000 -40934.829900032
  414.000000000 -40936.181800545
  415.000000000 -40937.678520548
  416.000000000 -40939.302397660
  417.000000000 -40941.031716954
  418.000000000 -40942.840049811
  419.000000000 -40944.700381204
  420.000000000 -40946.586500852
  421.000000000 -40948.474122673
  422.000000000 -40950.341853496
  423.000000000 -40952.171671748
  424.000000000 -40953.948792975
  425.000000000 -40955.661055605
  426.000000000 -40957.298028856
  427.000000000 -40958.850227727
  428.000000000 -40960.308839385
  429.000000000 -40961.666190694
  430.000000000 -40962.916810262
  431.000000000 -40964.058768169
  432.000000000 -40965.059924102
  433.000000000 -40965.558999172
  434.000000000 -40965.254325863
  435.000000000 -40964.467584469
  436.000000000 -40964.122815369
  437.000000000 -40965.039987114
  438.000000000 -40967.139557645
  439.000000000 -40969.527802699
  440.000000000 -40971.349781289
  441.000000000 -40972.395904851
  442.000000000 -40972.980286210
  443.000000000 -40973.366936475
  444.000000000 -40973.598757813
  445.000000000 -40973.784206206
  446.000000000 -40974.090106742
  447.000000000 -40974.676509305
  448.000000000 -40975.625652517
  449.000000000 -40976.905205774
  450.000000000 -40978.388352061
  451.000000000 -40979.917333727
  452.000000000 -40981.372589959
  453.000000000 -40982.715241741
  454.000000000 -40983.993911144
  455.000000000 -40985.256425028
  456.000000000 -40986.494946554
  457.000000000 -40987.698409042
  458.000000000 -40988.855653486
  459.000000000 -40989.955468673
  460.000000000 -40990.986573800
  461.000000000 -40991.937762043
  462.000000000 -40992.797980075
  463.000000000 -40993.556629870
  464.000000000 -40994.203983088
  465.000000000 -40994.725327936
  466.000000000 -40995.091508909
  467.000000000 -40995.271176758
  468.000000000 -40995.241562448
  469.000000000 -40995.001520834
  470.000000000 -40994.580819470
  471.000000000 -40994.035647753
  472.000000000 -40993.427652801
  473.000000000 -40992.788247712
  474.000000000 -40991.947839788
  475.000000000 -40990.685854638
  476.000000000 -40989.098449310
  477.000000000 -40987.682825509
  478.000000000 -40987.121866749
  479.000000000 -40987.851751366
  480.000000000 -40989.757168503
  481.000000000 -40992.297337718
  482.000000000 -40994.964328293
  483.000000000 -40997.611709570
  484.000000000 -41000.314713593
  485.000000000 -41002.331114991
  486.000000000 -41002.120011540
  487.000000000 -40999.053983670
  488.000000000 -40994.588382701
  489.000000000 -40992.130802685
  490.000000000 -40994.706120010
  491.000000000 -41002.441392581
  492.000000000 -41012.528623623
  493.000000000 -41021.589146266
  494.000000000 -41027.878517470
  495.000000000 -41031.755408419
  496.000000000 -41034.664395157
  497.000000000 -41037.124781636
  498.000000000 -41039.092680890
  499.000000000 -41040.524316362
