    0.000000000     9.753337135
    1.000000000     9.772951237
    2.000000000     9.765609310
    3.000000000     9.733081710
    4.000000000     9.677812162
    5.000000000     9.602724835
    6.000000000     9.511021148
    7.000000000     9.406029473
    8.000000000     9.291068093
    9.000000000     9.169371277
   10.000000000     9.043473771
   11.000000000     8.916060168
   12.000000000     8.790016794
   13.000000000     8.667917850
   14.000000000     8.552006973
   15.000000000     8.444128886
   16.000000000     8.345795707
   17.000000000     8.258173184
   18.000000000     8.182129201
   19.000000000     8.118256920
   20.000000000     8.066916854
   21.000000000     8.028310041
   22.000000000     8.002223548
   23.000000000     7.978718818
   24.000000000     7.953001820
   25.000000000     7.925295018
   26.000000000     7.895773281
   27.000000000     7.864635079
   28.000000000     7.832113095
   29.000000000     7.798438561
   30.000000000     7.763786305
   31.000000000     7.728387732
   32.000000000     7.692484465
   33.000000000     7.655675799
   34.000000000     7.617397760
   35.000000000     7.578671372
   36.000000000     7.539968270
   37.000000000     7.501548077
   38.000000000     7.463525804
   39.000000000     7.425866796
   40.000000000     7.388381099
   41.000000000     7.350776968
   42.000000000     7.312774887
   43.000000000     7.274176945
   44.000000000     7.234946019
   45.000000000     7.195239794
   46.000000000     7.155513373
   47.000000000     7.116375920
   48.000000000     7.078602203
   49.000000000     7.043127201
   50.000000000     7.010600084
   51.000000000     6.981436577
   52.000000000     6.955884541
   53.000000000     6.934088021
   54.000000000     6.915867096
   55.000000000     6.900492927
   56.000000000     6.887853926
   57.000000000     6.877913726
   58.000000000     6.870642250
   59.000000000     6.865988672
   60.000000000     6.863837084
   61.000000000     6.864076718
   62.000000000     6.866580693
   63.000000000     6.871216880
   64.000000000     6.877855157
   65.000000000     6.886345765
   66.000000000     6.896527784
   67.000000000     6.908247522
   68.000000000     6.921347933
   69.000000000     6.935686389
   70.000000000     6.951088486
   71.000000000     6.967449379
   72.000000000     6.984582865
   73.000000000     7.002354341
   74.000000000     7.020651658
   75.000000000     7.039365361
   76.000000000     7.058414323
   77.000000000     7.077706886
   78.000000000     7.097177120
   79.000000000     7.116740509
   80.000000000     7.136362995
   81.000000000     7.156002064
   82.000000000     7.175947175
   83.000000000     7.196847052
   84.000000000     7.218731915
   85.000000000     7.241532730
   86.000000000     7.265017099
   87.000000000     7.288773715
   88.000000000     7.312322046
   89.000000000     7.335029976
   90.000000000     7.356388821
   91.000000000     7.375992155
   92.000000000     7.393688414
   93.000000000     7.409535478
   94.000000000     7.423877752
   95.000000000     7.437184269
   96.000000000     7.449947081
   97.000000000     7.462650837
   98.000000000     7.475638943
   99.000000000     7.489102604
  100.000000000     7.503091318
  101.000000000     7.517505022
  102.000000000     7.531784268
  103.000000000     7.545249893
  104.000000000     7.557789112
  105.000000000     7.569287649
  106.000000000     7.579605742
  107.000000000     7.588603247
  108.000000000     7.596146179
  109.000000000     7.602080030
  110.000000000     7.606268154
  111.000000000     7.608613450
  112.000000000     7.609020650
  113.000000000     7.607221344
  114.000000000     7.602984847
  115.000000000     7.596236619
  116.000000000     7.586888254
  117.000000000     7.574922341
  118.000000000     7.560327536
  119.000000000     7.543095815
  120.000000000     7.523260088
  121.000000000     7.500891994
  122.000000000     7.476055268
  123.000000000     7.448828777
  124.000000000     7.419348880
  125.000000000     7.387740756
  126.000000000     7.354124718
  127.000000000     7.318622355
  128.000000000     7.281968156
  129.000000000     7.244841469
  130.000000000     7.207426946
  131.000000000     7.169829317
  132.000000000     7.131947754
  133.000000000     7.093514174
  134.000000000     7.054143253
  135.000000000     7.013380713
  136.000000000     6.970826904
  137.000000000     6.926251076
  138.000000000     6.879690753
  139.000000000     6.831522148
  140.000000000     6.782382728
  141.000000000     6.733094223
  142.000000000     6.684551949
  143.000000000     6.637582213
  144.000000000     6.592879365
  145.000000000     6.550927208
  146.000000000     6.512092453
  147.000000000     6.476611896
  148.000000000     6.444394349
  149.000000000     6.415080881
  150.000000000     6.388911968
  151.000000000     6.365970174
  152.000000000     6.346313544
  153.000000000     6.329846565
  154.000000000     6.316280240
  155.000000000     6.305241248
  156.000000000     6.296565726
  157.000000000     6.295371673
  158.000000000     6.303491674
  159.000000000     6.330806066
  160.000000000     6.465740630
  161.000000000     6.683005854
  162.000000000     6.892248224
  163.000000000     6.994457537
  164.000000000     6.944771550
  165.000000000     6.784688538
  166.000000000     6.608266564
  167.000000000     6.500040564
  168.000000000     6.478555864
  169.000000000     6.455044986
  170.000000000     6.421705621
  171.000000000     6.381751940
  172.000000000     6.339003520
  173.000000000     6.296914071
  174.000000000     6.258612588
  175.000000000     6.226534956
  176.000000000     6.202204817
  177.000000000     6.186307000
  178.000000000     6.178761136
  179.000000000     6.178868031
  180.000000000     6.183238663
  181.000000000     6.190144228
  182.000000000     6.199033332
  183.000000000     6.209096613
  184.000000000     6.221053381
  185.000000000     6.235516079
  186.000000000     6.253079841
  187.000000000     6.274157821
  188.000000000     6.298890458
  189.000000000     6.327248768
  190.000000000     6.359040058
  191.000000000     6.393830749
  192.000000000     6.430644110
  193.000000000     6.469111112
  194.000000000     6.508967473
  195.000000000     6.549905367
  196.000000000     6.591607359
  197.000000000     6.633769928
  198.000000000     6.676056105
  199.000000000     6.718082767
  200.000000000     6.759480518
  201.000000000     6.799877133
  202.000000000     6.838939584
  203.000000000     6.876303234
  204.000000000     6.911676468
  205.000000000     6.944716152
  206.000000000     6.975138053
  207.000000000     7.002725301
  208.000000000     7.027301315
  209.000000000     7.048686358
  210.000000000     7.066755078
  211.000000000     7.081518829
  212.000000000     7.093760495
  213.000000000     7.103828545
  214.000000000     7.111851031
  215.000000000     7.117894870
  216.000000000     7.121779809
  217.000000000     7.123151690
  218.000000000     7.121513425
  219.000000000     7.116242813
  220.000000000     7.106752953
  221.000000000     7.092724885
  222.000000000     7.074188246
  223.000000000     7.051589359
  224.000000000     7.025726598
  225.000000000     6.997557908
  226.000000000     6.968108701
  227.000000000     6.938326201
  228.000000000     6.908920759
  229.000000000     6.880407765
  230.000000000     6.853030330
  231.000000000     6.826906928
  232.000000000     6.801864656
  233.000000000     6.777279802
  234.000000000     6.753201386
  235.000000000     6.729737558
  236.000000000     6.706529216
  237.000000000     6.682848614
  238.000000000     6.658785670
  239.000000000     6.634440710
  240.000000000     6.609903432
  241.000000000     6.585303951
  242.000000000     6.560716138
  243.000000000     6.536277308
  244.000000000     6.512065569
  245.000000000     6.488130066
  246.000000000     6.464575155
  247.000000000     6.441468954
  248.000000000     6.418861589
  249.000000000     6.396771350
  250.000000000     6.375299542
  251.000000000     6.354723066
  252.000000000     6.335830083
  253.000000000     6.318874938
  254.000000000     6.303956340
  255.000000000     6.291009571
  256.000000000     6.279734205
  257.000000000     6.269586179
  258.000000000     6.259846135
  259.000000000     6.249735835
  260.000000000     6.238564508
  261.000000000     6.225936998
  262.000000000     6.211794631
  263.000000000     6.196505341
  264.000000000     6.180727918
  265.000000000     6.165360235
  266.000000000     6.151230436
  267.000000000     6.139070538
  268.000000000     6.129349144
  269.000000000     6.122377026
  270.000000000     6.118205658
  271.000000000     6.116808112
  272.000000000     6.117617120
  273.000000000     6.120098460
  274.000000000     6.124246913
  275.000000000     6.130120280
  276.000000000     6.137687010
  277.000000000     6.146979551
  278.000000000     6.158009218
  279.000000000     6.170803011
  280.000000000     6.185365267
  281.000000000     6.201753362
  282.000000000     6.220043088
  283.000000000     6.240222120
  284.000000000     6.262346895
  285.000000000     6.286403156
  286.000000000     6.312417418
  287.000000000     6.340401469
  288.000000000     6.370325396
  289.000000000     6.402053020
  290.000000000     6.435441844
  291.000000000     6.470308280
  292.000000000     6.506596058
  293.000000000     6.544700036
  294.000000000     6.584368014
  295.000000000     6.625225863
  296.000000000     6.666652198
  297.000000000     6.707927497
  298.000000000     6.748180846
  299.000000000     6.800790416
  300.000000000     6.910133419
  301.000000000     7.052353461
  302.000000000     7.182119531
  303.000000000     7.252252450
  304.000000000     7.239401112
  305.000000000     7.159133544
  306.000000000     7.055910417
  307.000000000     6.977554116
  308.000000000     6.956226396
  309.000000000     6.960645178
  310.000000000     6.964163855
  311.000000000     6.967045182
  312.000000000     6.969462668
  313.000000000     6.970904672
  314.000000000     6.971382085
  315.000000000     6.971215053
  316.000000000     6.970561514
  317.000000000     6.969615532
  318.000000000     6.968506064
  319.000000000     6.967291508
  320.000000000     6.965895115
  321.000000000     6.964316890
  322.000000000     6.962494351
  323.000000000     6.960381025
  324.000000000     6.957888635
  325.000000000     6.954970992
  326.000000000     6.951622676
  327.000000000     6.947822132
  328.000000000     6.943583458
  329.000000000     6.938919069
  330.000000000     6.933913042
  331.000000000     6.928598659
  332.000000000     6.922947863
  333.000000000     6.916979795
  334.000000000     6.911390944
  335.000000000     6.914137328
  336.000000000     6.926891473
  337.000000000     6.948163504
  338.000000000     6.975695946
  339.000000000     7.006756420
  340.000000000     7.037639143
  341.000000000     7.064229804
  342.000000000     7.082827489
  343.000000000     7.090763432
  344.000000000     7.086952663
  345.000000000     7.072118270
  346.000000000     7.048538140
  347.000000000     7.019673108
  348.000000000     6.989485101
  349.000000000     6.961947701
  350.000000000     6.940478911
  351.000000000     6.927775360
  352.000000000     6.925819417
  353.000000000     6.929559937
  354.000000000     6.933604287
  355.000000000     6.938296311
  356.000000000     6.943901406
  357.000000000     6.950681231
  358.000000000     6.958614528
  359.000000000     6.967274967
  360.000000000     6.976917542
  361.000000000     6.987907580
  362.000000000     7.001888347
  363.000000000     7.089355381
  364.000000000     7.273250786
  365.000000000     7.511699600
  366.000000000     7.739460963
  367.000000000     7.884237220
  368.000000000     7.895732178
  369.000000000     7.769942709
  370.000000000     7.551149299
  371.000000000     7.309983955
  372.000000000     7.125637923
  373.000000000     7.065088118
  374.000000000     7.110561880
  375.000000000     7.211268511
  376.000000000     7.345526753
  377.000000000     7.482626166
  378.000000000     7.599003181
  379.000000000     7.678296974
  380.000000000     7.709565629
  381.000000000     7.688927951
  382.000000000     7.611326733
  383.000000000     7.469724209
  384.000000000     7.296543081
  385.000000000     7.129461145
  386.000000000     7.000910349
  387.000000000     6.933484096
  388.000000000     6.930516027
  389.000000000     6.937627098
  390.000000000     6.945211693
  391.000000000     6.953305593
  392.000000000     6.961942202
  393.000000000     6.971092688
  394.000000000     6.980720537
  395.000000000     6.990823074
  396.000000000     7.001347722
  397.000000000     7.012232309
  398.000000000     7.023373962
  399.000000000     7.034752363
  400.000000000     7.046282012
  401.000000000     7.057781082
  402.000000000     7.069155033
  403.000000000     7.080275414
  404.000000000     7.091049497
  405.000000000     7.101385157
  406.000000000     7.111159852
  407.000000000     7.120310508
  408.000000000     7.128818505
  409.000000000     7.136554128
  410.000000000     7.143483674
  411.000000000     7.149559432
  412.000000000     7.154784718
  413.000000000     7.159136650
  414.000000000     7.162576390
  415.000000000     7.165099011
  416.000000000     7.166905627
  417.000000000     7.171817651
  418.000000000     7.180904255
  419.000000000     7.193406761
  420.000000000     7.208289785
  421.000000000     7.224217557
  422.000000000     7.239579499
  423.000000000     7.252538811
  424.000000000     7.261246553
  425.000000000     7.264060535
  426.000000000     7.259748977
  427.000000000     7.247655553
  428.000000000     7.227786294
  429.000000000     7.200817546
  430.000000000     7.167955391
  431.000000000     7.130791020
  432.000000000     7.101336900
  433.000000000     7.107996933
  434.000000000     7.139172589
  435.000000000     7.170970045
  436.000000000     7.175707638
  437.000000000     7.135074378
  438.000000000     7.050899386
  439.000000000     6.941855615
  440.000000000     6.834525879
  441.000000000     6.752209937
  442.000000000     6.717567180
  443.000000000     6.705573805
  444.000000000     6.700794349
  445.000000000     6.695601834
  446.000000000     6.682165962
  447.000000000     6.654610914
  448.000000000     6.610369806
  449.000000000     6.551113525
  450.000000000     6.482154894
  451.000000000     6.411206146
  452.000000000     6.346676484
  453.000000000     6.296342662
  454.000000000     6.263972117
  455.000000000     6.236107136
  456.000000000     6.210080708
  457.000000000     6.185833632
  458.000000000     6.163414709
  459.000000000     6.142720737
  460.000000000     6.123809852
  461.000000000     6.106633043
  462.000000000     6.091160686
  463.000000000     6.077384189
  464.000000000     6.065398266
  465.000000000     6.058311114
  466.000000000     6.057744035
  467.000000000     6.063582550
  468.000000000     6.074879765
  469.000000000     6.089604225
  470.000000000     6.104826978
  471.000000000     6.117403685
  472.000000000     6.124666368
  473.000000000     6.130108405
  474.000000000     6.157855426
  475.000000000     6.206328079
  476.000000000     6.265551191
  477.000000000     6.321249400
  478.000000000     6.359288740
  479.000000000     6.371755622
  480.000000000     6.359943894
  481.000000000     6.331116495
  482.000000000     6.292291586
  483.000000000     6.246166100
  484.000000000     6.202620653
  485.000000000     6.245963073
  486.000000000     6.382232502
  487.000000000     6.584350846
  488.000000000     6.790810204
  489.000000000     6.922577456
  490.000000000     6.919122484
  491.000000000     6.757981696
  492.000000000     6.485082615
  493.000000000     6.181855471
  494.000000000     5.928563789
  495.000000000     5.782735413
  496.000000000     5.724428854
  497.000000000     5.667037134
  498.000000000     5.606248813
  499.000000000     5.543516523
