    0.000000000    11.897069931
    1.000000000    11.897069931
    2.000000000    11.897069931
    3.000000000    11.897069931
    4.000000000    11.897069931
    5.000000000    11.897069931
    6.000000000    11.897069931
    7.000000000    11.897069931
    8.000000000    11.897069931
    9.000000000    11.897069931
   10.000000000    11.897069931
   11.000000000    11.897069931
   12.000000000    11.897069931
   13.000000000    11.897069931
   14.000000000    11.897069931
   15.000000000    11.897069931
   16.000000000    11.897069931
   17.000000000    11.897069931
   18.000000000    11.897069931
   19.000000000    11.897069931
   20.000000000    11.897069931
   21.000000000    11.897069931
   22.000000000    11.897069931
   23.000000000    11.897069931
   24.000000000    11.897069931
   25.000000000    11.897069931
   26.000000000    11.897069931
   27.000000000    11.897069931
   28.000000000    11.897069931
   29.000000000    11.897069931
   30.000000000    11.897069931
   31.000000000    11.897069931
   32.000000000    11.897069931
   33.000000000    11.897069931
   34.000000000    11.897069931
   35.000000000    11.897069931
   36.000000000    11.897069931
   37.000000000    11.897069931
   38.000000000    11.897069931
   39.000000000    11.897069931
   40.000000000    11.897069931
   41.000000000    11.897069931
   42.000000000    11.897069931
   43.000000000    11.897069931
   44.000000000    11.897069931
   45.000000000    11.897069931
   46.000000000    11.897069931
   47.000000000    11.897069931
   48.000000000    11.897069931
   49.000000000    11.897069931
   50.000000000    11.897069931
   51.000000000    11.897069931
   52.000000000    11.897069931
   53.000000000    11.897069931
   54.000000000    11.897069931
   55.000000000    11.897069931
   56.000000000    11.897069931
   57.000000000    11.897069931
   58.000000000    11.897069931
   59.000000000    11.897069931
   60.000000000    11.897069931
   61.000000000    11.897069931
   62.000000000    11.897069931
   63.000000000    11.897069931
   64.000000000    11.897069931
   65.000000000    11.897069931
   66.000000000    11.897069931
   67.000000000    11.897069931
   68.000000000    11.897069931
   69.000000000    11.897069931
   70.000000000    11.897069931
   71.000000000    11.897069931
   72.000000000    11.897069931
   73.000000000    11.897069931
   74.000000000    11.897069931
   75.000000000    11.897069931
   76.000000000    11.897069931
   77.000000000    11.897069931
   78.000000000    11.897069931
   79.000000000    11.897069931
   80.000000000    11.897069931
   81.000000000    11.897069931
   82.000000000    11.897069931
   83.000000000    11.897069931
   84.000000000    11.897069931
   85.000000000    11.897069931
   86.000000000    11.897069931
   87.000000000    11.897069931
   88.000000000    11.897069931
   89.000000000    11.897069931
   90.000000000    11.897069931
   91.000000000    11.897069931
   92.000000000    11.897069931
   93.000000000    11.897069931
   94.000000000    11.897069931
   95.000000000    11.897069931
   96.000000000    11.897069931
   97.000000000    11.897069931
   98.000000000    11.897069931
   99.000000000    11.897069931
  100.000000000    11.897069931
  101.000000000    11.897069931
  102.000000000    11.897069931
  103.000000000    11.897069931
  104.000000000    11.897069931
  105.000000000    11.897069931
  106.000000000    11.897069931
  107.000000000    11.897069931
  108.000000000    11.897069931
  109.000000000    11.897069931
  110.000000000    11.897069931
  111.000000000    11.897069931
  112.000000000    11.897069931
  113.000000000    11.897069931
  114.000000000    11.897069931
  115.000000000    11.897069931
  116.000000000    11.897069931
  117.000000000    11.897069931
  118.000000000    11.897069931
  119.000000000    11.897069931
  120.000000000    11.897069931
  121.000000000    11.897069931
  122.000000000    11.897069931
  123.000000000    11.897069931
  124.000000000    11.897069931
  125.000000000    11.897069931
  126.000000000    11.897069931
  127.000000000    11.897069931
  128.000000000    11.897069931
  129.000000000    11.897069931
  130.000000000    11.897069931
  131.000000000    11.897069931
  132.000000000    11.897069931
  133.000000000    11.897069931
  134.000000000    11.897069931
  135.000000000    11.897069931
  136.000000000    11.897069931
  137.000000000    11.897069931
  138.000000000    11.897069931
  139.000000000    11.897069931
  140.000000000    11.897069931
  141.000000000    11.897069931
  142.000000000    11.897069931
  143.000000000    11.897069931
  144.000000000    11.897069931
  145.000000000    11.897069931
  146.000000000    11.897069931
  147.000000000    11.897069931
  148.000000000    11.897069931
  149.000000000    11.897069931
  150.000000000    11.897069931
  151.000000000    11.897069931
  152.000000000    11.897069931
  153.000000000    11.897069931
  154.000000000    11.897069931
  155.000000000    11.897069931
  156.000000000    11.897069931
  157.000000000    11.897069931
  158.000000000    11.897069931
  159.000000000    11.897069931
  160.000000000    11.897069931
  161.000000000    11.897069931
  162.000000000    11.897069931
  163.000000000    11.897069931
  164.000000000    11.897069931
  165.000000000    11.897069931
  166.000000000    11.897069931
  167.000000000    11.897069931
  168.000000000    11.897069931
  169.000000000    11.897069931
  170.000000000    11.897069931
  171.000000000    11.897069931
  172.000000000    11.897069931
  173.000000000    11.897069931
  174.000000000    11.897069931
  175.000000000    11.897069931
  176.000000000    11.897069931
  177.000000000    11.897069931
  178.000000000    11.897069931
  179.000000000    11.897069931
  180.000000000    11.897069931
  181.000000000    11.897069931
  182.000000000    11.897069931
  183.000000000    11.897069931
  184.000000000    11.897069931
  185.000000000    11.897069931
  186.000000000    11.897069931
  187.000000000    11.897069931
  188.000000000    11.897069931
  189.000000000    11.897069931
  190.000000000    11.897069931
  191.000000000    11.897069931
  192.000000000    11.897069931
  193.000000000    11.897069931
  194.000000000    11.897069931
  195.000000000    11.897069931
  196.000000000    11.897069931
  197.000000000    11.897069931
  198.000000000    11.897069931
  199.000000000    11.897069931
  200.000000000    11.897069931
  201.000000000    11.897069931
  202.000000000    11.897069931
  203.000000000    11.897069931
  204.000000000    11.897069931
  205.000000000    11.897069931
  206.000000000    11.897069931
  207.000000000    11.897069931
  208.000000000    11.897069931
  209.000000000    11.897069931
  210.000000000    11.897069931
  211.000000000    11.897069931
  212.000000000    11.897069931
  213.000000000    11.897069931
  214.000000000    11.897069931
  215.000000000    11.897069931
  216.000000000    11.897069931
  217.000000000    11.897069931
  218.000000000    11.897069931
  219.000000000    11.897069931
  220.000000000    11.897069931
  221.000000000    11.897069931
  222.000000000    11.897069931
  223.000000000    11.897069931
  224.000000000    11.897069931
  225.000000000    11.897069931
  226.000000000    11.897069931
  227.000000000    11.897069931
  228.000000000    11.897069931
  229.000000000    11.897069931
  230.000000000    11.897069931
  231.000000000    11.897069931
  232.000000000    11.897069931
  233.000000000    11.897069931
  234.000000000    11.897069931
  235.000000000    11.897069931
  236.000000000    11.897069931
  237.000000000    11.897069931
  238.000000000    11.897069931
  239.000000000    11.897069931
  240.000000000    11.897069931
  241.000000000    11.897069931
  242.000000000    11.897069931
  243.000000000    11.897069931
  244.000000000    11.897069931
  245.000000000    11.897069931
  246.000000000    11.897069931
  247.000000000    11.897069931
  248.000000000    11.897069931
  249.000000000    11.897069931
  250.000000000    11.897069931
  251.000000000    11.897069931
  252.000000000    11.897069931
  253.000000000    11.897069931
  254.000000000    11.897069931
  255.000000000    11.897069931
  256.000000000    11.897069931
  257.000000000    11.897069931
  258.000000000    11.897069931
  259.000000000    11.897069931
  260.000000000    11.897069931
  261.000000000    11.897069931
  262.000000000    11.897069931
  263.000000000    11.897069931
  264.000000000    11.897069931
  265.000000000    11.897069931
  266.000000000    11.897069931
  267.000000000    11.897069931
  268.000000000    11.897069931
  269.000000000    11.897069931
  270.000000000    11.897069931
  271.000000000    11.897069931
  272.000000000    11.897069931
  273.000000000    11.897069931
  274.000000000    11.897069931
  275.000000000    11.897069931
  276.000000000    11.897069931
  277.000000000    11.897069931
  278.000000000    11.897069931
  279.000000000    11.897069931
  280.000000000    11.897069931
  281.000000000    11.897069931
  282.000000000    11.897069931
  283.000000000    11.897069931
  284.000000000    11.897069931
  285.000000000    11.897069931
  286.000000000    11.897069931
  287.000000000    11.897069931
  288.000000000    11.897069931
  289.000000000    11.897069931
  290.000000000    11.897069931
  291.000000000    11.897069931
  292.000000000    11.897069931
  293.000000000    11.897069931
  294.000000000    11.897069931
  295.000000000    11.897069931
  296.000000000    11.897069931
  297.000000000    11.897069931
  298.000000000    11.897069931
  299.000000000    11.897069931
  300.000000000    11.897069931
  301.000000000    11.897069931
  302.000000000    11.897069931
  303.000000000    11.897069931
  304.000000000    11.897069931
  305.000000000    11.897069931
  306.000000000    11.897069931
  307.000000000    11.897069931
  308.000000000    11.897069931
  309.000000000    11.897069931
  310.000000000    11.897069931
  311.000000000    11.897069931
  312.000000000    11.897069931
  313.000000000    11.897069931
  314.000000000    11.897069931
  315.000000000    11.897069931
  316.000000000    11.897069931
  317.000000000    11.897069931
  318.000000000    11.897069931
  319.000000000    11.897069931
  320.000000000    11.897069931
  321.000000000    11.897069931
  322.000000000    11.897069931
  323.000000000    11.897069931
  324.000000000    11.897069931
  325.000000000    11.897069931
  326.000000000    11.897069931
  327.000000000    11.897069931
  328.000000000    11.897069931
  329.000000000    11.897069931
  330.000000000    11.897069931
  331.000000000    11.897069931
  332.000000000    11.897069931
  333.000000000    11.897069931
  334.000000000    11.897069931
  335.000000000    11.897069931
  336.000000000    11.897069931
  337.000000000    11.897069931
  338.000000000    11.897069931
  339.000000000    11.897069931
  340.000000000    11.897069931
  341.000000000    11.897069931
  342.000000000    11.897069931
  343.000000000    11.897069931
  344.000000000    11.897069931
  345.000000000    11.897069931
  346.000000000    11.897069931
  347.000000000    11.897069931
  348.000000000    11.897069931
  349.000000000    11.897069931
  350.000000000    11.897069931
  351.000000000    11.897069931
  352.000000000    11.897069931
  353.000000000    11.897069931
  354.000000000    11.897069931
  355.000000000    11.897069931
  356.000000000    11.897069931
  357.000000000    11.897069931
  358.000000000    11.897069931
  359.000000000    11.897069931
  360.000000000    11.897069931
  361.000000000    11.897069931
  362.000000000    11.897069931
  363.000000000    11.897069931
  364.000000000    11.897069931
  365.000000000    11.897069931
  366.000000000    11.897069931
  367.000000000    11.897069931
  368.000000000    11.897069931
  369.000000000    11.897069931
  370.000000000    11.897069931
  371.000000000    11.897069931
  372.000000000    11.897069931
  373.000000000    11.897069931
  374.000000000    11.897069931
  375.000000000    11.897069931
  376.000000000    11.897069931
  377.000000000    11.897069931
  378.000000000    11.897069931
  379.000000000    11.897069931
  380.000000000    11.897069931
  381.000000000    11.897069931
  382.000000000    11.897069931
  383.000000000    11.897069931
  384.000000000    11.897069931
  385.000000000    11.897069931
  386.000000000    11.897069931
  387.000000000    11.897069931
  388.000000000    11.897069931
  389.000000000    11.897069931
  390.000000000    11.897069931
  391.000000000    11.897069931
  392.000000000    11.897069931
  393.000000000    11.897069931
  394.000000000    11.897069931
  395.000000000    11.897069931
  396.000000000    11.897069931
  397.000000000    11.897069931
  398.000000000    11.897069931
  399.000000000    11.897069931
  400.000000000    11.897069931
  401.000000000    11.897069931
  402.000000000    11.897069931
  403.000000000    11.897069931
  404.000000000    11.897069931
  405.000000000    11.897069931
  406.000000000    11.897069931
  407.000000000    11.897069931
  408.000000000    11.897069931
  409.000000000    11.897069931
  410.000000000    11.897069931
  411.000000000    11.897069931
  412.000000000    11.897069931
  413.000000000    11.897069931
  414.000000000    11.897069931
  415.000000000    11.897069931
  416.000000000    11.897069931
  417.000000000    11.897069931
  418.000000000    11.897069931
  419.000000000    11.897069931
  420.000000000    11.897069931
  421.000000000    11.897069931
  422.000000000    11.897069931
  423.000000000    11.897069931
  424.000000000    11.897069931
  425.000000000    11.897069931
  426.000000000    11.897069931
  427.000000000    11.897069931
  428.000000000    11.897069931
  429.000000000    11.897069931
  430.000000000    11.897069931
  431.000000000    11.897069931
  432.000000000    11.897069931
  433.000000000    11.897069931
  434.000000000    11.897069931
  435.000000000    11.897069931
  436.000000000    11.897069931
  437.000000000    11.897069931
  438.000000000    11.897069931
  439.000000000    11.897069931
  440.000000000    11.897069931
  441.000000000    11.897069931
  442.000000000    11.897069931
  443.000000000    11.897069931
  444.000000000    11.897069931
  445.000000000    11.897069931
  446.000000000    11.897069931
  447.000000000    11.897069931
  448.000000000    11.897069931
  449.000000000    11.897069931
  450.000000000    11.897069931
  451.000000000    11.897069931
  452.000000000    11.897069931
  453.000000000    11.897069931
  454.000000000    11.897069931
  455.000000000    11.897069931
  456.000000000    11.897069931
  457.000000000    11.897069931
  458.000000000    11.897069931
  459.000000000    11.897069931
  460.000000000    11.897069931
  461.000000000    11.897069931
  462.000000000    11.897069931
  463.000000000    11.897069931
  464.000000000    11.897069931
  465.000000000    11.897069931
  466.000000000    11.897069931
  467.000000000    11.897069931
  468.000000000    11.897069931
  469.000000000    11.897069931
  470.000000000    11.897069931
  471.000000000    11.897069931
  472.000000000    11.897069931
  473.000000000    11.897069931
  474.000000000    11.897069931
  475.000000000    11.897069931
  476.000000000    11.897069931
  477.000000000    11.897069931
  478.000000000    11.897069931
  479.000000000    11.897069931
  480.000000000    11.897069931
  481.000000000    11.897069931
  482.000000000    11.897069931
  483.000000000    11.897069931
  484.000000000    11.897069931
  485.000000000    11.897069931
  486.000000000    11.897069931
  487.000000000    11.897069931
  488.000000000    11.897069931
  489.000000000    11.897069931
  490.000000000    11.897069931
  491.000000000    11.897069931
  492.000000000    11.897069931
  493.000000000    11.897069931
  494.000000000    11.897069931
  495.000000000    11.897069931
  496.000000000    11.897069931
  497.000000000    11.897069931
  498.000000000    11.897069931
  499.000000000    11.897069931
