    0.000000000     1.804078435
    1.000000000     1.804078435
    2.000000000     1.804078435
    3.000000000     1.804078435
    4.000000000     1.804078435
    5.000000000     1.804078435
    6.000000000     1.804078435
    7.000000000     1.804078435
    8.000000000     1.804078435
    9.000000000     1.804078435
   10.000000000     1.804078435
   11.000000000     1.804078435
   12.000000000     1.804078435
   13.000000000     1.804078435
   14.000000000     1.804078435
   15.000000000     1.804078435
   16.000000000     1.804078435
   17.000000000     1.804078435
   18.000000000     1.804078435
   19.000000000     1.804078435
   20.000000000     1.804078435
   21.000000000     1.804078435
   22.000000000     1.804078435
   23.000000000     1.804078435
   24.000000000     1.804078435
   25.000000000     1.804078435
   26.000000000     1.804078435
   27.000000000     1.804078435
   28.000000000     1.804078435
   29.000000000     1.804078435
   30.000000000     1.804078435
   31.000000000     1.804078435
   32.000000000     1.804078435
   33.000000000     1.804078435
   34.000000000     1.804078435
   35.000000000     1.804078435
   36.000000000     1.804078435
   37.000000000     1.804078435
   38.000000000     1.804078435
   39.000000000     1.804078435
   40.000000000     1.804078435
   41.000000000     1.804078435
   42.000000000     1.804078435
   43.000000000     1.804078435
   44.000000000     1.804078435
   45.000000000     1.804078435
   46.000000000     1.804078435
   47.000000000     1.804078435
   48.000000000     1.804078435
   49.000000000     1.804078435
   50.000000000     1.804078435
   51.000000000     1.804078435
   52.000000000     1.804078435
   53.000000000     1.804078435
   54.000000000     1.804078435
   55.000000000     1.804078435
   56.000000000     1.804078435
   57.000000000     1.804078435
   58.000000000     1.804078435
   59.000000000     1.804078435
   60.000000000     1.804078435
   61.000000000     1.804078435
   62.000000000     1.804078435
   63.000000000     1.804078435
   64.000000000     1.804078435
   65.000000000     1.804078435
   66.000000000     1.804078435
   67.000000000     1.804078435
   68.000000000     1.804078435
   69.000000000     1.804078435
   70.000000000     1.804078435
   71.000000000     1.804078435
   72.000000000     1.804078435
   73.000000000     1.804078435
   74.000000000     1.804078435
   75.000000000     1.804078435
   76.000000000     1.804078435
   77.000000000     1.804078435
   78.000000000     1.804078435
   79.000000000     1.804078435
   80.000000000     1.804078435
   81.000000000     1.804078435
   82.000000000     1.804078435
   83.000000000     1.804078435
   84.000000000     1.804078435
   85.000000000     1.804078435
   86.000000000     1.804078435
   87.000000000     1.804078435
   88.000000000     1.804078435
   89.000000000     1.804078435
   90.000000000     1.804078435
   91.000000000     1.804078435
   92.000000000     1.804078435
   93.000000000     1.804078435
   94.000000000     1.804078435
   95.000000000     1.804078435
   96.000000000     1.804078435
   97.000000000     1.804078435
   98.000000000     1.804078435
   99.000000000     1.804078435
  100.000000000     1.804078435
  101.000000000     1.804078435
  102.000000000     1.804078435
  103.000000000     1.804078435
  104.000000000     1.804078435
  105.000000000     1.804078435
  106.000000000     1.804078435
  107.000000000     1.804078435
  108.000000000     1.804078435
  109.000000000     1.804078435
  110.000000000     1.804078435
  111.000000000     1.804078435
  112.000000000     1.804078435
  113.000000000     1.804078435
  114.000000000     1.804078435
  115.000000000     1.804078435
  116.000000000     1.804078435
  117.000000000     1.804078435
  118.000000000     1.804078435
  119.000000000     1.804078435
  120.000000000     1.804078435
  121.000000000     1.804078435
  122.000000000     1.804078435
  123.000000000     1.804078435
  124.000000000     1.804078435
  125.000000000     1.804078435
  126.000000000     1.804078435
  127.000000000     1.804078435
  128.000000000     1.804078435
  129.000000000     1.804078435
  130.000000000     1.804078435
  131.000000000     1.804078435
  132.000000000     1.804078435
  133.000000000     1.804078435
  134.000000000     1.804078435
  135.000000000     1.804078435
  136.000000000     1.804078435
  137.000000000     1.804078435
  138.000000000     1.804078435
  139.000000000     1.804078435
  140.000000000     1.804078435
  141.000000000     1.804078435
  142.000000000     1.804078435
  143.000000000     1.804078435
  144.000000000     1.804078435
  145.000000000     1.804078435
  146.000000000     1.804078435
  147.000000000     1.804078435
  148.000000000     1.804078435
  149.000000000     1.804078435
  150.000000000     1.804078435
  151.000000000     1.804078435
  152.000000000     1.804078435
  153.000000000     1.804078435
  154.000000000     1.804078435
  155.000000000     1.804078435
  156.000000000     1.804078435
  157.000000000     1.804078435
  158.000000000     1.804078435
  159.000000000     1.804078435
  160.000000000     1.804078435
  161.000000000     1.804078435
  162.000000000     1.804078435
  163.000000000     1.804078435
  164.000000000     1.804078435
  165.000000000     1.804078435
  166.000000000     1.804078435
  167.000000000     1.804078435
  168.000000000     1.804078435
  169.000000000     1.804078435
  170.000000000     1.804078435
  171.000000000     1.804078435
  172.000000000     1.804078435
  173.000000000     1.804078435
  174.000000000     1.804078435
  175.000000000     1.804078435
  176.000000000     1.804078435
  177.000000000     1.804078435
  178.000000000     1.804078435
  179.000000000     1.804078435
  180.000000000     1.804078435
  181.000000000     1.804078435
  182.000000000     1.804078435
  183.000000000     1.804078435
  184.000000000     1.804078435
  185.000000000     1.804078435
  186.000000000     1.804078435
  187.000000000     1.804078435
  188.000000000     1.804078435
  189.000000000     1.804078435
  190.000000000     1.804078435
  191.000000000     1.804078435
  192.000000000     1.804078435
  193.000000000     1.804078435
  194.000000000     1.804078435
  195.000000000     1.804078435
  196.000000000     1.804078435
  197.000000000     1.804078435
  198.000000000     1.804078435
  199.000000000     1.804078435
  200.000000000     1.804078435
  201.000000000     1.804078435
  202.000000000     1.804078435
  203.000000000     1.804078435
  204.000000000     1.804078435
  205.000000000     1.804078435
  206.000000000     1.804078435
  207.000000000     1.804078435
  208.000000000     1.804078435
  209.000000000     1.804078435
  210.000000000     1.804078435
  211.000000000     1.804078435
  212.000000000     1.804078435
  213.000000000     1.804078435
  214.000000000     1.804078435
  215.000000000     1.804078435
  216.000000000     1.804078435
  217.000000000     1.804078435
  218.000000000     1.804078435
  219.000000000     1.804078435
  220.000000000     1.804078435
  221.000000000     1.804078435
  222.000000000     1.804078435
  223.000000000     1.804078435
  224.000000000     1.804078435
  225.000000000     1.804078435
  226.000000000     1.804078435
  227.000000000     1.804078435
  228.000000000     1.804078435
  229.000000000     1.804078435
  230.000000000     1.804078435
  231.000000000     1.804078435
  232.000000000     1.804078435
  233.000000000     1.804078435
  234.000000000     1.804078435
  235.000000000     1.804078435
  236.000000000     1.804078435
  237.000000000     1.804078435
  238.000000000     1.804078435
  239.000000000     1.804078435
  240.000000000     1.804078435
  241.000000000     1.804078435
  242.000000000     1.804078435
  243.000000000     1.804078435
  244.000000000     1.804078435
  245.000000000     1.804078435
  246.000000000     1.804078435
  247.000000000     1.804078435
  248.000000000     1.804078435
  249.000000000     1.804078435
  250.000000000     1.804078435
  251.000000000     1.804078435
  252.000000000     1.804078435
  253.000000000     1.804078435
  254.000000000     1.804078435
  255.000000000     1.804078435
  256.000000000     1.804078435
  257.000000000     1.804078435
  258.000000000     1.804078435
  259.000000000     1.804078435
  260.000000000     1.804078435
  261.000000000     1.804078435
  262.000000000     1.804078435
  263.000000000     1.804078435
  264.000000000     1.804078435
  265.000000000     1.804078435
  266.000000000     1.804078435
  267.000000000     1.804078435
  268.000000000     1.804078435
  269.000000000     1.804078435
  270.000000000     1.804078435
  271.000000000     1.804078435
  272.000000000     1.804078435
  273.000000000     1.804078435
  274.000000000     1.804078435
  275.000000000     1.804078435
  276.000000000     1.804078435
  277.000000000     1.804078435
  278.000000000     1.804078435
  279.000000000     1.804078435
  280.000000000     1.804078435
  281.000000000     1.804078435
  282.000000000     1.804078435
  283.000000000     1.804078435
  284.000000000     1.804078435
  285.000000000     1.804078435
  286.000000000     1.804078435
  287.000000000     1.804078435
  288.000000000     1.804078435
  289.000000000     1.804078435
  290.000000000     1.804078435
  291.000000000     1.804078435
  292.000000000     1.804078435
  293.000000000     1.804078435
  294.000000000     1.804078435
  295.000000000     1.804078435
  296.000000000     1.804078435
  297.000000000     1.804078435
  298.000000000     1.804078435
  299.000000000     1.804078435
  300.000000000     1.804078435
  301.000000000     1.804078435
  302.000000000     1.804078435
  303.000000000     1.804078435
  304.000000000     1.804078435
  305.000000000     1.804078435
  306.000000000     1.804078435
  307.000000000     1.804078435
  308.000000000     1.804078435
  309.000000000     1.804078435
  310.000000000     1.804078435
  311.000000000     1.804078435
  312.000000000     1.804078435
  313.000000000     1.804078435
  314.000000000     1.804078435
  315.000000000     1.804078435
  316.000000000     1.804078435
  317.000000000     1.804078435
  318.000000000     1.804078435
  319.000000000     1.804078435
  320.000000000     1.804078435
  321.000000000     1.804078435
  322.000000000     1.804078435
  323.000000000     1.804078435
  324.000000000     1.804078435
  325.000000000     1.804078435
  326.000000000     1.804078435
  327.000000000     1.804078435
  328.000000000     1.804078435
  329.000000000     1.804078435
  330.000000000     1.804078435
  331.000000000     1.804078435
  332.000000000     1.804078435
  333.000000000     1.804078435
  334.000000000     1.804078435
  335.000000000     1.804078435
  336.000000000     1.804078435
  337.000000000     1.804078435
  338.000000000     1.804078435
  339.000000000     1.804078435
  340.000000000     1.804078435
  341.000000000     1.804078435
  342.000000000     1.804078435
  343.000000000     1.804078435
  344.000000000     1.804078435
  345.000000000     1.804078435
  346.000000000     1.804078435
  347.000000000     1.804078435
  348.000000000     1.804078435
  349.000000000     1.804078435
  350.000000000     1.804078435
  351.000000000     1.804078435
  352.000000000     1.804078435
  353.000000000     1.804078435
  354.000000000     1.804078435
  355.000000000     1.804078435
  356.000000000     1.804078435
  357.000000000     1.804078435
  358.000000000     1.804078435
  359.000000000     1.804078435
  360.000000000     1.804078435
  361.000000000     1.804078435
  362.000000000     1.804078435
  363.000000000     1.804078435
  364.000000000     1.804078435
  365.000000000     1.804078435
  366.000000000     1.804078435
  367.000000000     1.804078435
  368.000000000     1.804078435
  369.000000000     1.804078435
  370.000000000     1.804078435
  371.000000000     1.804078435
  372.000000000     1.804078435
  373.000000000     1.804078435
  374.000000000     1.804078435
  375.000000000     1.804078435
  376.000000000     1.804078435
  377.000000000     1.804078435
  378.000000000     1.804078435
  379.000000000     1.804078435
  380.000000000     1.804078435
  381.000000000     1.804078435
  382.000000000     1.804078435
  383.000000000     1.804078435
  384.000000000     1.804078435
  385.000000000     1.804078435
  386.000000000     1.804078435
  387.000000000     1.804078435
  388.000000000     1.804078435
  389.000000000     1.804078435
  390.000000000     1.804078435
  391.000000000     1.804078435
  392.000000000     1.804078435
  393.000000000     1.804078435
  394.000000000     1.804078435
  395.000000000     1.804078435
  396.000000000     1.804078435
  397.000000000     1.804078435
  398.000000000     1.804078435
  399.000000000     1.804078435
  400.000000000     1.804078435
  401.000000000     1.804078435
  402.000000000     1.804078435
  403.000000000     1.804078435
  404.000000000     1.804078435
  405.000000000     1.804078435
  406.000000000     1.804078435
  407.000000000     1.804078435
  408.000000000     1.804078435
  409.000000000     1.804078435
  410.000000000     1.804078435
  411.000000000     1.804078435
  412.000000000     1.804078435
  413.000000000     1.804078435
  414.000000000     1.804078435
  415.000000000     1.804078435
  416.000000000     1.804078435
  417.000000000     1.804078435
  418.000000000     1.804078435
  419.000000000     1.804078435
  420.000000000     1.804078435
  421.000000000     1.804078435
  422.000000000     1.804078435
  423.000000000     1.804078435
  424.000000000     1.804078435
  425.000000000     1.804078435
  426.000000000     1.804078435
  427.000000000     1.804078435
  428.000000000     1.804078435
  429.000000000     1.804078435
  430.000000000     1.804078435
  431.000000000     1.804078435
  432.000000000     1.804078435
  433.000000000     1.804078435
  434.000000000     1.804078435
  435.000000000     1.804078435
  436.000000000     1.804078435
  437.000000000     1.804078435
  438.000000000     1.804078435
  439.000000000     1.804078435
  440.000000000     1.804078435
  441.000000000     1.804078435
  442.000000000     1.804078435
  443.000000000     1.804078435
  444.000000000     1.804078435
  445.000000000     1.804078435
  446.000000000     1.804078435
  447.000000000     1.804078435
  448.000000000     1.804078435
  449.000000000     1.804078435
  450.000000000     1.804078435
  451.000000000     1.804078435
  452.000000000     1.804078435
  453.000000000     1.804078435
  454.000000000     1.804078435
  455.000000000     1.804078435
  456.000000000     1.804078435
  457.000000000     1.804078435
  458.000000000     1.804078435
  459.000000000     1.804078435
  460.000000000     1.804078435
  461.000000000     1.804078435
  462.000000000     1.804078435
  463.000000000     1.804078435
  464.000000000     1.804078435
  465.000000000     1.804078435
  466.000000000     1.804078435
  467.000000000     1.804078435
  468.000000000     1.804078435
  469.000000000     1.804078435
  470.000000000     1.804078435
  471.000000000     1.804078435
  472.000000000     1.804078435
  473.000000000     1.804078435
  474.000000000     1.804078435
  475.000000000     1.804078435
  476.000000000     1.804078435
  477.000000000     1.804078435
  478.000000000     1.804078435
  479.000000000     1.804078435
  480.000000000     1.804078435
  481.000000000     1.804078435
  482.000000000     1.804078435
  483.000000000     1.804078435
  484.000000000     1.804078435
  485.000000000     1.804078435
  486.000000000     1.804078435
  487.000000000     1.804078435
  488.000000000     1.804078435
  489.000000000     1.804078435
  490.000000000     1.804078435
  491.000000000     1.804078435
  492.000000000     1.804078435
  493.000000000     1.804078435
  494.000000000     1.804078435
  495.000000000     1.804078435
  496.000000000     1.804078435
  497.000000000     1.804078435
  498.000000000     1.804078435
  499.000000000     1.804078435
